##YUNITS=%T
399.264912 95.047945 
401.193728 87.710841 
403.122544 110.080342 
405.051360 130.009134 
406.980176 75.855659 
408.908992 61.670959 
410.837808 53.640313 
412.766624 66.100599 
414.695440 81.883835 
416.624256 49.622880 
418.553072 54.162723 
420.481888 97.744134 
422.410704 162.774461 
424.339520 201.894175 
426.268336 250.433380 
428.197152 175.482651 
430.125968 120.316054 
432.054784 121.232995 
433.983600 87.302877 
435.912416 110.449547 
437.841232 115.477149 
439.770048 111.130270 
441.698864 100.249428 
443.627680 144.769541 
445.556496 116.247478 
447.485312 73.496449 
449.414128 81.423190 
451.342944 141.405643 
453.271760 196.106773 
455.200576 191.878519 
457.129392 100.437447 
459.058208 84.592107 
460.987024 87.209730 
462.915840 81.080052 
464.844656 90.751171 
466.773472 82.378639 
468.702288 86.766728 
470.631104 95.048418 
472.559920 91.182755 
474.488736 92.507965 
476.417552 85.989443 
478.346368 91.551983 
480.275184 102.088265 
482.204000 95.629320 
484.132816 95.284264 
486.061632 98.977604 
487.990448 126.117374 
489.919264 110.759058 
491.848080 106.457755 
493.776896 141.914814 
495.705712 139.352552 
497.634528 117.584428 
499.563344 131.451178 
501.492160 98.824145 
503.420976 101.373452 
505.349792 144.501936 
507.278608 130.867818 
509.207424 116.301624 
511.136240 134.795749 
513.065056 110.172590 
514.993872 97.701649 
516.922688 112.893015 
518.851504 103.965943 
520.780320 71.764253 
522.709136 68.793275 
524.637952 71.721721 
526.566768 98.231036 
528.495584 122.893674 
530.424400 115.853360 
532.353216 101.917699 
534.282032 86.756729 
536.210848 76.264864 
538.139664 68.641492 
540.068480 72.496587 
541.997296 94.144402 
543.926112 130.158534 
545.854928 93.384543 
547.783744 62.802231 
549.712560 64.044288 
551.641376 70.008257 
553.570192 86.794894 
555.499008 85.195536 
557.427824 77.986180 
559.356640 65.417926 
561.285456 64.969110 
563.214272 77.557330 
565.143088 85.133705 
567.071904 72.667696 
569.000720 77.995529 
570.929536 95.302898 
572.858352 95.156251 
574.787168 81.461593 
576.715984 73.993821 
578.644800 71.646440 
580.573616 73.953368 
582.502432 79.079073 
584.431248 81.111592 
586.360064 79.429618 
588.288880 77.119456 
590.217696 75.069699 
592.146512 74.367842 
594.075328 74.625280 
596.004144 73.092472 
597.932960 72.129198 
599.861776 71.923467 
601.790592 72.773404 
603.719408 70.528753 
605.648224 70.733328 
607.577040 71.173017 
609.505856 71.772101 
611.434672 70.842671 
613.363488 70.327137 
615.292304 71.159377 
617.221120 69.003875 
619.149936 67.836202 
621.078752 66.805635 
623.007568 64.518696 
624.936384 62.947650 
626.865200 65.695805 
628.794016 67.288910 
630.722832 67.844617 
632.651648 67.236699 
634.580464 65.077348 
636.509280 60.143859 
638.438096 55.706567 
640.366912 54.194992 
642.295728 60.494024 
644.224544 65.582916 
646.153360 66.443134 
648.082176 67.621063 
650.010992 66.702471 
651.939808 66.916154 
653.868624 66.391468 
655.797440 64.264638 
657.726256 62.270023 
659.655072 61.582041 
661.583888 62.253172 
663.512704 63.438927 
665.441520 63.650964 
667.370336 64.240912 
669.299152 64.027489 
671.227968 63.160388 
673.156784 62.895400 
675.085600 62.589308 
677.014416 62.163159 
678.943232 61.618757 
680.872048 60.949104 
682.800864 60.002920 
684.729680 58.848075 
686.658496 57.400817 
688.587312 55.066663 
690.516128 52.164159 
692.444944 49.301669 
694.373760 48.430352 
696.302576 49.950369 
698.231392 50.574156 
700.160208 48.788125 
702.089024 47.498659 
704.017840 47.505942 
705.946656 50.996648 
707.875472 56.988162 
709.804288 60.711263 
711.733104 61.690914 
713.661920 61.812237 
715.590736 61.461126 
717.519552 60.720213 
719.448368 59.949191 
721.377184 59.148767 
723.306000 58.218019 
725.234816 57.413289 
727.163632 56.355884 
729.092448 55.029279 
731.021264 53.384907 
732.950080 51.338271 
734.878896 48.949629 
736.807712 46.060714 
738.736528 42.335990 
740.665344 37.540510 
742.594160 32.371303 
744.522976 29.330917 
746.451792 29.884797 
748.380608 32.190384 
750.309424 32.366950 
752.238240 30.232767 
754.167056 31.093424 
756.095872 33.165613 
758.024688 31.928930 
759.953504 32.070857 
761.882320 37.465580 
763.811136 44.122534 
765.739952 47.920600 
767.668768 50.733119 
769.597584 53.744050 
771.526400 55.439988 
773.455216 54.722059 
775.384032 52.375747 
777.312848 48.958563 
779.241664 45.075721 
781.170480 40.831853 
783.099296 36.296634 
785.028112 33.129524 
786.956928 35.052693 
788.885744 41.951844 
790.814560 48.182232 
792.743376 52.085682 
794.672192 53.870485 
796.601008 54.344830 
798.529824 56.253388 
800.458640 57.360062 
802.387456 57.473250 
804.316272 57.623764 
806.245088 56.906601 
808.173904 54.755612 
810.102720 50.975973 
812.031536 46.483663 
813.960352 42.745069 
815.889168 40.969017 
817.817984 42.048336 
819.746800 45.386371 
821.675616 48.632749 
823.604432 48.991039 
825.533248 49.457917 
827.462064 55.956822 
829.390880 64.650232 
831.319696 68.881693 
833.248512 69.387571 
835.177328 68.554833 
837.106144 67.067324 
839.034960 65.164482 
840.963776 62.701584 
842.892592 59.763796 
844.821408 57.166273 
846.750224 55.854449 
848.679040 56.027960 
850.607856 57.548574 
852.536672 60.124870 
854.465488 62.799937 
856.394304 64.730256 
858.323120 65.930598 
860.251936 66.364642 
862.180752 65.730345 
864.109568 63.536575 
866.038384 60.033778 
867.967200 58.381877 
869.896016 59.439942 
871.824832 59.679268 
873.753648 58.384539 
875.682464 58.311279 
877.611280 61.296556 
879.540096 65.142345 
881.468912 66.285471 
883.397728 65.024104 
885.326544 63.285369 
887.255360 62.613811 
889.184176 63.045155 
891.112992 63.425965 
893.041808 63.523174 
894.970624 63.185794 
896.899440 61.726433 
898.828256 59.328061 
900.757072 56.225248 
902.685888 53.047275 
904.614704 51.841400 
906.543520 53.821645 
908.472336 57.572981 
910.401152 60.891101 
912.329968 62.800877 
914.258784 63.683060 
916.187600 63.990480 
918.116416 63.835407 
920.045232 63.228661 
921.974048 62.324152 
923.902864 61.295040 
925.831680 60.152345 
927.760496 58.741560 
929.689312 56.944006 
931.618128 54.688106 
933.546944 51.864642 
935.475760 48.376390 
937.404576 44.468593 
939.333392 41.768571 
941.262208 42.025405 
943.191024 44.239168 
945.119840 45.204003 
947.048656 43.586819 
948.977472 40.228345 
950.906288 38.098560 
952.835104 38.526990 
954.763920 39.138586 
956.692736 39.106386 
958.621552 39.423252 
960.550368 40.110004 
962.479184 40.751354 
964.408000 41.718432 
966.336816 44.687994 
968.265632 50.102038 
970.194448 55.638294 
972.123264 59.009311 
974.052080 60.236007 
975.980896 61.388511 
977.909712 63.217088 
979.838528 64.125738 
981.767344 63.705054 
983.696160 62.714986 
985.624976 61.549232 
987.553792 59.878659 
989.482608 57.633476 
991.411424 54.899768 
993.340240 51.729234 
995.269056 48.011200 
997.197872 43.712090 
999.126688 38.912141 
1001.055504 33.856149 
1002.984320 29.311838 
1004.913136 26.962611 
1006.841952 28.054648 
1008.770768 32.143135 
1010.699584 37.908818 
1012.628400 44.291058 
1014.557216 49.763434 
1016.486032 52.739869 
1018.414848 52.629096 
1020.343664 50.261143 
1022.272480 47.541284 
1024.201296 46.897685 
1026.130112 47.668494 
1028.058928 48.270753 
1029.987744 49.568023 
1031.916560 50.872839 
1033.845376 51.215180 
1035.774192 50.767902 
1037.703008 50.418858 
1039.631824 50.731667 
1041.560640 52.017555 
1043.489456 53.401197 
1045.418272 52.948237 
1047.347088 49.819233 
1049.275904 44.701619 
1051.204720 40.692706 
1053.133536 39.937221 
1055.062352 40.048703 
1056.991168 39.953441 
1058.919984 41.388142 
1060.848800 43.617362 
1062.777616 44.913283 
1064.706432 44.878300 
1066.635248 44.025670 
1068.564064 43.094888 
1070.492880 42.985439 
1072.421696 44.328138 
1074.350512 47.318934 
1076.279328 50.816468 
1078.208144 53.627045 
1080.136960 54.747709 
1082.065776 53.495151 
1083.994592 51.984337 
1085.923408 54.773800 
1087.852224 60.789758 
1089.781040 65.382815 
1091.709856 67.188404 
1093.638672 67.070380 
1095.567488 65.474577 
1097.496304 62.637323 
1099.425120 58.943346 
1101.353936 55.016243 
1103.282752 51.487338 
1105.211568 48.929524 
1107.140384 47.665206 
1109.069200 47.716008 
1110.998016 48.576293 
1112.926832 50.020048 
1114.855648 53.345663 
1116.784464 59.680279 
1118.713280 66.702661 
1120.642096 71.615278 
1122.570912 74.060924 
1124.499728 74.997532 
1126.428544 74.921920 
1128.357360 74.328891 
1130.286176 73.699082 
1132.214992 73.338536 
1134.143808 72.961278 
1136.072624 72.575316 
1138.001440 71.537467 
1139.930256 69.797904 
1141.859072 67.240447 
1143.787888 63.692269 
1145.716704 59.017042 
1147.645520 54.227047 
1149.574336 50.870322 
1151.503152 50.730483 
1153.431968 54.403905 
1155.360784 59.414081 
1157.289600 62.838997 
1159.218416 64.543958 
1161.147232 65.582064 
1163.076048 66.521637 
1165.004864 66.815742 
1166.933680 66.460974 
1168.862496 66.151874 
1170.791312 66.246162 
1172.720128 66.293082 
1174.648944 66.233790 
1176.577760 65.871472 
1178.506576 65.182431 
1180.435392 64.135724 
1182.364208 62.892189 
1184.293024 61.389668 
1186.221840 59.503329 
1188.150656 57.172805 
1190.079472 54.506670 
1192.008288 51.379342 
1193.937104 48.026071 
1195.865920 45.118914 
1197.794736 43.788825 
1199.723552 44.071054 
1201.652368 44.319956 
1203.581184 43.348639 
1205.510000 42.652323 
1207.438816 43.820376 
1209.367632 46.448020 
1211.296448 49.075266 
1213.225264 50.337657 
1215.154080 49.608424 
1217.082896 47.327775 
1219.011712 44.802508 
1220.940528 43.029398 
1222.869344 41.249202 
1224.798160 39.593440 
1226.726976 40.182779 
1228.655792 44.013436 
1230.584608 49.112359 
1232.513424 53.410050 
1234.442240 56.869599 
1236.371056 59.862923 
1238.299872 61.953569 
1240.228688 63.215591 
1242.157504 63.761827 
1244.086320 63.760236 
1246.015136 63.139942 
1247.943952 61.843026 
1249.872768 59.753871 
1251.801584 56.890836 
1253.730400 53.157337 
1255.659216 48.609197 
1257.588032 44.364146 
1259.516848 43.106554 
1261.445664 45.535012 
1263.374480 48.484760 
1265.303296 49.161643 
1267.232112 47.537367 
1269.160928 44.591427 
1271.089744 41.196921 
1273.018560 37.936319 
1274.947376 35.013134 
1276.876192 32.135478 
1278.805008 29.291328 
1280.733824 26.641309 
1282.662640 24.929588 
1284.591456 24.892429 
1286.520272 26.687246 
1288.449088 29.839704 
1290.377904 34.275520 
1292.306720 39.796850 
1294.235536 45.500457 
1296.164352 50.697828 
1298.093168 54.927784 
1300.021984 57.605495 
1301.950800 59.887148 
1303.879616 62.459111 
1305.808432 63.990516 
1307.737248 63.543253 
1309.666064 61.792592 
1311.594880 59.663040 
1313.523696 56.804372 
1315.452512 53.833358 
1317.381328 53.512733 
1319.310144 57.501812 
1321.238960 62.896562 
1323.167776 66.859837 
1325.096592 69.398786 
1327.025408 70.845669 
1328.954224 71.654253 
1330.883040 72.153411 
1332.811856 72.387254 
1334.740672 72.292306 
1336.669488 71.879786 
1338.598304 71.127566 
1340.527120 69.968110 
1342.455936 68.782043 
1344.384752 67.571103 
1346.313568 66.198752 
1348.242384 64.397097 
1350.171200 61.736917 
1352.100016 58.285573 
1354.028832 55.029861 
1355.957648 53.222203 
1357.886464 53.009257 
1359.815280 53.276884 
1361.744096 52.668569 
1363.672912 49.831705 
1365.601728 47.079213 
1367.530544 45.585306 
1369.459360 44.337241 
1371.388176 42.315094 
1373.316992 39.541140 
1375.245808 37.222989 
1377.174624 39.540135 
1379.103440 47.506445 
1381.032256 56.845431 
1382.961072 62.386442 
1384.889888 63.176930 
1386.818704 60.439591 
1388.747520 55.523877 
1390.676336 51.370580 
1392.605152 47.681772 
1394.533968 43.838638 
1396.462784 40.494330 
1398.391600 39.614548 
1400.320416 40.795995 
1402.249232 43.861352 
1404.178048 49.136421 
1406.106864 55.662202 
1408.035680 60.063522 
1409.964496 62.564899 
1411.893312 63.327040 
1413.822128 63.197196 
1415.750944 63.043882 
1417.679760 63.133547 
1419.608576 63.035645 
1421.537392 62.444804 
1423.466208 61.593476 
1425.395024 60.657812 
1427.323840 59.870049 
1429.252656 58.778223 
1431.181472 57.033335 
1433.110288 54.978571 
1435.039104 52.875380 
1436.967920 49.107408 
1438.896736 44.592864 
1440.825552 40.247862 
1442.754368 36.754661 
1444.683184 36.595817 
1446.612000 40.687152 
1448.540816 48.827482 
1450.469632 54.722422 
1452.398448 56.841032 
1454.327264 55.237746 
1456.256080 49.634464 
1458.184896 38.713843 
1460.113712 32.825639 
1462.042528 30.252796 
1463.971344 30.980177 
1465.900160 39.064901 
1467.828976 50.199871 
1469.757792 60.338924 
1471.686608 64.837153 
1473.615424 61.235327 
1475.544240 57.682136 
1477.473056 57.151534 
1479.401872 56.986806 
1481.330688 54.377578 
1483.259504 50.107831 
1485.188320 47.856773 
1487.117136 52.224669 
1489.045952 61.463015 
1490.974768 68.725080 
1492.903584 70.473354 
1494.832400 70.386996 
1496.761216 69.294094 
1498.690032 67.584144 
1500.618848 65.718883 
1502.547664 64.010423 
1504.476480 62.660402 
1506.405296 62.974369 
1508.334112 65.239629 
1510.262928 66.708834 
1512.191744 68.115641 
1514.120560 69.194443 
1516.049376 69.443236 
1517.978192 69.449208 
1519.907008 68.786408 
1521.835824 66.889218 
1523.764640 64.737687 
1525.693456 62.163615 
1527.622272 58.342682 
1529.551088 54.619833 
1531.479904 51.508335 
1533.408720 47.558822 
1535.337536 45.439386 
1537.266352 45.273644 
1539.195168 46.989329 
1541.123984 50.092918 
1543.052800 51.448910 
1544.981616 52.047610 
1546.910432 51.954620 
1548.839248 50.865525 
1550.768064 48.496610 
1552.696880 46.163783 
1554.625696 43.072217 
1556.554512 40.835865 
1558.483328 40.921932 
1560.412144 41.184196 
1562.340960 42.646349 
1564.269776 46.185266 
1566.198592 51.165855 
1568.127408 54.435266 
1570.056224 55.991091 
1571.985040 54.674514 
1573.913856 52.751085 
1575.842672 50.339282 
1577.771488 48.297396 
1579.700304 47.123307 
1581.629120 45.002234 
1583.557936 42.223911 
1585.486752 40.544347 
1587.415568 41.051562 
1589.344384 42.861998 
1591.273200 45.299012 
1593.202016 48.798965 
1595.130832 53.239369 
1597.059648 55.239310 
1598.988464 52.728860 
1600.917280 47.374977 
1602.846096 42.386128 
1604.774912 40.614311 
1606.703728 42.300168 
1608.632544 46.376017 
1610.561360 51.422316 
1612.490176 55.796704 
1614.418992 58.646576 
1616.347808 59.945558 
1618.276624 59.577420 
1620.205440 59.235718 
1622.134256 59.569450 
1624.063072 60.136124 
1625.991888 59.384664 
1627.920704 56.608857 
1629.849520 52.618796 
1631.778336 48.750079 
1633.707152 45.183428 
1635.635968 40.367677 
1637.564784 36.548183 
1639.493600 34.855592 
1641.422416 34.006527 
1643.351232 33.935516 
1645.280048 34.747455 
1647.208864 37.069014 
1649.137680 39.249603 
1651.066496 41.200772 
1652.995312 50.761861 
1654.924128 61.826721 
1656.852944 66.862829 
1658.781760 73.018870 
1660.710576 78.279609 
1662.639392 82.975227 
1664.568208 85.826923 
1666.497024 87.085221 
1668.425840 88.004250 
1670.354656 89.166815 
1672.283472 89.568501 
1674.212288 90.009516 
1676.141104 90.387275 
1678.069920 90.558489 
1679.998736 90.521493 
1681.927552 90.551042 
1683.856368 90.518177 
1685.785184 90.847766 
1687.714000 90.549525 
1689.642816 90.352455 
1691.571632 90.080823 
1693.500448 89.867991 
1695.429264 89.715889 
1697.358080 89.809792 
1699.286896 89.684686 
1701.215712 90.128917 
1703.144528 89.969649 
1705.073344 90.018240 
1707.002160 90.116127 
1708.930976 90.124154 
1710.859792 89.947615 
1712.788608 89.842470 
1714.717424 89.663099 
1716.646240 89.760489 
1718.575056 90.046476 
1720.503872 90.063523 
1722.432688 89.915964 
1724.361504 89.950475 
1726.290320 89.876900 
1728.219136 89.768388 
1730.147952 89.600351 
1732.076768 89.422229 
1734.005584 89.401237 
1735.934400 89.533275 
1737.863216 89.208060 
1739.792032 89.097655 
1741.720848 88.922231 
1743.649664 88.810298 
1745.578480 88.615963 
1747.507296 88.435769 
1749.436112 88.347700 
1751.364928 88.509254 
1753.293744 88.393156 
1755.222560 88.189424 
1757.151376 88.098863 
1759.080192 88.095090 
1761.009008 88.058431 
1762.937824 88.260043 
1764.866640 88.187839 
1766.795456 88.084112 
1768.724272 87.987194 
1770.653088 87.813658 
1772.581904 87.802044 
1774.510720 87.829988 
1776.439536 87.643695 
1778.368352 87.503371 
1780.297168 87.424850 
1782.225984 87.460714 
1784.154800 87.402649 
1786.083616 87.522295 
1788.012432 87.466958 
1789.941248 87.276331 
1791.870064 87.245770 
1793.798880 87.415463 
1795.727696 87.253338 
1797.656512 87.159546 
1799.585328 87.023155 
1801.514144 87.018291 
1803.442960 86.928010 
1805.371776 86.835915 
1807.300592 86.641725 
1809.229408 86.455793 
1811.158224 86.281112 
1813.087040 86.336286 
1815.015856 86.304148 
1816.944672 86.245017 
1818.873488 86.121255 
1820.802304 86.071122 
1822.731120 85.918283 
1824.659936 85.945152 
1826.588752 85.878723 
1828.517568 85.684840 
1830.446384 85.719148 
1832.375200 85.762917 
1834.304016 85.543786 
1836.232832 85.391037 
1838.161648 85.240882 
1840.090464 85.085018 
1842.019280 84.698026 
1843.948096 84.582418 
1845.876912 84.706377 
1847.805728 84.919733 
1849.734544 85.152166 
1851.663360 85.340978 
1853.592176 85.439978 
1855.520992 85.567377 
1857.449808 85.659772 
1859.378624 85.788947 
1861.307440 85.887054 
1863.236256 86.019246 
1865.165072 85.841985 
1867.093888 85.669612 
1869.022704 85.737184 
1870.951520 85.742723 
1872.880336 85.519908 
1874.809152 85.424048 
1876.737968 85.300706 
1878.666784 85.237080 
1880.595600 85.145288 
1882.524416 85.048948 
1884.453232 84.868061 
1886.382048 84.729001 
1888.310864 84.516356 
1890.239680 84.627841 
1892.168496 84.671624 
1894.097312 84.702039 
1896.026128 84.709150 
1897.954944 84.651946 
1899.883760 84.491779 
1901.812576 84.485304 
1903.741392 84.375724 
1905.670208 84.286739 
1907.599024 84.091993 
1909.527840 83.966740 
1911.456656 83.759328 
1913.385472 83.561917 
1915.314288 83.233221 
1917.243104 83.061862 
1919.171920 82.872379 
1921.100736 82.658380 
1923.029552 82.658489 
1924.958368 82.808251 
1926.887184 82.831328 
1928.816000 82.999120 
1930.744816 83.048892 
1932.673632 83.108388 
1934.602448 83.115948 
1936.531264 83.117532 
1938.460080 82.931439 
1940.388896 82.793668 
1942.317712 82.693074 
1944.246528 82.519584 
1946.175344 82.006740 
1948.104160 81.743961 
1950.032976 81.923128 
1951.961792 82.324015 
1953.890608 82.670950 
1955.819424 83.183061 
1957.748240 83.318074 
1959.677056 83.239131 
1961.605872 83.031278 
1963.534688 82.966684 
1965.463504 82.829803 
1967.392320 83.039269 
1969.321136 82.995333 
1971.249952 82.821394 
1973.178768 82.691692 
1975.107584 82.707627 
1977.036400 82.410644 
1978.965216 82.227429 
1980.894032 82.160085 
1982.822848 82.279837 
1984.751664 82.193242 
1986.680480 82.295017 
1988.609296 82.401754 
1990.538112 82.377809 
1992.466928 82.295896 
1994.395744 82.361544 
1996.324560 82.192581 
1998.253376 82.207322 
2000.182192 82.219613 
2002.111008 82.340338 
2004.039824 82.320351 
2005.968640 82.362528 
2007.897456 82.002517 
2009.826272 82.069736 
2011.755088 82.018468 
2013.683904 81.926136 
2015.612720 81.922623 
2017.541536 82.162382 
2019.470352 82.228212 
2021.399168 82.405359 
2023.327984 82.343452 
2025.256800 82.319675 
2027.185616 82.189399 
2029.114432 82.345724 
2031.043248 82.340775 
2032.972064 82.218549 
2034.900880 81.895469 
2036.829696 81.884597 
2038.758512 81.944532 
2040.687328 82.077221 
2042.616144 82.087601 
2044.544960 82.217339 
2046.473776 82.188550 
2048.402592 82.020810 
2050.331408 81.799055 
2052.260224 82.036910 
2054.189040 82.131472 
2056.117856 82.148832 
2058.046672 82.165508 
2059.975488 82.248449 
2061.904304 82.174280 
2063.833120 82.139718 
2065.761936 82.028477 
2067.690752 81.963240 
2069.619568 81.910595 
2071.548384 81.934734 
2073.477200 81.982753 
2075.406016 82.064808 
2077.334832 82.049563 
2079.263648 82.073252 
2081.192464 82.131135 
2083.121280 82.285840 
2085.050096 82.342225 
2086.978912 82.432405 
2088.907728 82.466219 
2090.836544 82.557813 
2092.765360 82.667280 
2094.694176 82.665864 
2096.622992 82.504156 
2098.551808 82.440229 
2100.480624 82.401408 
2102.409440 82.487770 
2104.338256 82.489395 
2106.267072 82.503042 
2108.195888 82.482028 
2110.124704 82.485549 
2112.053520 82.397899 
2113.982336 82.345232 
2115.911152 82.306310 
2117.839968 82.388285 
2119.768784 82.453450 
2121.697600 82.564248 
2123.626416 82.588667 
2125.555232 82.577819 
2127.484048 82.564200 
2129.412864 82.701164 
2131.341680 82.751642 
2133.270496 82.569493 
2135.199312 82.275174 
2137.128128 82.329750 
2139.056944 82.348435 
2140.985760 82.271244 
2142.914576 82.087860 
2144.843392 82.046507 
2146.772208 81.971447 
2148.701024 82.063567 
2150.629840 82.168931 
2152.558656 82.302645 
2154.487472 82.395495 
2156.416288 82.677930 
2158.345104 82.161899 
2160.273920 81.244693 
2162.202736 80.821123 
2164.131552 80.808883 
2166.060368 80.796047 
2167.989184 80.890394 
2169.918000 80.924295 
2171.846816 80.997796 
2173.775632 80.983355 
2175.704448 80.910474 
2177.633264 80.768086 
2179.562080 80.859074 
2181.490896 80.789404 
2183.419712 80.752564 
2185.348528 80.682781 
2187.277344 80.808133 
2189.206160 80.876576 
2191.134976 80.862591 
2193.063792 80.803556 
2194.992608 80.810187 
2196.921424 80.786822 
2198.850240 80.989804 
2200.779056 81.024952 
2202.707872 81.016476 
2204.636688 80.988876 
2206.565504 80.944903 
2208.494320 80.925142 
2210.423136 80.985768 
2212.351952 80.961007 
2214.280768 81.088494 
2216.209584 81.167660 
2218.138400 81.233839 
2220.067216 81.245375 
2221.996032 81.295753 
2223.924848 81.233012 
2225.853664 81.210489 
2227.782480 81.168566 
2229.711296 81.233154 
2231.640112 81.206991 
2233.568928 81.264471 
2235.497744 81.353851 
2237.426560 81.389471 
2239.355376 81.341241 
2241.284192 81.336806 
2243.213008 81.261928 
2245.141824 81.244178 
2247.070640 81.234092 
2248.999456 81.340071 
2250.928272 81.316853 
2252.857088 81.303617 
2254.785904 81.211243 
2256.714720 81.065632 
2258.643536 80.947427 
2260.572352 80.914353 
2262.501168 80.931223 
2264.429984 80.965647 
2266.358800 80.947991 
2268.287616 81.050948 
2270.216432 81.205140 
2272.145248 81.289852 
2274.074064 81.230238 
2276.002880 81.274856 
2277.931696 81.359675 
2279.860512 81.425347 
2281.789328 81.470587 
2283.718144 81.527832 
2285.646960 81.582859 
2287.575776 81.716097 
2289.504592 81.755676 
2291.433408 81.853142 
2293.362224 81.932200 
2295.291040 82.013121 
2297.219856 82.056345 
2299.148672 82.071438 
2301.077488 82.114118 
2303.006304 82.186920 
2304.935120 82.143401 
2306.863936 82.102563 
2308.792752 82.033171 
2310.721568 82.052870 
2312.650384 82.163643 
2314.579200 82.295961 
2316.508016 82.329128 
2318.436832 82.357912 
2320.365648 82.305661 
2322.294464 82.201866 
2324.223280 82.285972 
2326.152096 82.709989 
2328.080912 82.958584 
2330.009728 83.026559 
2331.938544 83.000049 
2333.867360 83.041330 
2335.796176 83.039790 
2337.724992 82.966269 
2339.653808 82.798885 
2341.582624 82.706939 
2343.511440 82.674701 
2345.440256 82.910046 
2347.369072 83.091702 
2349.297888 83.065135 
2351.226704 82.883652 
2353.155520 82.882403 
2355.084336 82.902218 
2357.013152 82.852894 
2358.941968 82.763059 
2360.870784 82.820148 
2362.799600 82.696404 
2364.728416 82.656319 
2366.657232 82.638574 
2368.586048 82.637449 
2370.514864 82.556696 
2372.443680 82.522620 
2374.372496 82.530933 
2376.301312 82.503127 
2378.230128 82.384060 
2380.158944 82.333798 
2382.087760 82.312828 
2384.016576 82.318042 
2385.945392 82.290628 
2387.874208 82.271567 
2389.803024 82.233994 
2391.731840 82.213765 
2393.660656 82.172008 
2395.589472 82.131866 
2397.518288 82.033942 
2399.447104 81.986119 
2401.375920 81.929788 
2403.304736 81.932809 
2405.233552 81.896656 
2407.162368 81.843280 
2409.091184 81.785671 
2411.020000 81.723216 
2412.948816 81.604667 
2414.877632 81.501064 
2416.806448 81.465330 
2418.735264 81.456683 
2420.664080 81.430214 
2422.592896 81.453804 
2424.521712 81.461624 
2426.450528 81.482538 
2428.379344 81.501006 
2430.308160 81.527635 
2432.236976 81.528318 
2434.165792 81.542282 
2436.094608 81.481881 
2438.023424 81.451939 
2439.952240 81.475671 
2441.881056 81.546093 
2443.809872 81.574370 
2445.738688 81.595220 
2447.667504 81.572835 
2449.596320 81.523565 
2451.525136 81.465600 
2453.453952 81.435747 
2455.382768 81.381854 
2457.311584 81.390571 
2459.240400 81.408936 
2461.169216 81.410967 
2463.098032 81.394338 
2465.026848 81.484927 
2466.955664 81.496228 
2468.884480 81.465670 
2470.813296 81.426224 
2472.742112 81.443628 
2474.670928 81.434906 
2476.599744 81.483792 
2478.528560 81.555743 
2480.457376 81.510972 
2482.386192 81.415486 
2484.315008 81.442917 
2486.243824 81.447996 
2488.172640 81.417727 
2490.101456 81.368433 
2492.030272 81.384792 
2493.959088 81.400234 
2495.887904 81.377808 
2497.816720 81.386396 
2499.745536 81.435816 
2501.674352 81.363087 
2503.603168 81.300932 
2505.531984 81.264949 
2507.460800 81.259583 
2509.389616 81.228515 
2511.318432 81.237921 
2513.247248 81.248883 
2515.176064 81.224673 
2517.104880 81.149576 
2519.033696 81.134068 
2520.962512 81.046386 
2522.891328 80.977819 
2524.820144 80.899163 
2526.748960 80.851509 
2528.677776 80.834969 
2530.606592 80.840441 
2532.535408 80.866042 
2534.464224 80.867876 
2536.393040 80.815632 
2538.321856 80.809427 
2540.250672 80.754281 
2542.179488 80.726211 
2544.108304 80.769524 
2546.037120 80.821458 
2547.965936 80.815779 
2549.894752 80.839969 
2551.823568 80.887299 
2553.752384 80.904970 
2555.681200 80.860864 
2557.610016 80.823529 
2559.538832 80.765478 
2561.467648 80.729883 
2563.396464 80.706194 
2565.325280 80.719755 
2567.254096 80.678674 
2569.182912 80.696604 
2571.111728 80.734291 
2573.040544 80.689221 
2574.969360 80.621256 
2576.898176 80.607466 
2578.826992 80.584475 
2580.755808 80.589204 
2582.684624 80.575851 
2584.613440 80.594266 
2586.542256 80.633020 
2588.471072 80.694411 
2590.399888 80.696639 
2592.328704 80.700986 
2594.257520 80.723983 
2596.186336 80.759684 
2598.115152 80.753781 
2600.043968 80.771649 
2601.972784 80.792482 
2603.901600 80.855579 
2605.830416 80.872321 
2607.759232 80.850730 
2609.688048 80.801896 
2611.616864 80.801711 
2613.545680 80.776246 
2615.474496 80.737705 
2617.403312 80.753406 
2619.332128 80.805070 
2621.260944 80.844677 
2623.189760 80.909153 
2625.118576 80.919344 
2627.047392 80.938028 
2628.976208 80.966072 
2630.905024 81.008751 
2632.833840 81.026675 
2634.762656 81.043113 
2636.691472 81.091522 
2638.620288 81.184685 
2640.549104 81.278190 
2642.477920 81.356805 
2644.406736 81.380137 
2646.335552 81.407346 
2648.264368 81.423173 
2650.193184 81.458905 
2652.122000 81.495177 
2654.050816 81.508750 
2655.979632 81.518543 
2657.908448 81.534709 
2659.837264 81.544629 
2661.766080 81.582390 
2663.694896 81.621986 
2665.623712 81.623899 
2667.552528 81.585438 
2669.481344 81.531308 
2671.410160 81.454085 
2673.338976 81.390086 
2675.267792 81.326987 
2677.196608 81.288530 
2679.125424 81.281392 
2681.054240 81.291429 
2682.983056 81.320783 
2684.911872 81.360807 
2686.840688 81.403784 
2688.769504 81.411057 
2690.698320 81.418200 
2692.627136 81.471303 
2694.555952 81.509657 
2696.484768 81.547694 
2698.413584 81.570133 
2700.342400 81.590319 
2702.271216 81.585364 
2704.200032 81.572774 
2706.128848 81.577724 
2708.057664 81.601308 
2709.986480 81.601327 
2711.915296 81.598716 
2713.844112 81.598495 
2715.772928 81.615487 
2717.701744 81.550431 
2719.630560 81.468648 
2721.559376 81.429203 
2723.488192 81.408533 
2725.417008 81.415435 
2727.345824 81.401175 
2729.274640 81.355121 
2731.203456 81.345890 
2733.132272 81.346308 
2735.061088 81.344640 
2736.989904 81.341062 
2738.918720 81.348437 
2740.847536 81.332504 
2742.776352 81.328671 
2744.705168 81.320055 
2746.633984 81.316957 
2748.562800 81.330301 
2750.491616 81.421238 
2752.420432 81.462660 
2754.349248 81.461762 
2756.278064 81.440862 
2758.206880 81.411992 
2760.135696 81.353917 
2762.064512 81.304319 
2763.993328 81.222896 
2765.922144 81.162213 
2767.850960 81.128116 
2769.779776 81.063145 
2771.708592 81.016409 
2773.637408 81.006006 
2775.566224 81.004221 
2777.495040 81.022264 
2779.423856 81.037146 
2781.352672 81.030468 
2783.281488 81.016063 
2785.210304 80.993065 
2787.139120 80.972849 
2789.067936 80.972101 
2790.996752 80.977511 
2792.925568 80.971509 
2794.854384 80.906794 
2796.783200 80.834189 
2798.712016 80.770282 
2800.640832 80.744100 
2802.569648 80.691434 
2804.498464 80.614139 
2806.427280 80.512711 
2808.356096 80.417643 
2810.284912 80.324328 
2812.213728 80.264006 
2814.142544 80.219645 
2816.071360 80.153092 
2818.000176 80.094227 
2819.928992 80.067411 
2821.857808 80.050629 
2823.786624 80.041415 
2825.715440 80.001508 
2827.644256 79.929571 
2829.573072 79.843425 
2831.501888 79.813590 
2833.430704 79.779830 
2835.359520 79.694530 
2837.288336 79.568148 
2839.217152 79.460464 
2841.145968 79.376078 
2843.074784 79.286570 
2845.003600 79.175866 
2846.932416 79.129030 
2848.861232 79.120756 
2850.790048 79.084310 
2852.718864 79.000483 
2854.647680 78.912069 
2856.576496 78.765927 
2858.505312 78.519075 
2860.434128 78.167094 
2862.362944 77.757077 
2864.291760 77.316439 
2866.220576 76.804022 
2868.149392 76.239439 
2870.078208 75.693048 
2872.007024 75.319461 
2873.935840 75.375241 
2875.864656 75.880858 
2877.793472 76.581451 
2879.722288 77.178548 
2881.651104 77.600163 
2883.579920 77.815458 
2885.508736 77.876210 
2887.437552 77.797841 
2889.366368 77.649401 
2891.295184 77.409171 
2893.224000 77.039667 
2895.152816 76.536596 
2897.081632 75.921862 
2899.010448 75.210361 
2900.939264 74.555078 
2902.868080 74.222757 
2904.796896 74.387276 
2906.725712 74.890905 
2908.654528 75.577734 
2910.583344 76.282015 
2912.512160 76.935400 
2914.440976 77.501200 
2916.369792 77.907844 
2918.298608 78.135797 
2920.227424 78.288977 
2922.156240 78.374231 
2924.085056 78.391366 
2926.013872 78.259397 
2927.942688 78.143281 
2929.871504 78.148070 
2931.800320 78.213305 
2933.729136 78.201998 
2935.657952 78.113997 
2937.586768 77.956072 
2939.515584 77.797701 
2941.444400 77.821476 
2943.373216 78.014506 
2945.302032 78.192969 
2947.230848 78.299751 
2949.159664 78.328279 
2951.088480 78.255094 
2953.017296 78.132766 
2954.946112 78.006833 
2956.874928 77.822330 
2958.803744 77.563176 
2960.732560 77.236569 
2962.661376 76.895383 
2964.590192 76.606492 
2966.519008 76.465490 
2968.447824 76.414102 
2970.376640 76.352405 
2972.305456 76.140649 
2974.234272 75.708250 
2976.163088 75.012499 
2978.091904 74.347223 
2980.020720 74.247325 
2981.949536 74.890506 
2983.878352 75.808884 
2985.807168 76.568161 
2987.735984 77.016716 
2989.664800 77.337395 
2991.593616 77.625542 
2993.522432 77.944669 
2995.451248 78.251126 
2997.380064 78.472286 
2999.308880 78.538570 
3001.237696 78.500518 
3003.166512 78.398906 
3005.095328 78.366042 
3007.024144 78.325936 
3008.952960 78.283191 
3010.881776 78.273540 
3012.810592 78.282487 
3014.739408 78.252072 
3016.668224 78.220824 
3018.597040 78.178253 
3020.525856 78.103300 
3022.454672 77.994685 
3024.383488 77.886850 
3026.312304 77.729981 
3028.241120 77.545193 
3030.169936 77.307957 
3032.098752 77.086308 
3034.027568 76.803248 
3035.956384 76.404881 
3037.885200 75.909861 
3039.814016 75.480507 
3041.742832 75.278408 
3043.671648 75.329794 
3045.600464 75.486371 
3047.529280 75.653265 
3049.458096 75.761459 
3051.386912 75.793010 
3053.315728 75.663238 
3055.244544 75.345867 
3057.173360 74.858095 
3059.102176 74.261244 
3061.030992 73.630765 
3062.959808 73.327924 
3064.888624 73.604591 
3066.817440 74.247164 
3068.746256 75.010700 
3070.675072 75.681074 
3072.603888 76.137018 
3074.532704 76.462277 
3076.461520 76.715226 
3078.390336 76.968173 
3080.319152 77.199376 
3082.247968 77.364752 
3084.176784 77.493661 
3086.105600 77.612753 
3088.034416 77.680472 
3089.963232 77.732544 
3091.892048 77.757947 
3093.820864 77.759392 
3095.749680 77.761665 
3097.678496 77.763807 
3099.607312 77.732972 
3101.536128 77.785687 
3103.464944 77.842095 
3105.393760 77.840951 
3107.322576 77.842710 
3109.251392 77.826115 
3111.180208 77.801729 
3113.109024 77.795739 
3115.037840 77.693242 
3116.966656 77.637669 
3118.895472 77.636185 
3120.824288 77.610589 
3122.753104 77.588456 
3124.681920 77.586353 
3126.610736 77.510020 
3128.539552 77.436425 
3130.468368 77.375527 
3132.397184 77.310436 
3134.326000 77.216470 
3136.254816 77.091993 
3138.183632 76.954951 
3140.112448 76.912420 
3142.041264 76.843647 
3143.970080 76.775945 
3145.898896 76.765693 
3147.827712 76.701226 
3149.756528 76.610378 
3151.685344 76.575182 
3153.614160 76.533284 
3155.542976 76.494734 
3157.471792 76.451435 
3159.400608 76.407517 
3161.329424 76.319514 
3163.258240 76.257611 
3165.187056 76.200766 
3167.115872 76.184674 
3169.044688 76.198083 
3170.973504 76.211719 
3172.902320 76.179143 
3174.831136 76.109364 
3176.759952 76.030466 
3178.688768 75.963764 
3180.617584 75.872040 
3182.546400 75.762241 
3184.475216 75.668857 
3186.404032 75.635721 
3188.332848 75.646141 
3190.261664 75.641951 
3192.190480 75.588863 
3194.119296 75.584165 
3196.048112 75.583513 
3197.976928 75.576524 
3199.905744 75.562882 
3201.834560 75.579945 
3203.763376 75.599533 
3205.692192 75.635839 
3207.621008 75.677015 
3209.549824 75.778655 
3211.478640 75.807623 
3213.407456 75.780589 
3215.336272 75.800824 
3217.265088 75.822255 
3219.193904 75.790945 
3221.122720 75.817270 
3223.051536 75.844687 
3224.980352 75.903353 
3226.909168 75.941449 
3228.837984 75.977715 
3230.766800 76.021989 
3232.695616 76.095744 
3234.624432 76.138849 
3236.553248 76.211129 
3238.482064 76.292986 
3240.410880 76.352241 
3242.339696 76.339961 
3244.268512 76.379368 
3246.197328 76.470925 
3248.126144 76.576116 
3250.054960 76.694902 
3251.983776 76.762315 
3253.912592 76.771929 
3255.841408 76.863451 
3257.770224 76.944008 
3259.699040 76.963333 
3261.627856 77.003959 
3263.556672 77.043598 
3265.485488 77.078870 
3267.414304 77.224435 
3269.343120 77.363638 
3271.271936 77.437457 
3273.200752 77.455194 
3275.129568 77.549668 
3277.058384 77.659248 
3278.987200 77.738084 
3280.916016 77.819515 
3282.844832 77.902187 
3284.773648 77.965791 
3286.702464 78.038293 
3288.631280 78.096261 
3290.560096 78.167121 
3292.488912 78.181720 
3294.417728 78.251657 
3296.346544 78.279375 
3298.275360 78.372680 
3300.204176 78.456116 
3302.132992 78.474164 
3304.061808 78.502860 
3305.990624 78.604244 
3307.919440 78.724087 
3309.848256 78.807292 
3311.777072 78.912225 
3313.705888 79.010405 
3315.634704 79.042515 
3317.563520 79.134561 
3319.492336 79.204424 
3321.421152 79.271528 
3323.349968 79.336656 
3325.278784 79.418652 
3327.207600 79.551280 
3329.136416 79.683202 
3331.065232 79.735710 
3332.994048 79.776720 
3334.922864 79.811833 
3336.851680 79.874251 
3338.780496 79.948932 
3340.709312 80.046248 
3342.638128 80.084568 
3344.566944 80.111061 
3346.495760 80.160814 
3348.424576 80.272796 
3350.353392 80.352486 
3352.282208 80.404947 
3354.211024 80.436713 
3356.139840 80.504441 
3358.068656 80.581330 
3359.997472 80.592694 
3361.926288 80.606110 
3363.855104 80.686571 
3365.783920 80.758618 
3367.712736 80.857283 
3369.641552 80.917038 
3371.570368 80.986470 
3373.499184 81.070473 
3375.428000 81.083030 
3377.356816 81.091536 
3379.285632 81.126438 
3381.214448 81.105916 
3383.143264 81.135785 
3385.072080 81.230784 
3387.000896 81.323721 
3388.929712 81.402517 
3390.858528 81.453471 
3392.787344 81.451777 
3394.716160 81.502737 
3396.644976 81.510431 
3398.573792 81.581428 
3400.502608 81.636752 
3402.431424 81.671285 
3404.360240 81.669458 
3406.289056 81.657675 
3408.217872 81.741240 
3410.146688 81.838618 
3412.075504 81.909012 
3414.004320 81.993699 
3415.933136 82.020614 
3417.861952 81.995840 
3419.790768 81.955128 
3421.719584 82.019813 
3423.648400 82.027094 
3425.577216 82.041642 
3427.506032 82.084379 
3429.434848 82.102820 
3431.363664 82.137757 
3433.292480 82.250168 
3435.221296 82.312809 
3437.150112 82.346853 
3439.078928 82.377727 
3441.007744 82.357089 
3442.936560 82.325548 
3444.865376 82.290228 
3446.794192 82.285885 
3448.723008 82.459054 
3450.651824 82.502646 
3452.580640 82.476547 
3454.509456 82.488001 
3456.438272 82.489921 
3458.367088 82.505594 
3460.295904 82.551850 
3462.224720 82.595637 
3464.153536 82.640788 
3466.082352 82.635858 
3468.011168 82.675571 
3469.939984 82.717663 
3471.868800 82.799912 
3473.797616 82.795767 
3475.726432 82.833526 
3477.655248 82.875824 
3479.584064 82.842725 
3481.512880 82.805997 
3483.441696 82.848552 
3485.370512 82.876455 
3487.299328 82.891736 
3489.228144 82.877215 
3491.156960 82.925727 
3493.085776 82.981965 
3495.014592 83.027748 
3496.943408 83.027762 
3498.872224 82.974549 
3500.801040 82.842168 
3502.729856 82.815049 
3504.658672 82.912518 
3506.587488 83.006637 
3508.516304 82.981778 
3510.445120 83.038519 
3512.373936 83.088409 
3514.302752 83.183158 
3516.231568 83.254421 
3518.160384 83.237919 
3520.089200 83.164904 
3522.018016 83.012943 
3523.946832 82.925703 
3525.875648 82.946618 
3527.804464 83.042860 
3529.733280 83.189958 
3531.662096 83.173769 
3533.590912 83.152647 
3535.519728 83.149126 
3537.448544 83.267186 
3539.377360 83.282237 
3541.306176 83.189869 
3543.234992 83.085399 
3545.163808 83.022662 
3547.092624 83.053258 
3549.021440 83.180931 
3550.950256 83.122366 
3552.879072 83.168889 
3554.807888 83.317284 
3556.736704 83.447993 
3558.665520 83.489965 
3560.594336 83.383199 
3562.523152 83.167836 
3564.451968 82.707982 
3566.380784 82.338934 
3568.309600 82.873015 
3570.238416 83.280190 
3572.167232 83.308841 
3574.096048 83.202511 
3576.024864 83.229630 
3577.953680 83.321666 
3579.882496 83.287633 
3581.811312 83.192315 
3583.740128 83.085418 
3585.668944 82.780232 
3587.597760 82.707127 
3589.526576 83.084219 
3591.455392 83.053523 
3593.384208 82.839816 
3595.313024 82.762315 
3597.241840 82.858016 
3599.170656 83.027004 
3601.099472 83.103076 
3603.028288 83.111054 
3604.957104 82.980019 
3606.885920 82.712020 
3608.814736 82.816418 
3610.743552 82.916688 
3612.672368 82.696147 
3614.601184 82.601033 
3616.530000 82.464219 
3618.458816 82.611701 
3620.387632 83.153095 
3622.316448 83.165964 
3624.245264 82.967791 
3626.174080 82.609866 
3628.102896 81.858232 
3630.031712 82.295798 
3631.960528 82.602780 
3633.889344 82.611332 
3635.818160 82.755308 
3637.746976 82.891345 
3639.675792 83.059465 
3641.604608 83.029704 
3643.533424 82.782407 
3645.462240 82.311897 
3647.391056 81.715465 
3649.319872 81.470435 
3651.248688 82.307035 
3653.177504 82.678361 
3655.106320 82.301949 
3657.035136 82.439004 
3658.963952 82.848541 
3660.892768 83.098161 
3662.821584 83.167579 
3664.750400 83.091002 
3666.679216 82.946984 
3668.608032 82.481196 
3670.536848 82.580013 
3672.465664 82.777825 
3674.394480 81.898156 
3676.323296 82.042812 
3678.252112 82.662996 
3680.180928 83.020701 
3682.109744 83.142331 
3684.038560 82.953351 
3685.967376 82.588448 
3687.896192 82.093881 
3689.825008 82.151386 
3691.753824 82.671911 
3693.682640 82.897774 
3695.611456 82.828373 
3697.540272 82.817165 
3699.469088 82.714380 
3701.397904 82.829016 
3703.326720 83.153234 
3705.255536 82.992293 
3707.184352 82.564848 
3709.113168 82.101897 
3711.041984 82.032863 
3712.970800 82.736994 
3714.899616 83.002159 
3716.828432 82.847113 
3718.757248 82.646078 
3720.686064 82.501002 
3722.614880 82.583364 
3724.543696 82.647707 
3726.472512 82.823753 
3728.401328 83.000828 
3730.330144 82.660265 
3732.258960 82.177877 
3734.187776 82.007979 
3736.116592 82.502809 
3738.045408 82.826842 
3739.974224 82.888421 
3741.903040 82.748208 
3743.831856 82.319481 
3745.760672 82.625170 
3747.689488 82.417466 
3749.618304 81.922374 
3751.547120 82.146200 
3753.475936 82.660536 
3755.404752 82.691708 
3757.333568 82.536951 
3759.262384 82.583110 
3761.191200 82.853457 
3763.120016 82.680475 
3765.048832 82.455900 
3766.977648 82.557308 
3768.906464 82.524127 
3770.835280 82.867977 
3772.764096 82.997663 
3774.692912 82.908755 
3776.621728 82.801784 
3778.550544 82.632106 
3780.479360 82.798404 
3782.408176 82.803055 
3784.336992 82.680593 
3786.265808 82.815533 
3788.194624 82.900236 
3790.123440 82.988581 
3792.052256 83.081292 
3793.981072 82.901475 
3795.909888 82.674064 
3797.838704 82.746862 
3799.767520 82.374347 
3801.696336 82.187586 
3803.625152 82.666993 
3805.553968 82.507859 
3807.482784 82.724784 
3809.411600 82.983803 
3811.340416 82.975052 
3813.269232 82.787303 
3815.198048 82.397565 
3817.126864 82.616930 
3819.055680 82.317209 
3820.984496 82.059068 
3822.913312 82.868516 
3824.842128 82.838725 
3826.770944 82.795210 
3828.699760 82.814014 
3830.628576 82.652296 
3832.557392 82.652060 
3834.486208 82.668200 
3836.415024 82.357051 
3838.343840 82.092128 
3840.272656 82.415993 
3842.201472 82.684420 
3844.130288 82.887477 
3846.059104 82.940617 
3847.987920 82.754283 
3849.916736 82.390462 
3851.845552 81.572843 
3853.774368 81.758573 
3855.703184 82.637561 
3857.632000 82.679106 
3859.560816 82.646452 
3861.489632 82.500435 
3863.418448 82.353009 
3865.347264 82.471304 
3867.276080 82.390338 
3869.204896 81.980619 
3871.133712 82.451738 
3873.062528 82.584374 
3874.991344 82.843683 
3876.920160 82.899069 
3878.848976 82.472650 
3880.777792 82.429978 
3882.706608 82.565653 
3884.635424 82.298658 
3886.564240 82.689211 
3888.493056 82.837527 
3890.421872 82.518577 
3892.350688 82.675354 
3894.279504 82.860742 
3896.208320 82.738460 
3898.137136 82.387716 
3900.065952 82.183487 
3901.994768 82.134466 
3903.923584 82.169352 
3905.852400 82.573640 
3907.781216 82.789777 
3909.710032 82.804545 
3911.638848 82.804744 
3913.567664 82.794519 
3915.496480 82.631856 
3917.425296 82.541111 
3919.354112 82.637024 
3921.282928 82.709264 
3923.211744 82.580300 
3925.140560 82.565255 
3927.069376 82.687649 
3928.998192 82.499921 
3930.927008 82.358867 
3932.855824 82.501463 
3934.784640 82.745456 
3936.713456 82.787686 
3938.642272 82.768165 
3940.571088 82.635363 
3942.499904 82.553264 
3944.428720 82.697239 
3946.357536 82.645771 
3948.286352 82.517485 
3950.215168 82.654466 
3952.143984 82.742525 
3954.072800 82.774578 
3956.001616 82.774277 
3957.930432 82.762268 
3959.859248 82.744539 
3961.788064 82.741197 
3963.716880 82.810859 
3965.645696 82.876165 
3967.574512 82.822781 
3969.503328 82.757203 
3971.432144 82.737304 
3973.360960 82.729020 
3975.289776 82.734690 
3977.218592 82.777402 
3979.147408 82.777330 
3981.076224 82.769128 
3983.005040 82.784798 
3984.933856 82.782761 
3986.862672 82.744178 
3988.791488 82.755698 
3990.720304 82.743022 
3992.649120 82.749761 
3994.577936 82.784346 
3996.506752 82.761152 
3998.435568 82.730914 
4000.364384 82.763933 