##YUNITS=%T
399.264912 118.021566 
401.193728 107.236399 
403.122544 90.228523 
405.051360 72.857963 
406.980176 42.356543 
408.908992 55.987615 
410.837808 59.423177 
412.766624 81.253544 
414.695440 80.627797 
416.624256 47.584024 
418.553072 24.624445 
420.481888 35.855976 
422.410704 13.420886 
424.339520 64.958049 
426.268336 77.873739 
428.197152 77.736124 
430.125968 99.964529 
432.054784 97.076710 
433.983600 85.027072 
435.912416 102.205127 
437.841232 89.342820 
439.770048 65.476455 
441.698864 75.757150 
443.627680 153.942263 
445.556496 175.556240 
447.485312 91.975894 
449.414128 80.651428 
451.342944 151.061134 
453.271760 171.799770 
455.200576 195.087358 
457.129392 122.460646 
459.058208 76.360387 
460.987024 88.143134 
462.915840 108.562362 
464.844656 93.745006 
466.773472 113.690267 
468.702288 144.255717 
470.631104 98.260626 
472.559920 76.059726 
474.488736 90.654384 
476.417552 98.666229 
478.346368 96.095022 
480.275184 84.216664 
482.204000 81.572628 
484.132816 100.044980 
486.061632 92.313445 
487.990448 113.926864 
489.919264 104.359561 
491.848080 101.891814 
493.776896 132.087638 
495.705712 91.853555 
497.634528 60.143868 
499.563344 93.297987 
501.492160 100.530557 
503.420976 121.057569 
505.349792 175.600724 
507.278608 128.042678 
509.207424 100.699201 
511.136240 143.588787 
513.065056 106.817393 
514.993872 68.565811 
516.922688 87.468584 
518.851504 99.735115 
520.780320 93.454995 
522.709136 92.711633 
524.637952 100.037963 
526.566768 97.519836 
528.495584 72.735138 
530.424400 73.235507 
532.353216 102.129343 
534.282032 114.452372 
536.210848 88.692471 
538.139664 68.639998 
540.068480 74.205038 
541.997296 81.764786 
543.926112 67.741086 
545.854928 34.934612 
547.783744 40.469553 
549.712560 50.715623 
551.641376 63.903676 
553.570192 84.805887 
555.499008 98.465774 
557.427824 89.744666 
559.356640 69.034657 
561.285456 56.895573 
563.214272 50.722719 
565.143088 59.961645 
567.071904 67.481864 
569.000720 83.746913 
570.929536 95.981574 
572.858352 84.375936 
574.787168 76.190105 
576.715984 74.458239 
578.644800 71.460084 
580.573616 72.019432 
582.502432 76.102161 
584.431248 77.878868 
586.360064 75.941636 
588.288880 75.652051 
590.217696 75.433003 
592.146512 74.583147 
594.075328 74.978632 
596.004144 74.772402 
597.932960 74.496335 
599.861776 73.870647 
601.790592 72.735595 
603.719408 71.953463 
605.648224 70.723327 
607.577040 73.997660 
609.505856 73.004480 
611.434672 70.941101 
613.363488 74.377947 
615.292304 71.129266 
617.221120 65.895057 
619.149936 60.252260 
621.078752 60.074022 
623.007568 64.248468 
624.936384 65.864805 
626.865200 64.556092 
628.794016 65.619361 
630.722832 69.365057 
632.651648 70.445075 
634.580464 66.278596 
636.509280 61.908854 
638.438096 56.536878 
640.366912 58.474442 
642.295728 63.625939 
644.224544 67.431583 
646.153360 68.910185 
648.082176 67.146534 
650.010992 65.151801 
651.939808 64.947214 
653.868624 64.527054 
655.797440 63.631540 
657.726256 62.220676 
659.655072 61.790051 
661.583888 61.993292 
663.512704 62.822095 
665.441520 62.735804 
667.370336 62.956127 
669.299152 63.354910 
671.227968 62.810453 
673.156784 62.460502 
675.085600 62.269911 
677.014416 61.680820 
678.943232 60.872540 
680.872048 60.414612 
682.800864 59.787714 
684.729680 58.483576 
686.658496 56.996487 
688.587312 54.858951 
690.516128 51.980131 
692.444944 49.061136 
694.373760 48.339205 
696.302576 49.848160 
698.231392 50.294820 
700.160208 48.520625 
702.089024 47.278082 
704.017840 47.317068 
705.946656 50.671501 
707.875472 56.445181 
709.804288 60.306510 
711.733104 61.471354 
713.661920 61.648799 
715.590736 61.025128 
717.519552 60.233261 
719.448368 59.715125 
721.377184 59.006000 
723.306000 57.983443 
725.234816 57.062919 
727.163632 56.113441 
729.092448 54.700269 
731.021264 52.938042 
732.950080 50.832963 
734.878896 48.555180 
736.807712 45.809913 
738.736528 41.948880 
740.665344 37.069320 
742.594160 32.094970 
744.522976 29.259895 
746.451792 29.796045 
748.380608 31.956901 
750.309424 32.083206 
752.238240 29.940963 
754.167056 30.895491 
756.095872 32.995479 
758.024688 31.652019 
759.953504 31.770811 
761.882320 37.238610 
763.811136 43.841227 
765.739952 47.523191 
767.668768 50.360149 
769.597584 53.499883 
771.526400 55.240682 
773.455216 54.560079 
775.384032 52.200439 
777.312848 48.724557 
779.241664 44.717698 
781.170480 40.537458 
783.099296 36.123275 
785.028112 32.821207 
786.956928 34.668376 
788.885744 41.640477 
790.814560 47.884815 
792.743376 51.757345 
794.672192 53.639944 
796.601008 54.259895 
798.529824 56.288652 
800.458640 57.376717 
802.387456 57.412718 
804.316272 57.506639 
806.245088 56.638518 
808.173904 54.556215 
810.102720 50.739550 
812.031536 46.114873 
813.960352 42.463133 
815.889168 40.837592 
817.817984 41.897527 
819.746800 45.198203 
821.675616 48.362928 
823.604432 48.734415 
825.533248 49.059716 
827.462064 55.644408 
829.390880 64.519293 
831.319696 68.773245 
833.248512 69.130862 
835.177328 68.256832 
837.106144 66.871331 
839.034960 64.847762 
840.963776 62.332501 
842.892592 59.386573 
844.821408 56.796865 
846.750224 55.558365 
848.679040 55.787227 
850.607856 57.220275 
852.536672 59.697295 
854.465488 62.349423 
856.394304 64.459528 
858.323120 65.700518 
860.251936 66.017686 
862.180752 65.317451 
864.109568 63.141581 
866.038384 59.752579 
867.967200 58.134932 
869.896016 59.179988 
871.824832 59.487175 
873.753648 58.275956 
875.682464 58.111565 
877.611280 61.050634 
879.540096 64.919886 
881.468912 66.062126 
883.397728 64.835352 
885.326544 63.031826 
887.255360 62.246580 
889.184176 62.704373 
891.112992 63.211590 
893.041808 63.449652 
894.970624 63.018572 
896.899440 61.532400 
898.828256 59.114830 
900.757072 55.940696 
902.685888 52.776811 
904.614704 51.542527 
906.543520 53.631771 
908.472336 57.503111 
910.401152 60.699953 
912.329968 62.566679 
914.258784 63.426413 
916.187600 63.736899 
918.116416 63.769886 
920.045232 63.160332 
921.974048 62.097277 
923.902864 60.950974 
925.831680 59.748906 
927.760496 58.372281 
929.689312 56.633390 
931.618128 54.425422 
933.546944 51.551574 
935.475760 47.990518 
937.404576 44.101932 
939.333392 41.519784 
941.262208 41.801035 
943.191024 43.897839 
945.119840 44.825123 
947.048656 43.248350 
948.977472 39.941344 
950.906288 37.861599 
952.835104 38.238903 
954.763920 38.805589 
956.692736 38.832031 
958.621552 39.158069 
960.550368 39.844318 
962.479184 40.470357 
964.408000 41.459443 
966.336816 44.417483 
968.265632 49.806350 
970.194448 55.420834 
972.123264 58.853155 
974.052080 60.099501 
975.980896 61.269794 
977.909712 63.081927 
979.838528 63.898197 
981.767344 63.437651 
983.696160 62.444937 
985.624976 61.283322 
987.553792 59.608525 
989.482608 57.285591 
991.411424 54.528166 
993.340240 51.422258 
995.269056 47.705794 
997.197872 43.397274 
999.126688 38.558958 
1001.055504 33.464233 
1002.984320 28.998942 
1004.913136 26.713722 
1006.841952 27.833206 
1008.770768 31.944686 
1010.699584 37.735059 
1012.628400 44.111075 
1014.557216 49.573016 
1016.486032 52.577742 
1018.414848 52.464378 
1020.343664 50.042342 
1022.272480 47.284059 
1024.201296 46.607367 
1026.130112 47.351051 
1028.058928 47.935965 
1029.987744 49.290266 
1031.916560 50.610469 
1033.845376 50.953835 
1035.774192 50.495240 
1037.703008 50.192676 
1039.631824 50.531643 
1041.560640 51.768620 
1043.489456 53.152932 
1045.418272 52.731048 
1047.347088 49.567577 
1049.275904 44.420618 
1051.204720 40.369211 
1053.133536 39.650760 
1055.062352 39.804544 
1056.991168 39.680802 
1058.919984 41.102077 
1060.848800 43.423920 
1062.777616 44.735168 
1064.706432 44.648160 
1066.635248 43.839959 
1068.564064 42.915697 
1070.492880 42.771138 
1072.421696 44.115474 
1074.350512 47.087984 
1076.279328 50.639855 
1078.208144 53.393632 
1080.136960 54.387535 
1082.065776 53.189083 
1083.994592 51.769657 
1085.923408 54.543875 
1087.852224 60.561739 
1089.781040 65.174963 
1091.709856 66.969084 
1093.638672 66.811622 
1095.567488 65.145737 
1097.496304 62.364755 
1099.425120 58.725399 
1101.353936 54.813713 
1103.282752 51.290991 
1105.211568 48.728327 
1107.140384 47.419806 
1109.069200 47.436707 
1110.998016 48.287212 
1112.926832 49.676460 
1114.855648 52.982901 
1116.784464 59.382825 
1118.713280 66.451991 
1120.642096 71.353812 
1122.570912 73.755228 
1124.499728 74.690726 
1126.428544 74.626151 
1128.357360 74.020073 
1130.286176 73.402614 
1132.214992 73.021967 
1134.143808 72.741355 
1136.072624 72.382226 
1138.001440 71.259682 
1139.930256 69.530693 
1141.859072 67.003663 
1143.787888 63.423335 
1145.716704 58.696530 
1147.645520 53.818705 
1149.574336 50.427576 
1151.503152 50.363355 
1153.431968 54.153293 
1155.360784 59.173887 
1157.289600 62.516826 
1159.218416 64.206905 
1161.147232 65.335987 
1163.076048 66.296243 
1165.004864 66.596125 
1166.933680 66.262850 
1168.862496 65.957740 
1170.791312 66.076113 
1172.720128 66.087647 
1174.648944 66.004566 
1176.577760 65.623727 
1178.506576 64.882811 
1180.435392 63.803933 
1182.364208 62.575352 
1184.293024 61.045302 
1186.221840 59.154512 
1188.150656 56.831363 
1190.079472 54.168740 
1192.008288 51.038327 
1193.937104 47.637766 
1195.865920 44.728783 
1197.794736 43.417490 
1199.723552 43.727526 
1201.652368 43.959297 
1203.581184 42.953051 
1205.510000 42.247425 
1207.438816 43.442081 
1209.367632 46.117884 
1211.296448 48.778427 
1213.225264 50.030441 
1215.154080 49.249163 
1217.082896 46.951488 
1219.011712 44.439446 
1220.940528 42.704182 
1222.869344 40.947268 
1224.798160 39.260799 
1226.726976 39.830036 
1228.655792 43.697087 
1230.584608 48.815255 
1232.513424 53.091133 
1234.442240 56.544414 
1236.371056 59.553206 
1238.299872 61.690741 
1240.228688 62.980971 
1242.157504 63.528190 
1244.086320 63.468827 
1246.015136 62.811301 
1247.943952 61.523791 
1249.872768 59.432411 
1251.801584 56.560541 
1253.730400 52.805928 
1255.659216 48.246143 
1257.588032 44.016490 
1259.516848 42.744324 
1261.445664 45.155505 
1263.374480 48.115232 
1265.303296 48.804918 
1267.232112 47.193034 
1269.160928 44.240605 
1271.089744 40.822460 
1273.018560 37.576509 
1274.947376 34.682961 
1276.876192 31.799830 
1278.805008 28.984022 
1280.733824 26.371399 
1282.662640 24.644988 
1284.591456 24.593132 
1286.520272 26.401518 
1288.449088 29.567968 
1290.377904 33.985181 
1292.306720 39.513735 
1294.235536 45.242104 
1296.164352 50.423596 
1298.093168 54.646578 
1300.021984 57.350791 
1301.950800 59.647744 
1303.879616 62.204145 
1305.808432 63.732373 
1307.737248 63.272057 
1309.666064 61.484424 
1311.594880 59.313599 
1313.523696 56.458417 
1315.452512 53.522195 
1317.381328 53.226057 
1319.310144 57.236571 
1321.238960 62.649311 
1323.167776 66.618403 
1325.096592 69.159186 
1327.025408 70.601493 
1328.954224 71.444910 
1330.883040 71.939749 
1332.811856 72.155471 
1334.740672 72.065292 
1336.669488 71.642825 
1338.598304 70.881376 
1340.527120 69.723939 
1342.455936 68.520704 
1344.384752 67.293683 
1346.313568 65.891195 
1348.242384 64.057403 
1350.171200 61.389758 
1352.100016 57.953248 
1354.028832 54.701445 
1355.957648 52.889847 
1357.886464 52.671794 
1359.815280 52.926319 
1361.744096 52.324861 
1363.672912 49.497047 
1365.601728 46.743406 
1367.530544 45.220777 
1369.459360 43.949898 
1371.388176 41.953548 
1373.316992 39.178371 
1375.245808 36.822928 
1377.174624 39.142787 
1379.103440 47.203207 
1381.032256 56.637252 
1382.961072 62.174651 
1384.889888 62.916904 
1386.818704 60.141589 
1388.747520 55.189392 
1390.676336 51.018949 
1392.605152 47.305732 
1394.533968 43.454236 
1396.462784 40.158492 
1398.391600 39.299612 
1400.320416 40.503469 
1402.249232 43.590112 
1404.178048 48.887348 
1406.106864 55.440937 
1408.035680 59.810953 
1409.964496 62.272498 
1411.893312 63.033462 
1413.822128 62.908667 
1415.750944 62.746795 
1417.679760 62.861063 
1419.608576 62.800509 
1421.537392 62.179446 
1423.466208 61.343884 
1425.395024 60.424677 
1427.323840 59.633521 
1429.252656 58.501089 
1431.181472 56.710504 
1433.110288 54.638945 
1435.039104 52.530859 
1436.967920 48.775690 
1438.896736 44.261299 
1440.825552 39.917165 
1442.754368 36.428666 
1444.683184 36.305189 
1446.612000 40.397555 
1448.540816 48.536902 
1450.469632 54.475082 
1452.398448 56.586662 
1454.327264 54.943741 
1456.256080 49.307071 
1458.184896 38.373094 
1460.113712 32.505441 
1462.042528 29.972510 
1463.971344 30.776043 
1465.900160 38.887248 
1467.828976 49.994135 
1469.757792 60.150066 
1471.686608 64.656776 
1473.615424 60.990746 
1475.544240 57.414310 
1477.473056 56.886177 
1479.401872 56.693167 
1481.330688 54.040133 
1483.259504 49.786452 
1485.188320 47.588757 
1487.117136 52.005521 
1489.045952 61.270801 
1490.974768 68.510243 
1492.903584 70.254187 
1494.832400 70.176210 
1496.761216 69.090272 
1498.690032 67.337285 
1500.618848 65.402563 
1502.547664 63.704753 
1504.476480 62.422651 
1506.405296 62.861553 
1508.334112 65.077039 
1510.262928 66.439121 
1512.191744 67.810530 
1514.120560 68.932487 
1516.049376 69.237483 
1517.978192 69.225400 
1519.907008 68.539639 
1521.835824 66.661185 
1523.764640 64.512659 
1525.693456 61.912245 
1527.622272 58.067326 
1529.551088 54.281065 
1531.479904 51.110547 
1533.408720 47.206561 
1535.337536 45.132559 
1537.266352 44.995087 
1539.195168 46.735390 
1541.123984 49.788501 
1543.052800 51.145878 
1544.981616 51.757627 
1546.910432 51.683557 
1548.839248 50.625810 
1550.768064 48.269763 
1552.696880 45.884228 
1554.625696 42.771034 
1556.554512 40.544178 
1558.483328 40.706341 
1560.412144 40.969635 
1562.340960 42.420362 
1564.269776 45.949305 
1566.198592 50.919545 
1568.127408 54.217063 
1570.056224 55.771099 
1571.985040 54.416067 
1573.913856 52.442190 
1575.842672 49.988534 
1577.771488 47.963697 
1579.700304 46.793177 
1581.629120 44.671231 
1583.557936 41.916078 
1585.486752 40.247287 
1587.415568 40.767215 
1589.344384 42.591182 
1591.273200 45.065070 
1593.202016 48.560772 
1595.130832 52.945682 
1597.059648 54.954828 
1598.988464 52.454604 
1600.917280 47.106423 
1602.846096 42.149862 
1604.774912 40.372680 
1606.703728 42.023970 
1608.632544 46.095959 
1610.561360 51.151565 
1612.490176 55.505746 
1614.418992 58.352324 
1616.347808 59.655453 
1618.276624 59.268946 
1620.205440 58.914479 
1622.134256 59.240568 
1624.063072 59.792041 
1625.991888 59.045740 
1627.920704 56.235491 
1629.849520 52.256930 
1631.778336 48.407937 
1633.707152 44.827232 
1635.635968 40.038141 
1637.564784 36.262940 
1639.493600 34.556218 
1641.422416 33.683847 
1643.351232 33.598347 
1645.280048 34.428260 
1647.208864 36.877298 
1649.137680 39.073397 
1651.066496 41.047715 
1652.995312 50.619675 
1654.924128 61.636235 
1656.852944 66.686851 
1658.781760 72.887723 
1660.710576 78.189673 
1662.639392 82.928389 
1664.568208 85.784675 
1666.497024 87.021274 
1668.425840 87.913238 
1670.354656 89.049565 
1672.283472 89.410235 
1674.212288 89.790626 
1676.141104 90.178482 
1678.069920 90.391385 
1679.998736 90.364619 
1681.927552 90.415909 
1683.856368 90.333084 
1685.785184 90.685633 
1687.714000 90.392206 
1689.642816 90.127426 
1691.571632 89.866399 
1693.500448 89.670732 
1695.429264 89.466534 
1697.358080 89.627994 
1699.286896 89.552301 
1701.215712 90.027124 
1703.144528 89.896418 
1705.073344 89.866244 
1707.002160 89.898250 
1708.930976 89.957157 
1710.859792 89.801713 
1712.788608 89.690415 
1714.717424 89.507835 
1716.646240 89.549966 
1718.575056 89.803764 
1720.503872 89.878445 
1722.432688 89.752355 
1724.361504 89.816087 
1726.290320 89.759986 
1728.219136 89.634718 
1730.147952 89.418515 
1732.076768 89.229359 
1734.005584 89.231963 
1735.934400 89.387205 
1737.863216 89.029797 
1739.792032 88.888084 
1741.720848 88.703309 
1743.649664 88.591233 
1745.578480 88.412592 
1747.507296 88.272671 
1749.436112 88.180023 
1751.364928 88.305007 
1753.293744 88.171504 
1755.222560 87.986856 
1757.151376 87.952252 
1759.080192 87.955700 
1761.009008 87.938475 
1762.937824 88.141617 
1764.866640 88.042982 
1766.795456 87.925339 
1768.724272 87.845892 
1770.653088 87.704395 
1772.581904 87.659653 
1774.510720 87.699147 
1776.439536 87.535036 
1778.368352 87.418909 
1780.297168 87.321005 
1782.225984 87.330649 
1784.154800 87.241489 
1786.083616 87.362265 
1788.012432 87.314751 
1789.941248 87.149520 
1791.870064 87.125746 
1793.798880 87.278368 
1795.727696 87.111487 
1797.656512 87.013620 
1799.585328 86.905805 
1801.514144 86.914048 
1803.442960 86.814562 
1805.371776 86.695919 
1807.300592 86.474763 
1809.229408 86.283501 
1811.158224 86.154029 
1813.087040 86.227307 
1815.015856 86.130793 
1816.944672 86.017844 
1818.873488 85.936156 
1820.802304 85.910536 
1822.731120 85.752555 
1824.659936 85.757866 
1826.588752 85.690967 
1828.517568 85.553282 
1830.446384 85.612827 
1832.375200 85.668325 
1834.304016 85.492470 
1836.232832 85.282696 
1838.161648 85.049257 
1840.090464 84.837512 
1842.019280 84.445520 
1843.948096 84.445975 
1845.876912 84.653277 
1847.805728 84.812275 
1849.734544 84.967310 
1851.663360 85.159261 
1853.592176 85.308972 
1855.520992 85.453664 
1857.449808 85.564321 
1859.378624 85.713300 
1861.307440 85.785588 
1863.236256 85.863732 
1865.165072 85.694377 
1867.093888 85.507873 
1869.022704 85.578089 
1870.951520 85.598151 
1872.880336 85.392063 
1874.809152 85.291344 
1876.737968 85.162093 
1878.666784 85.109797 
1880.595600 85.008158 
1882.524416 84.901036 
1884.453232 84.756776 
1886.382048 84.619645 
1888.310864 84.391852 
1890.239680 84.489530 
1892.168496 84.536632 
1894.097312 84.578116 
1896.026128 84.589578 
1897.954944 84.627687 
1899.883760 84.515029 
1901.812576 84.486110 
1903.741392 84.329103 
1905.670208 84.141046 
1907.599024 83.902707 
1909.527840 83.861291 
1911.456656 83.735449 
1913.385472 83.456396 
1915.314288 83.043682 
1917.243104 82.850170 
1919.171920 82.679991 
1921.100736 82.443550 
1923.029552 82.376017 
1924.958368 82.635000 
1926.887184 82.768530 
1928.816000 82.938175 
1930.744816 83.017998 
1932.673632 83.144466 
1934.602448 83.093639 
1936.531264 83.034735 
1938.460080 82.803458 
1940.388896 82.620247 
1942.317712 82.517475 
1944.246528 82.359903 
1946.175344 81.942087 
1948.104160 81.697507 
1950.032976 81.781671 
1951.961792 82.230113 
1953.890608 82.589855 
1955.819424 83.008048 
1957.748240 83.015503 
1959.677056 82.911302 
1961.605872 82.787662 
1963.534688 82.779938 
1965.463504 82.725045 
1967.392320 82.939963 
1969.321136 82.846890 
1971.249952 82.774007 
1973.178768 82.568992 
1975.107584 82.523844 
1977.036400 82.187049 
1978.965216 81.953032 
1980.894032 81.889074 
1982.822848 82.119741 
1984.751664 82.206277 
1986.680480 82.270719 
1988.609296 82.239058 
1990.538112 82.313772 
1992.466928 82.254244 
1994.395744 82.228701 
1996.324560 82.066998 
1998.253376 82.187246 
2000.182192 82.182895 
2002.111008 82.254521 
2004.039824 82.218816 
2005.968640 82.294335 
2007.897456 82.078897 
2009.826272 81.986370 
2011.755088 81.804415 
2013.683904 81.801055 
2015.612720 81.805613 
2017.541536 82.047050 
2019.470352 82.144593 
2021.399168 82.213915 
2023.327984 82.062619 
2025.256800 82.161989 
2027.185616 82.127064 
2029.114432 82.178490 
2031.043248 82.210948 
2032.972064 82.258860 
2034.900880 81.940356 
2036.829696 81.772693 
2038.758512 81.701369 
2040.687328 81.767475 
2042.616144 81.838114 
2044.544960 81.960836 
2046.473776 82.079219 
2048.402592 81.995602 
2050.331408 81.748712 
2052.260224 81.970874 
2054.189040 82.030667 
2056.117856 82.041443 
2058.046672 82.032795 
2059.975488 82.181026 
2061.904304 82.148191 
2063.833120 81.982519 
2065.761936 81.829027 
2067.690752 81.846088 
2069.619568 81.844063 
2071.548384 81.855780 
2073.477200 81.808593 
2075.406016 81.841687 
2077.334832 81.850396 
2079.263648 81.922640 
2081.192464 81.981311 
2083.121280 82.104575 
2085.050096 82.181739 
2086.978912 82.333773 
2088.907728 82.336375 
2090.836544 82.413802 
2092.765360 82.547698 
2094.694176 82.537904 
2096.622992 82.378681 
2098.551808 82.333722 
2100.480624 82.216607 
2102.409440 82.259723 
2104.338256 82.386843 
2106.267072 82.497090 
2108.195888 82.418229 
2110.124704 82.342830 
2112.053520 82.241226 
2113.982336 82.267199 
2115.911152 82.283252 
2117.839968 82.314331 
2119.768784 82.324290 
2121.697600 82.437795 
2123.626416 82.474683 
2125.555232 82.485049 
2127.484048 82.468089 
2129.412864 82.564363 
2131.341680 82.649198 
2133.270496 82.591381 
2135.199312 82.384187 
2137.128128 82.349777 
2139.056944 82.262034 
2140.985760 82.234303 
2142.914576 82.077653 
2144.843392 81.965880 
2146.772208 81.863324 
2148.701024 82.029507 
2150.629840 82.190361 
2152.558656 82.362852 
2154.487472 82.476472 
2156.416288 82.612395 
2158.345104 82.107170 
2160.273920 81.230935 
2162.202736 80.790583 
2164.131552 80.835175 
2166.060368 80.949601 
2167.989184 81.151823 
2169.918000 81.169975 
2171.846816 81.110110 
2173.775632 81.000975 
2175.704448 80.934470 
2177.633264 80.829527 
2179.562080 80.887331 
2181.490896 80.691143 
2183.419712 80.656043 
2185.348528 80.693650 
2187.277344 80.758746 
2189.206160 80.623464 
2191.134976 80.523860 
2193.063792 80.557934 
2194.992608 80.776728 
2196.921424 80.813051 
2198.850240 80.863095 
2200.779056 80.877706 
2202.707872 80.953295 
2204.636688 80.972219 
2206.565504 80.905590 
2208.494320 80.756964 
2210.423136 80.747358 
2212.351952 80.809254 
2214.280768 80.989584 
2216.209584 81.006052 
2218.138400 80.991649 
2220.067216 81.064333 
2221.996032 81.166685 
2223.924848 81.102423 
2225.853664 81.125161 
2227.782480 81.121120 
2229.711296 81.179051 
2231.640112 81.143614 
2233.568928 81.123489 
2235.497744 81.170850 
2237.426560 81.198955 
2239.355376 81.203351 
2241.284192 81.248982 
2243.213008 81.159167 
2245.141824 81.108575 
2247.070640 81.058216 
2248.999456 81.144157 
2250.928272 81.166168 
2252.857088 81.111482 
2254.785904 80.992679 
2256.714720 80.867397 
2258.643536 80.697794 
2260.572352 80.629376 
2262.501168 80.644056 
2264.429984 80.768411 
2266.358800 80.838185 
2268.287616 80.979961 
2270.216432 81.065060 
2272.145248 81.124816 
2274.074064 81.145327 
2276.002880 81.205328 
2277.931696 81.241728 
2279.860512 81.285880 
2281.789328 81.323606 
2283.718144 81.361530 
2285.646960 81.427231 
2287.575776 81.539448 
2289.504592 81.581420 
2291.433408 81.660906 
2293.362224 81.752026 
2295.291040 81.853078 
2297.219856 81.878485 
2299.148672 81.885826 
2301.077488 81.883506 
2303.006304 81.942938 
2304.935120 81.929524 
2306.863936 81.902416 
2308.792752 81.860684 
2310.721568 81.863754 
2312.650384 81.894775 
2314.579200 81.985119 
2316.508016 82.058847 
2318.436832 82.138123 
2320.365648 82.096661 
2322.294464 82.001017 
2324.223280 82.079561 
2326.152096 82.423406 
2328.080912 82.563619 
2330.009728 82.546828 
2331.938544 82.557767 
2333.867360 82.676349 
2335.796176 82.683468 
2337.724992 82.617967 
2339.653808 82.452592 
2341.582624 82.390752 
2343.511440 82.320972 
2345.440256 82.500194 
2347.369072 82.738592 
2349.297888 82.743544 
2351.226704 82.544970 
2353.155520 82.452623 
2355.084336 82.410957 
2357.013152 82.433520 
2358.941968 82.351248 
2360.870784 82.296668 
2362.799600 82.170269 
2364.728416 82.147338 
2366.657232 82.212707 
2368.586048 82.275092 
2370.514864 82.226037 
2372.443680 82.292323 
2374.372496 82.282862 
2376.301312 82.216943 
2378.230128 82.183520 
2380.158944 82.163191 
2382.087760 82.177727 
2384.016576 82.200545 
2385.945392 82.154163 
2387.874208 82.130901 
2389.803024 82.119814 
2391.731840 82.101533 
2393.660656 82.020521 
2395.589472 81.947003 
2397.518288 81.878771 
2399.447104 81.810865 
2401.375920 81.703263 
2403.304736 81.687612 
2405.233552 81.653396 
2407.162368 81.592258 
2409.091184 81.527584 
2411.020000 81.490320 
2412.948816 81.394568 
2414.877632 81.345259 
2416.806448 81.293968 
2418.735264 81.242575 
2420.664080 81.200896 
2422.592896 81.254156 
2424.521712 81.288569 
2426.450528 81.287611 
2428.379344 81.322757 
2430.308160 81.363869 
2432.236976 81.335891 
2434.165792 81.348922 
2436.094608 81.327034 
2438.023424 81.308989 
2439.952240 81.329880 
2441.881056 81.445121 
2443.809872 81.468582 
2445.738688 81.442497 
2447.667504 81.414237 
2449.596320 81.330901 
2451.525136 81.248890 
2453.453952 81.219171 
2455.382768 81.198483 
2457.311584 81.243899 
2459.240400 81.249333 
2461.169216 81.242388 
2463.098032 81.266424 
2465.026848 81.302252 
2466.955664 81.274398 
2468.884480 81.283107 
2470.813296 81.318334 
2472.742112 81.326498 
2474.670928 81.329058 
2476.599744 81.339876 
2478.528560 81.329215 
2480.457376 81.343331 
2482.386192 81.289043 
2484.315008 81.242574 
2486.243824 81.221425 
2488.172640 81.214126 
2490.101456 81.177248 
2492.030272 81.222126 
2493.959088 81.275648 
2495.887904 81.281886 
2497.816720 81.282212 
2499.745536 81.297236 
2501.674352 81.223831 
2503.603168 81.181326 
2505.531984 81.124481 
2507.460800 81.079352 
2509.389616 81.049128 
2511.318432 81.091060 
2513.247248 81.070895 
2515.176064 81.042082 
2517.104880 80.990354 
2519.033696 80.982181 
2520.962512 80.924468 
2522.891328 80.857623 
2524.820144 80.744706 
2526.748960 80.664384 
2528.677776 80.624099 
2530.606592 80.649732 
2532.535408 80.697657 
2534.464224 80.720272 
2536.393040 80.691222 
2538.321856 80.669638 
2540.250672 80.618339 
2542.179488 80.572813 
2544.108304 80.574458 
2546.037120 80.635867 
2547.965936 80.643848 
2549.894752 80.627159 
2551.823568 80.618970 
2553.752384 80.647449 
2555.681200 80.611776 
2557.610016 80.606330 
2559.538832 80.556215 
2561.467648 80.544943 
2563.396464 80.517651 
2565.325280 80.489954 
2567.254096 80.474710 
2569.182912 80.501227 
2571.111728 80.509585 
2573.040544 80.457528 
2574.969360 80.379078 
2576.898176 80.392757 
2578.826992 80.383110 
2580.755808 80.360130 
2582.684624 80.328705 
2584.613440 80.389315 
2586.542256 80.449657 
2588.471072 80.477703 
2590.399888 80.472241 
2592.328704 80.457195 
2594.257520 80.465758 
2596.186336 80.519238 
2598.115152 80.556564 
2600.043968 80.583182 
2601.972784 80.588757 
2603.901600 80.641661 
2605.830416 80.666669 
2607.759232 80.625954 
2609.688048 80.579381 
2611.616864 80.584832 
2613.545680 80.544481 
2615.474496 80.504894 
2617.403312 80.503037 
2619.332128 80.541668 
2621.260944 80.572135 
2623.189760 80.637225 
2625.118576 80.680944 
2627.047392 80.709688 
2628.976208 80.725612 
2630.905024 80.754696 
2632.833840 80.772399 
2634.762656 80.806941 
2636.691472 80.867984 
2638.620288 80.970206 
2640.549104 81.037525 
2642.477920 81.084882 
2644.406736 81.127978 
2646.335552 81.181442 
2648.264368 81.191899 
2650.193184 81.224203 
2652.122000 81.258983 
2654.050816 81.293096 
2655.979632 81.313286 
2657.908448 81.312303 
2659.837264 81.311510 
2661.766080 81.357974 
2663.694896 81.392483 
2665.623712 81.385227 
2667.552528 81.343532 
2669.481344 81.293493 
2671.410160 81.230678 
2673.338976 81.169488 
2675.267792 81.107458 
2677.196608 81.071554 
2679.125424 81.056702 
2681.054240 81.068035 
2682.983056 81.090127 
2684.911872 81.130587 
2686.840688 81.179658 
2688.769504 81.205682 
2690.698320 81.218877 
2692.627136 81.262156 
2694.555952 81.282526 
2696.484768 81.306931 
2698.413584 81.346464 
2700.342400 81.371972 
2702.271216 81.379520 
2704.200032 81.374884 
2706.128848 81.349524 
2708.057664 81.338236 
2709.986480 81.359275 
2711.915296 81.372603 
2713.844112 81.371410 
2715.772928 81.380054 
2717.701744 81.335184 
2719.630560 81.274539 
2721.559376 81.238598 
2723.488192 81.191149 
2725.417008 81.172207 
2727.345824 81.187414 
2729.274640 81.160572 
2731.203456 81.174821 
2733.132272 81.158094 
2735.061088 81.134080 
2736.989904 81.127804 
2738.918720 81.141260 
2740.847536 81.143460 
2742.776352 81.150942 
2744.705168 81.131949 
2746.633984 81.112731 
2748.562800 81.118000 
2750.491616 81.189622 
2752.420432 81.255339 
2754.349248 81.284016 
2756.278064 81.254306 
2758.206880 81.229277 
2760.135696 81.167615 
2762.064512 81.100448 
2763.993328 81.040362 
2765.922144 80.974814 
2767.850960 80.897071 
2769.779776 80.836709 
2771.708592 80.781177 
2773.637408 80.760090 
2775.566224 80.765191 
2777.495040 80.774566 
2779.423856 80.795328 
2781.352672 80.813384 
2783.281488 80.813312 
2785.210304 80.781666 
2787.139120 80.776245 
2789.067936 80.762690 
2790.996752 80.759114 
2792.925568 80.757569 
2794.854384 80.698156 
2796.783200 80.644837 
2798.712016 80.593287 
2800.640832 80.554896 
2802.569648 80.481898 
2804.498464 80.409900 
2806.427280 80.305766 
2808.356096 80.208983 
2810.284912 80.132459 
2812.213728 80.071072 
2814.142544 79.995618 
2816.071360 79.944406 
2818.000176 79.898511 
2819.928992 79.874170 
2821.857808 79.829269 
2823.786624 79.791269 
2825.715440 79.769564 
2827.644256 79.712349 
2829.573072 79.645024 
2831.501888 79.622926 
2833.430704 79.554209 
2835.359520 79.453279 
2837.288336 79.340324 
2839.217152 79.248065 
2841.145968 79.175193 
2843.074784 79.091808 
2845.003600 78.987044 
2846.932416 78.936346 
2848.861232 78.896562 
2850.790048 78.866907 
2852.718864 78.782357 
2854.647680 78.681332 
2856.576496 78.528526 
2858.505312 78.275965 
2860.434128 77.925853 
2862.362944 77.544347 
2864.291760 77.063633 
2866.220576 76.524046 
2868.149392 75.992096 
2870.078208 75.429763 
2872.007024 75.018916 
2873.935840 75.082519 
2875.864656 75.615863 
2877.793472 76.345091 
2879.722288 76.971994 
2881.651104 77.401374 
2883.579920 77.604738 
2885.508736 77.654185 
2887.437552 77.565213 
2889.366368 77.392343 
2891.295184 77.133198 
2893.224000 76.767987 
2895.152816 76.269829 
2897.081632 75.666186 
2899.010448 74.958812 
2900.939264 74.297068 
2902.868080 73.949750 
2904.796896 74.091446 
2906.725712 74.588925 
2908.654528 75.267318 
2910.583344 75.977863 
2912.512160 76.644821 
2914.440976 77.210490 
2916.369792 77.629932 
2918.298608 77.874461 
2920.227424 78.052408 
2922.156240 78.121438 
2924.085056 78.123348 
2926.013872 78.031361 
2927.942688 77.927173 
2929.871504 77.921607 
2931.800320 77.988863 
2933.729136 77.984001 
2935.657952 77.892494 
2937.586768 77.696794 
2939.515584 77.526944 
2941.444400 77.553035 
2943.373216 77.761215 
2945.302032 77.950958 
2947.230848 78.051283 
2949.159664 78.079630 
2951.088480 78.033466 
2953.017296 77.908786 
2954.946112 77.758811 
2956.874928 77.568700 
2958.803744 77.302618 
2960.732560 76.985302 
2962.661376 76.645189 
2964.590192 76.335373 
2966.519008 76.197898 
2968.447824 76.172952 
2970.376640 76.125281 
2972.305456 75.863541 
2974.234272 75.391580 
2976.163088 74.739904 
2978.091904 74.061401 
2980.020720 73.917140 
2981.949536 74.571772 
2983.878352 75.539059 
2985.807168 76.307416 
2987.735984 76.738757 
2989.664800 77.049009 
2991.593616 77.382184 
2993.522432 77.727994 
2995.451248 78.026555 
2997.380064 78.219374 
2999.308880 78.290722 
3001.237696 78.250825 
3003.166512 78.149560 
3005.095328 78.099920 
3007.024144 78.065603 
3008.952960 78.040604 
3010.881776 78.040417 
3012.810592 78.063491 
3014.739408 78.038130 
3016.668224 78.001869 
3018.597040 77.946492 
3020.525856 77.851392 
3022.454672 77.745487 
3024.383488 77.663859 
3026.312304 77.514852 
3028.241120 77.314446 
3030.169936 77.095241 
3032.098752 76.860091 
3034.027568 76.539521 
3035.956384 76.131797 
3037.885200 75.665207 
3039.814016 75.238090 
3041.742832 75.024601 
3043.671648 75.067845 
3045.600464 75.230534 
3047.529280 75.427449 
3049.458096 75.551761 
3051.386912 75.551245 
3053.315728 75.428042 
3055.244544 75.139571 
3057.173360 74.638401 
3059.102176 73.998923 
3061.030992 73.373605 
3062.959808 73.095224 
3064.888624 73.316550 
3066.817440 73.954847 
3068.746256 74.748101 
3070.675072 75.413004 
3072.603888 75.895405 
3074.532704 76.225430 
3076.461520 76.452433 
3078.390336 76.705637 
3080.319152 76.979775 
3082.247968 77.153726 
3084.176784 77.270446 
3086.105600 77.390385 
3088.034416 77.472436 
3089.963232 77.531642 
3091.892048 77.556199 
3093.820864 77.563444 
3095.749680 77.526294 
3097.678496 77.505891 
3099.607312 77.519360 
3101.536128 77.566328 
3103.464944 77.593837 
3105.393760 77.571790 
3107.322576 77.547262 
3109.251392 77.585390 
3111.180208 77.619170 
3113.109024 77.605913 
3115.037840 77.532101 
3116.966656 77.463816 
3118.895472 77.433294 
3120.824288 77.400487 
3122.753104 77.371415 
3124.681920 77.370671 
3126.610736 77.294229 
3128.539552 77.220905 
3130.468368 77.133968 
3132.397184 77.050646 
3134.326000 76.973201 
3136.254816 76.857836 
3138.183632 76.701633 
3140.112448 76.624647 
3142.041264 76.589077 
3143.970080 76.564472 
3145.898896 76.501739 
3147.827712 76.437892 
3149.756528 76.369940 
3151.685344 76.339276 
3153.614160 76.305522 
3155.542976 76.261073 
3157.471792 76.215797 
3159.400608 76.204947 
3161.329424 76.130519 
3163.258240 76.046727 
3165.187056 75.968368 
3167.115872 75.953720 
3169.044688 75.990215 
3170.973504 76.025326 
3172.902320 75.963489 
3174.831136 75.888606 
3176.759952 75.828212 
3178.688768 75.759136 
3180.617584 75.663238 
3182.546400 75.551397 
3184.475216 75.432721 
3186.404032 75.386424 
3188.332848 75.396086 
3190.261664 75.418628 
3192.190480 75.431963 
3194.119296 75.411962 
3196.048112 75.354615 
3197.976928 75.334394 
3199.905744 75.334596 
3201.834560 75.361424 
3203.763376 75.362483 
3205.692192 75.406000 
3207.621008 75.479962 
3209.549824 75.535050 
3211.478640 75.556701 
3213.407456 75.560478 
3215.336272 75.566812 
3217.265088 75.549699 
3219.193904 75.519181 
3221.122720 75.555988 
3223.051536 75.572364 
3224.980352 75.616730 
3226.909168 75.687696 
3228.837984 75.741686 
3230.766800 75.754155 
3232.695616 75.840541 
3234.624432 75.944803 
3236.553248 76.019602 
3238.482064 76.033536 
3240.410880 76.045137 
3242.339696 76.054657 
3244.268512 76.127273 
3246.197328 76.200428 
3248.126144 76.327798 
3250.054960 76.431060 
3251.983776 76.487486 
3253.912592 76.537531 
3255.841408 76.559213 
3257.770224 76.586725 
3259.699040 76.712003 
3261.627856 76.789545 
3263.556672 76.831426 
3265.485488 76.888387 
3267.414304 76.999225 
3269.343120 77.068253 
3271.271936 77.156040 
3273.200752 77.234830 
3275.129568 77.316063 
3277.058384 77.384541 
3278.987200 77.445619 
3280.916016 77.522303 
3282.844832 77.633509 
3284.773648 77.734379 
3286.702464 77.825516 
3288.631280 77.878698 
3290.560096 77.895659 
3292.488912 77.878748 
3294.417728 77.950558 
3296.346544 78.026944 
3298.275360 78.152438 
3300.204176 78.227902 
3302.132992 78.207437 
3304.061808 78.241201 
3305.990624 78.362904 
3307.919440 78.444196 
3309.848256 78.542725 
3311.777072 78.650928 
3313.705888 78.765588 
3315.634704 78.854868 
3317.563520 78.907981 
3319.492336 78.967867 
3321.421152 79.068050 
3323.349968 79.114425 
3325.278784 79.177965 
3327.207600 79.293773 
3329.136416 79.404753 
3331.065232 79.478277 
3332.994048 79.573550 
3334.922864 79.616474 
3336.851680 79.660249 
3338.780496 79.710067 
3340.709312 79.793130 
3342.638128 79.847570 
3344.566944 79.911888 
3346.495760 79.992472 
3348.424576 80.111526 
3350.353392 80.185754 
3352.282208 80.241398 
3354.211024 80.304012 
3356.139840 80.304731 
3358.068656 80.331197 
3359.997472 80.343461 
3361.926288 80.344776 
3363.855104 80.434143 
3365.783920 80.545675 
3367.712736 80.637933 
3369.641552 80.708890 
3371.570368 80.815028 
3373.499184 80.885577 
3375.428000 80.898307 
3377.356816 80.890079 
3379.285632 80.898230 
3381.214448 80.895102 
3383.143264 80.976896 
3385.072080 81.088374 
3387.000896 81.175579 
3388.929712 81.228135 
3390.858528 81.278834 
3392.787344 81.307268 
3394.716160 81.319902 
3396.644976 81.320727 
3398.573792 81.401326 
3400.502608 81.441266 
3402.431424 81.470048 
3404.360240 81.475462 
3406.289056 81.516735 
3408.217872 81.630641 
3410.146688 81.711892 
3412.075504 81.757092 
3414.004320 81.788416 
3415.933136 81.802633 
3417.861952 81.764575 
3419.790768 81.729986 
3421.719584 81.781491 
3423.648400 81.811545 
3425.577216 81.835304 
3427.506032 81.874676 
3429.434848 81.956364 
3431.363664 81.993580 
3433.292480 82.082161 
3435.221296 82.128346 
3437.150112 82.174624 
3439.078928 82.237412 
3441.007744 82.165009 
3442.936560 82.109914 
3444.865376 82.109578 
3446.794192 82.111737 
3448.723008 82.303279 
3450.651824 82.365324 
3452.580640 82.338846 
3454.509456 82.344734 
3456.438272 82.362522 
3458.367088 82.340319 
3460.295904 82.354040 
3462.224720 82.353617 
3464.153536 82.419835 
3466.082352 82.422674 
3468.011168 82.493794 
3469.939984 82.553723 
3471.868800 82.571781 
3473.797616 82.595853 
3475.726432 82.654813 
3477.655248 82.683265 
3479.584064 82.652778 
3481.512880 82.555625 
3483.441696 82.585715 
3485.370512 82.732799 
3487.299328 82.791757 
3489.228144 82.781017 
3491.156960 82.829603 
3493.085776 82.862472 
3495.014592 82.892061 
3496.943408 82.893646 
3498.872224 82.870913 
3500.801040 82.738929 
3502.729856 82.691114 
3504.658672 82.818023 
3506.587488 82.916259 
3508.516304 82.878743 
3510.445120 82.933763 
3512.373936 82.980056 
3514.302752 83.032766 
3516.231568 83.019422 
3518.160384 82.984008 
3520.089200 82.941000 
3522.018016 82.786728 
3523.946832 82.768956 
3525.875648 82.810208 
3527.804464 82.852616 
3529.733280 82.999853 
3531.662096 83.057539 
3533.590912 83.052422 
3535.519728 83.025551 
3537.448544 83.148679 
3539.377360 83.151129 
3541.306176 83.016288 
3543.234992 82.883485 
3545.163808 82.799586 
3547.092624 82.877242 
3549.021440 83.005706 
3550.950256 82.964990 
3552.879072 83.060022 
3554.807888 83.210247 
3556.736704 83.290617 
3558.665520 83.261799 
3560.594336 83.115107 
3562.523152 82.917860 
3564.451968 82.553061 
3566.380784 82.198603 
3568.309600 82.737018 
3570.238416 83.176007 
3572.167232 83.169792 
3574.096048 83.057560 
3576.024864 83.067006 
3577.953680 83.123254 
3579.882496 83.121722 
3581.811312 82.995026 
3583.740128 82.861090 
3585.668944 82.642541 
3587.597760 82.588410 
3589.526576 82.928723 
3591.455392 82.923211 
3593.384208 82.684147 
3595.313024 82.682315 
3597.241840 82.815359 
3599.170656 82.876042 
3601.099472 82.899588 
3603.028288 82.882535 
3604.957104 82.771129 
3606.885920 82.563598 
3608.814736 82.701002 
3610.743552 82.807896 
3612.672368 82.617411 
3614.601184 82.666190 
3616.530000 82.578811 
3618.458816 82.536782 
3620.387632 82.907805 
3622.316448 82.960310 
3624.245264 82.778777 
3626.174080 82.320113 
3628.102896 81.500191 
3630.031712 82.090522 
3631.960528 82.459093 
3633.889344 82.530031 
3635.818160 82.691473 
3637.746976 82.845366 
3639.675792 83.047947 
3641.604608 82.981804 
3643.533424 82.681638 
3645.462240 82.156230 
3647.391056 81.515633 
3649.319872 81.258251 
3651.248688 82.083148 
3653.177504 82.467265 
3655.106320 82.198352 
3657.035136 82.425687 
3658.963952 82.775711 
3660.892768 82.959584 
3662.821584 82.964184 
3664.750400 82.932368 
3666.679216 82.870020 
3668.608032 82.412212 
3670.536848 82.348331 
3672.465664 82.472100 
3674.394480 81.685488 
3676.323296 82.093635 
3678.252112 82.709253 
3680.180928 82.932781 
3682.109744 82.938974 
3684.038560 82.687143 
3685.967376 82.311987 
3687.896192 81.873686 
3689.825008 82.057803 
3691.753824 82.550024 
3693.682640 82.771329 
3695.611456 82.760357 
3697.540272 82.757457 
3699.469088 82.638982 
3701.397904 82.776983 
3703.326720 83.023179 
3705.255536 82.747933 
3707.184352 82.435178 
3709.113168 82.070115 
3711.041984 81.932504 
3712.970800 82.614480 
3714.899616 82.896810 
3716.828432 82.733445 
3718.757248 82.552446 
3720.686064 82.373179 
3722.614880 82.398482 
3724.543696 82.426197 
3726.472512 82.595604 
3728.401328 82.784625 
3730.330144 82.501306 
3732.258960 82.059168 
3734.187776 81.727203 
3736.116592 82.140916 
3738.045408 82.755077 
3739.974224 82.901923 
3741.903040 82.665642 
3743.831856 82.032576 
3745.760672 82.252941 
3747.689488 82.128215 
3749.618304 81.710830 
3751.547120 81.964052 
3753.475936 82.500531 
3755.404752 82.545639 
3757.333568 82.393590 
3759.262384 82.492940 
3761.191200 82.804117 
3763.120016 82.697930 
3765.048832 82.477357 
3766.977648 82.507042 
3768.906464 82.389149 
3770.835280 82.673865 
3772.764096 82.804252 
3774.692912 82.708753 
3776.621728 82.592883 
3778.550544 82.413243 
3780.479360 82.574630 
3782.408176 82.663453 
3784.336992 82.662498 
3786.265808 82.810009 
3788.194624 82.898718 
3790.123440 82.929870 
3792.052256 82.955159 
3793.981072 82.777953 
3795.909888 82.564115 
3797.838704 82.642005 
3799.767520 82.206837 
3801.696336 81.994439 
3803.625152 82.546425 
3805.553968 82.411257 
3807.482784 82.610876 
3809.411600 82.865197 
3811.340416 82.861537 
3813.269232 82.639757 
3815.198048 82.214766 
3817.126864 82.492091 
3819.055680 82.250580 
3820.984496 82.041411 
3822.913312 82.734884 
3824.842128 82.642710 
3826.770944 82.600254 
3828.699760 82.741085 
3830.628576 82.650603 
3832.557392 82.625356 
3834.486208 82.502062 
3836.415024 82.113097 
3838.343840 81.872060 
3840.272656 82.171182 
3842.201472 82.502822 
3844.130288 82.721124 
3846.059104 82.769027 
3847.987920 82.604942 
3849.916736 82.294663 
3851.845552 81.423122 
3853.774368 81.671358 
3855.703184 82.559817 
3857.632000 82.567206 
3859.560816 82.524241 
3861.489632 82.367231 
3863.418448 82.166864 
3865.347264 82.304420 
3867.276080 82.279174 
3869.204896 81.994435 
3871.133712 82.468342 
3873.062528 82.470986 
3874.991344 82.610349 
3876.920160 82.681763 
3878.848976 82.314033 
3880.777792 82.335687 
3882.706608 82.481485 
3884.635424 82.165091 
3886.564240 82.446611 
3888.493056 82.588001 
3890.421872 82.304416 
3892.350688 82.508465 
3894.279504 82.745011 
3896.208320 82.629257 
3898.137136 82.225699 
3900.065952 81.956479 
3901.994768 81.898925 
3903.923584 81.984119 
3905.852400 82.399978 
3907.781216 82.626249 
3909.710032 82.635363 
3911.638848 82.619503 
3913.567664 82.605692 
3915.496480 82.446432 
3917.425296 82.345472 
3919.354112 82.436547 
3921.282928 82.524616 
3923.211744 82.371534 
3925.140560 82.336189 
3927.069376 82.469192 
3928.998192 82.315509 
3930.927008 82.270332 
3932.855824 82.466097 
3934.784640 82.604620 
3936.713456 82.549003 
3938.642272 82.554373 
3940.571088 82.481359 
3942.499904 82.389462 
3944.428720 82.495118 
3946.357536 82.431143 
3948.286352 82.326335 
3950.215168 82.475641 
3952.143984 82.548795 
3954.072800 82.576004 
3956.001616 82.565007 
3957.930432 82.596660 
3959.859248 82.603996 
3961.788064 82.592863 
3963.716880 82.646434 
3965.645696 82.710186 
3967.574512 82.672149 
3969.503328 82.627128 
3971.432144 82.614110 
3973.360960 82.563509 
3975.289776 82.556365 
3977.218592 82.639290 
3979.147408 82.625904 
3981.076224 82.603180 
3983.005040 82.629026 
3984.933856 82.622825 
3986.862672 82.564236 
3988.791488 82.517178 
3990.720304 82.510382 
3992.649120 82.550727 
3994.577936 82.569181 
3996.506752 82.542873 
3998.435568 82.502846 
4000.364384 82.546216 