##YUNITS=%T
399.264912 32.227394 
401.193728 52.696213 
403.122544 73.355527 
405.051360 67.841467 
406.980176 44.777024 
408.908992 52.638743 
410.837808 55.751388 
412.766624 77.457603 
414.695440 101.219623 
416.624256 37.777562 
418.553072 24.299617 
420.481888 34.547000 
422.410704 144.305865 
424.339520 171.419520 
426.268336 145.186956 
428.197152 126.469570 
430.125968 132.891144 
432.054784 113.608557 
433.983600 82.783413 
435.912416 90.535505 
437.841232 87.749190 
439.770048 136.256150 
441.698864 107.778043 
443.627680 115.780119 
445.556496 151.206655 
447.485312 100.288395 
449.414128 115.095254 
451.342944 201.676140 
453.271760 221.368374 
455.200576 164.878482 
457.129392 118.083750 
459.058208 100.994138 
460.987024 82.210145 
462.915840 77.772648 
464.844656 77.238927 
466.773472 54.864256 
468.702288 72.558182 
470.631104 98.345450 
472.559920 117.795939 
474.488736 114.538924 
476.417552 97.886853 
478.346368 109.939053 
480.275184 119.746348 
482.204000 97.785693 
484.132816 70.408759 
486.061632 88.400096 
487.990448 113.300893 
489.919264 86.185875 
491.848080 92.366644 
493.776896 130.968440 
495.705712 116.268296 
497.634528 116.017838 
499.563344 134.681347 
501.492160 106.273310 
503.420976 146.528820 
505.349792 179.336348 
507.278608 116.198485 
509.207424 111.814749 
511.136240 121.326029 
513.065056 97.850212 
514.993872 118.820579 
516.922688 124.081011 
518.851504 106.582009 
520.780320 96.910290 
522.709136 79.675680 
524.637952 83.477536 
526.566768 78.975349 
528.495584 58.904063 
530.424400 82.886704 
532.353216 130.102023 
534.282032 126.671478 
536.210848 77.989451 
538.139664 63.184269 
540.068480 67.398905 
541.997296 81.024536 
543.926112 97.802489 
545.854928 82.043949 
547.783744 61.255290 
549.712560 77.241498 
551.641376 85.234143 
553.570192 84.782649 
555.499008 80.416143 
557.427824 86.086255 
559.356640 88.007255 
561.285456 72.539271 
563.214272 71.881648 
565.143088 78.517139 
567.071904 71.387372 
569.000720 67.310953 
570.929536 84.177887 
572.858352 83.779380 
574.787168 71.701877 
576.715984 72.952834 
578.644800 72.170036 
580.573616 68.986958 
582.502432 69.924513 
584.431248 74.027769 
586.360064 78.157712 
588.288880 77.804548 
590.217696 78.204751 
592.146512 78.125676 
594.075328 75.455193 
596.004144 74.294169 
597.932960 73.180272 
599.861776 72.532188 
601.790592 74.117811 
603.719408 72.194593 
605.648224 70.910812 
607.577040 72.168504 
609.505856 71.143759 
611.434672 69.856018 
613.363488 71.857859 
615.292304 67.925754 
617.221120 66.457558 
619.149936 64.642461 
621.078752 62.670241 
623.007568 62.321543 
624.936384 62.550109 
626.865200 62.236770 
628.794016 65.694824 
630.722832 68.796819 
632.651648 66.990325 
634.580464 62.004175 
636.509280 57.749578 
638.438096 56.699943 
640.366912 60.088653 
642.295728 64.224101 
644.224544 65.496039 
646.153360 65.946161 
648.082176 66.187260 
650.010992 66.828692 
651.939808 66.270401 
653.868624 64.433534 
655.797440 63.533348 
657.726256 62.329892 
659.655072 61.481455 
661.583888 61.987208 
663.512704 62.985000 
665.441520 63.170471 
667.370336 62.953765 
669.299152 63.086302 
671.227968 62.912649 
673.156784 62.543801 
675.085600 62.123074 
677.014416 61.710703 
678.943232 61.163701 
680.872048 60.348220 
682.800864 59.314673 
684.729680 58.213184 
686.658496 56.607047 
688.587312 54.330203 
690.516128 51.455694 
692.444944 48.698272 
694.373760 47.936243 
696.302576 49.536094 
698.231392 50.185274 
700.160208 48.424219 
702.089024 47.142582 
704.017840 47.131911 
705.946656 50.477586 
707.875472 56.369288 
709.804288 60.294459 
711.733104 61.450074 
713.661920 61.472337 
715.590736 60.856067 
717.519552 59.879404 
719.448368 59.221190 
721.377184 58.516984 
723.306000 57.700707 
725.234816 56.920594 
727.163632 55.796515 
729.092448 54.432011 
731.021264 52.921356 
732.950080 50.852832 
734.878896 48.342411 
736.807712 45.492326 
738.736528 41.759489 
740.665344 36.985404 
742.594160 31.928048 
744.522976 28.920741 
746.451792 29.426757 
748.380608 31.607198 
750.309424 31.771028 
752.238240 29.709366 
754.167056 30.784788 
756.095872 32.935291 
758.024688 31.475108 
759.953504 31.556803 
761.882320 37.085346 
763.811136 43.584422 
765.739952 47.146049 
767.668768 49.980137 
769.597584 53.086692 
771.526400 54.823160 
773.455216 54.313325 
775.384032 52.043156 
777.312848 48.517533 
779.241664 44.569138 
781.170480 40.311233 
783.099296 35.680645 
785.028112 32.467164 
786.956928 34.410975 
788.885744 41.302224 
790.814560 47.607801 
792.743376 51.602667 
794.672192 53.464194 
796.601008 53.962767 
798.529824 55.859017 
800.458640 56.924890 
802.387456 57.058192 
804.316272 57.163017 
806.245088 56.268612 
808.173904 54.106814 
810.102720 50.428422 
812.031536 45.944885 
813.960352 42.223748 
815.889168 40.566408 
817.817984 41.703665 
819.746800 45.049530 
821.675616 48.209684 
823.604432 48.431608 
825.533248 48.833100 
827.462064 55.480847 
829.390880 64.286683 
831.319696 68.531548 
833.248512 69.022714 
835.177328 68.120142 
837.106144 66.591998 
839.034960 64.603933 
840.963776 62.177013 
842.892592 59.291556 
844.821408 56.578303 
846.750224 55.204715 
848.679040 55.594968 
850.607856 57.104256 
852.536672 59.554570 
854.465488 62.212857 
856.394304 64.251187 
858.323120 65.512160 
860.251936 65.918461 
862.180752 65.221754 
864.109568 63.010614 
866.038384 59.666395 
867.967200 57.963596 
869.896016 58.916489 
871.824832 59.239693 
873.753648 58.054149 
875.682464 57.971706 
877.611280 60.930667 
879.540096 64.758970 
881.468912 65.940093 
883.397728 64.720730 
885.326544 62.886618 
887.255360 62.061270 
889.184176 62.532914 
891.112992 62.970707 
893.041808 63.124070 
894.970624 62.770685 
896.899440 61.291175 
898.828256 58.906350 
900.757072 55.778119 
902.685888 52.607818 
904.614704 51.512109 
906.543520 53.560340 
908.472336 57.230723 
910.401152 60.428680 
912.329968 62.417648 
914.258784 63.304046 
916.187600 63.623421 
918.116416 63.478006 
920.045232 62.848411 
921.974048 61.841433 
923.902864 60.757210 
925.831680 59.522772 
927.760496 58.175022 
929.689312 56.578668 
931.618128 54.404709 
933.546944 51.502894 
935.475760 47.904225 
937.404576 43.963150 
939.333392 41.321699 
941.262208 41.617627 
943.191024 43.746698 
945.119840 44.681369 
947.048656 43.049670 
948.977472 39.713703 
950.906288 37.703918 
952.835104 38.117994 
954.763920 38.673446 
956.692736 38.708037 
958.621552 39.034833 
960.550368 39.712785 
962.479184 40.351287 
964.408000 41.279850 
966.336816 44.288466 
968.265632 49.748499 
970.194448 55.340323 
972.123264 58.774320 
974.052080 59.934101 
975.980896 61.023028 
977.909712 62.847536 
979.838528 63.736621 
981.767344 63.324285 
983.696160 62.364193 
985.624976 61.174492 
987.553792 59.463021 
989.482608 57.164952 
991.411424 54.409352 
993.340240 51.225705 
995.269056 47.533847 
997.197872 43.285862 
999.126688 38.463815 
1001.055504 33.369911 
1002.984320 28.876114 
1004.913136 26.627575 
1006.841952 27.745315 
1008.770768 31.822945 
1010.699584 37.575593 
1012.628400 43.919446 
1014.557216 49.407180 
1016.486032 52.387742 
1018.414848 52.250131 
1020.343664 49.857860 
1022.272480 47.113677 
1024.201296 46.452393 
1026.130112 47.223799 
1028.058928 47.830868 
1029.987744 49.118237 
1031.916560 50.437015 
1033.845376 50.819400 
1035.774192 50.367469 
1037.703008 49.991866 
1039.631824 50.338667 
1041.560640 51.678166 
1043.489456 53.080247 
1045.418272 52.569673 
1047.347088 49.360521 
1049.275904 44.211615 
1051.204720 40.216367 
1053.133536 39.501274 
1055.062352 39.617027 
1056.991168 39.510503 
1058.919984 40.965281 
1060.848800 43.242608 
1062.777616 44.512334 
1064.706432 44.450317 
1066.635248 43.586804 
1068.564064 42.660639 
1070.492880 42.608948 
1072.421696 44.005449 
1074.350512 46.948169 
1076.279328 50.486290 
1078.208144 53.318576 
1080.136960 54.368692 
1082.065776 53.072981 
1083.994592 51.588490 
1085.923408 54.381329 
1087.852224 60.412914 
1089.781040 65.040782 
1091.709856 66.894366 
1093.638672 66.721506 
1095.567488 65.028337 
1097.496304 62.213988 
1099.425120 58.552484 
1101.353936 54.647430 
1103.282752 51.104527 
1105.211568 48.519029 
1107.140384 47.227113 
1109.069200 47.293898 
1110.998016 48.171057 
1112.926832 49.565761 
1114.855648 52.913959 
1116.784464 59.304197 
1118.713280 66.373104 
1120.642096 71.309580 
1122.570912 73.724007 
1124.499728 74.598659 
1126.428544 74.545670 
1128.357360 73.976492 
1130.286176 73.276828 
1132.214992 72.906463 
1134.143808 72.619393 
1136.072624 72.280468 
1138.001440 71.200036 
1139.930256 69.427560 
1141.859072 66.851310 
1143.787888 63.263088 
1145.716704 58.617068 
1147.645520 53.773639 
1149.574336 50.347083 
1151.503152 50.236560 
1153.431968 53.967948 
1155.360784 58.993172 
1157.289600 62.418527 
1159.218416 64.166916 
1161.147232 65.216803 
1163.076048 66.126718 
1165.004864 66.443747 
1166.933680 66.147853 
1168.862496 65.869402 
1170.791312 65.974443 
1172.720128 65.969768 
1174.648944 65.868843 
1176.577760 65.497225 
1178.506576 64.750385 
1180.435392 63.648109 
1182.364208 62.418154 
1184.293024 60.910406 
1186.221840 59.033426 
1188.150656 56.708499 
1190.079472 54.039079 
1192.008288 50.903330 
1193.937104 47.528690 
1195.865920 44.628529 
1197.794736 43.290474 
1199.723552 43.560577 
1201.652368 43.812180 
1203.581184 42.848149 
1205.510000 42.147308 
1207.438816 43.325689 
1209.367632 45.979455 
1211.296448 48.612636 
1213.225264 49.858293 
1215.154080 49.100698 
1217.082896 46.821609 
1219.011712 44.258406 
1220.940528 42.494455 
1222.869344 40.768459 
1224.798160 39.121325 
1226.726976 39.689979 
1228.655792 43.556317 
1230.584608 48.686376 
1232.513424 52.951696 
1234.442240 56.386496 
1236.371056 59.393239 
1238.299872 61.536906 
1240.228688 62.817364 
1242.157504 63.356371 
1244.086320 63.327424 
1246.015136 62.698857 
1247.943952 61.386058 
1249.872768 59.272783 
1251.801584 56.400917 
1253.730400 52.629470 
1255.659216 48.071315 
1257.588032 43.857803 
1259.516848 42.597869 
1261.445664 45.041725 
1263.374480 48.024606 
1265.303296 48.710564 
1267.232112 47.096833 
1269.160928 44.133023 
1271.089744 40.721223 
1273.018560 37.478435 
1274.947376 34.558087 
1276.876192 31.682852 
1278.805008 28.897441 
1280.733824 26.290255 
1282.662640 24.571032 
1284.591456 24.517436 
1286.520272 26.313869 
1288.449088 29.482538 
1290.377904 33.906722 
1292.306720 39.402958 
1294.235536 45.106692 
1296.164352 50.319989 
1298.093168 54.548019 
1300.021984 57.236504 
1301.950800 59.543137 
1303.879616 62.119095 
1305.808432 63.624717 
1307.737248 63.153805 
1309.666064 61.352791 
1311.594880 59.197409 
1313.523696 56.359216 
1315.452512 53.389637 
1317.381328 53.122577 
1319.310144 57.167084 
1321.238960 62.573052 
1323.167776 66.549206 
1325.096592 69.073813 
1327.025408 70.490130 
1328.954224 71.325494 
1330.883040 71.834661 
1332.811856 72.054436 
1334.740672 72.004287 
1336.669488 71.602408 
1338.598304 70.762912 
1340.527120 69.581097 
1342.455936 68.391674 
1344.384752 67.155129 
1346.313568 65.763305 
1348.242384 63.932638 
1350.171200 61.250854 
1352.100016 57.788379 
1354.028832 54.508698 
1355.957648 52.689667 
1357.886464 52.501912 
1359.815280 52.783875 
1361.744096 52.190512 
1363.672912 49.348993 
1365.601728 46.577462 
1367.530544 45.068645 
1369.459360 43.813710 
1371.388176 41.795479 
1373.316992 39.029703 
1375.245808 36.702517 
1377.174624 39.042654 
1379.103440 47.114021 
1381.032256 56.507670 
1382.961072 62.021753 
1384.889888 62.795888 
1386.818704 60.022974 
1388.747520 55.050965 
1390.676336 50.868582 
1392.605152 47.146455 
1394.533968 43.315916 
1396.462784 40.040716 
1398.391600 39.172174 
1400.320416 40.347152 
1402.249232 43.417708 
1404.178048 48.730854 
1406.106864 55.303967 
1408.035680 59.705594 
1409.964496 62.175629 
1411.893312 62.910105 
1413.822128 62.763001 
1415.750944 62.605290 
1417.679760 62.690571 
1419.608576 62.606193 
1421.537392 62.013791 
1423.466208 61.174418 
1425.395024 60.242601 
1427.323840 59.433690 
1429.252656 58.307191 
1431.181472 56.562439 
1433.110288 54.490674 
1435.039104 52.372222 
1436.967920 48.624975 
1438.896736 44.087003 
1440.825552 39.734618 
1442.754368 36.269216 
1444.683184 36.142245 
1446.612000 40.255716 
1448.540816 48.431268 
1450.469632 54.326049 
1452.398448 56.400713 
1454.327264 54.765335 
1456.256080 49.225504 
1458.184896 38.314300 
1460.113712 32.375708 
1462.042528 29.850945 
1463.971344 30.644177 
1465.900160 38.748665 
1467.828976 49.889433 
1469.757792 60.041921 
1471.686608 64.515831 
1473.615424 60.854145 
1475.544240 57.285007 
1477.473056 56.749173 
1479.401872 56.566088 
1481.330688 53.932870 
1483.259504 49.654997 
1485.188320 47.410408 
1487.117136 51.823426 
1489.045952 61.144828 
1490.974768 68.379642 
1492.903584 70.128978 
1494.832400 70.051330 
1496.761216 68.965565 
1498.690032 67.240174 
1500.618848 65.318966 
1502.547664 63.589326 
1504.476480 62.260866 
1506.405296 62.612042 
1508.334112 64.881209 
1510.262928 66.337280 
1512.191744 67.716063 
1514.120560 68.782461 
1516.049376 69.046396 
1517.978192 69.061521 
1519.907008 68.400360 
1521.835824 66.567599 
1523.764640 64.386312 
1525.693456 61.723484 
1527.622272 57.845854 
1529.551088 54.084671 
1531.479904 50.952861 
1533.408720 47.066492 
1535.337536 44.966014 
1537.266352 44.795971 
1539.195168 46.527218 
1541.123984 49.713993 
1543.052800 51.092860 
1544.981616 51.654644 
1546.910432 51.517731 
1548.839248 50.437098 
1550.768064 48.085040 
1552.696880 45.745938 
1554.625696 42.618804 
1556.554512 40.313454 
1558.483328 40.473543 
1560.412144 40.823590 
1562.340960 42.300806 
1564.269776 45.856863 
1566.198592 50.812903 
1568.127408 54.080613 
1570.056224 55.611017 
1571.985040 54.257075 
1573.913856 52.322969 
1575.842672 49.881232 
1577.771488 47.830531 
1579.700304 46.668436 
1581.629120 44.553636 
1583.557936 41.792198 
1585.486752 40.125280 
1587.415568 40.638889 
1589.344384 42.458796 
1591.273200 44.905777 
1593.202016 48.408634 
1595.130832 52.819862 
1597.059648 54.811965 
1598.988464 52.275320 
1600.917280 46.910729 
1602.846096 41.961759 
1604.774912 40.212513 
1606.703728 41.898804 
1608.632544 46.016082 
1610.561360 51.096000 
1612.490176 55.457947 
1614.418992 58.275332 
1616.347808 59.546542 
1618.276624 59.149556 
1620.205440 58.790319 
1622.134256 59.152470 
1624.063072 59.763643 
1625.991888 58.997330 
1627.920704 56.185227 
1629.849520 52.191022 
1631.778336 48.328616 
1633.707152 44.759782 
1635.635968 39.984728 
1637.564784 36.160260 
1639.493600 34.437945 
1641.422416 33.567956 
1643.351232 33.497465 
1645.280048 34.374976 
1647.208864 36.852981 
1649.137680 39.007308 
1651.066496 40.949873 
1652.995312 50.556670 
1654.924128 61.642266 
1656.852944 66.668418 
1658.781760 72.827304 
1660.710576 78.115166 
1662.639392 82.850636 
1664.568208 85.688253 
1666.497024 86.951646 
1668.425840 87.883978 
1670.354656 89.066661 
1672.283472 89.452438 
1674.212288 89.842319 
1676.141104 90.209485 
1678.069920 90.384006 
1679.998736 90.350741 
1681.927552 90.425832 
1683.856368 90.466346 
1685.785184 90.742385 
1687.714000 90.430710 
1689.642816 90.223616 
1691.571632 89.931350 
1693.500448 89.688338 
1695.429264 89.497612 
1697.358080 89.651771 
1699.286896 89.589883 
1701.215712 90.021751 
1703.144528 89.823227 
1705.073344 89.844441 
1707.002160 89.931376 
1708.930976 89.942448 
1710.859792 89.764950 
1712.788608 89.667017 
1714.717424 89.488887 
1716.646240 89.592456 
1718.575056 89.881110 
1720.503872 89.900713 
1722.432688 89.752123 
1724.361504 89.794662 
1726.290320 89.704947 
1728.219136 89.597917 
1730.147952 89.418365 
1732.076768 89.251763 
1734.005584 89.244014 
1735.934400 89.344054 
1737.863216 89.002063 
1739.792032 88.924050 
1741.720848 88.754089 
1743.649664 88.651975 
1745.578480 88.449439 
1747.507296 88.277129 
1749.436112 88.146059 
1751.364928 88.283710 
1753.293744 88.173032 
1755.222560 87.963841 
1757.151376 87.912370 
1759.080192 87.923823 
1761.009008 87.879184 
1762.937824 88.076632 
1764.866640 88.006994 
1766.795456 87.895978 
1768.724272 87.772761 
1770.653088 87.648017 
1772.581904 87.669224 
1774.510720 87.671010 
1776.439536 87.470193 
1778.368352 87.338989 
1780.297168 87.244020 
1782.225984 87.249162 
1784.154800 87.182452 
1786.083616 87.312835 
1788.012432 87.261061 
1789.941248 87.133561 
1791.870064 87.111062 
1793.798880 87.236112 
1795.727696 87.086835 
1797.656512 87.010098 
1799.585328 86.862323 
1801.514144 86.833914 
1803.442960 86.720432 
1805.371776 86.603610 
1807.300592 86.395364 
1809.229408 86.227267 
1811.158224 86.078363 
1813.087040 86.141164 
1815.015856 86.093496 
1816.944672 86.010415 
1818.873488 85.864673 
1820.802304 85.817608 
1822.731120 85.651184 
1824.659936 85.660923 
1826.588752 85.630621 
1828.517568 85.474079 
1830.446384 85.519277 
1832.375200 85.541081 
1834.304016 85.366163 
1836.232832 85.191277 
1838.161648 85.005769 
1840.090464 84.820216 
1842.019280 84.405128 
1843.948096 84.359506 
1845.876912 84.512197 
1847.805728 84.671834 
1849.734544 84.867537 
1851.663360 85.082520 
1853.592176 85.227622 
1855.520992 85.382468 
1857.449808 85.483040 
1859.378624 85.606919 
1861.307440 85.664498 
1863.236256 85.782198 
1865.165072 85.646599 
1867.093888 85.442297 
1869.022704 85.462203 
1870.951520 85.519527 
1872.880336 85.352012 
1874.809152 85.219010 
1876.737968 85.038287 
1878.666784 85.010057 
1880.595600 84.971759 
1882.524416 84.857141 
1884.453232 84.631439 
1886.382048 84.468803 
1888.310864 84.289326 
1890.239680 84.417671 
1892.168496 84.445202 
1894.097312 84.501702 
1896.026128 84.486487 
1897.954944 84.471943 
1899.883760 84.387559 
1901.812576 84.353695 
1903.741392 84.201406 
1905.670208 84.048640 
1907.599024 83.834322 
1909.527840 83.747582 
1911.456656 83.590260 
1913.385472 83.326419 
1915.314288 82.947501 
1917.243104 82.786074 
1919.171920 82.586892 
1921.100736 82.378721 
1923.029552 82.377812 
1924.958368 82.536175 
1926.887184 82.585326 
1928.816000 82.758930 
1930.744816 82.777776 
1932.673632 82.892079 
1934.602448 82.873367 
1936.531264 82.815807 
1938.460080 82.644287 
1940.388896 82.513488 
1942.317712 82.385153 
1944.246528 82.175756 
1946.175344 81.785074 
1948.104160 81.573073 
1950.032976 81.620690 
1951.961792 82.038343 
1953.890608 82.445808 
1955.819424 82.835720 
1957.748240 82.799928 
1959.677056 82.848482 
1961.605872 82.739290 
1963.534688 82.681722 
1965.463504 82.565594 
1967.392320 82.733933 
1969.321136 82.680292 
1971.249952 82.544588 
1973.178768 82.409618 
1975.107584 82.351306 
1977.036400 81.967781 
1978.965216 81.851002 
1980.894032 81.943920 
1982.822848 82.043697 
1984.751664 82.009988 
1986.680480 82.168853 
1988.609296 82.158895 
1990.538112 82.224982 
1992.466928 82.191327 
1994.395744 82.141804 
1996.324560 82.033415 
1998.253376 82.201174 
2000.182192 82.200709 
2002.111008 82.230692 
2004.039824 82.167485 
2005.968640 82.087109 
2007.897456 81.788783 
2009.826272 81.850503 
2011.755088 81.887765 
2013.683904 81.947118 
2015.612720 81.991241 
2017.541536 82.162336 
2019.470352 82.123645 
2021.399168 82.203259 
2023.327984 82.198953 
2025.256800 82.419273 
2027.185616 82.397624 
2029.114432 82.294389 
2031.043248 82.265600 
2032.972064 82.325969 
2034.900880 82.032771 
2036.829696 81.938118 
2038.758512 81.782999 
2040.687328 81.826904 
2042.616144 81.996123 
2044.544960 82.127856 
2046.473776 82.035128 
2048.402592 81.806042 
2050.331408 81.603975 
2052.260224 81.870637 
2054.189040 81.949621 
2056.117856 82.018392 
2058.046672 82.095846 
2059.975488 82.189948 
2061.904304 82.052604 
2063.833120 81.895176 
2065.761936 81.831370 
2067.690752 81.869571 
2069.619568 81.765680 
2071.548384 81.775719 
2073.477200 81.808270 
2075.406016 81.838518 
2077.334832 81.810600 
2079.263648 81.807882 
2081.192464 81.858078 
2083.121280 82.039185 
2085.050096 82.135610 
2086.978912 82.284093 
2088.907728 82.339941 
2090.836544 82.391639 
2092.765360 82.469233 
2094.694176 82.480741 
2096.622992 82.353511 
2098.551808 82.307330 
2100.480624 82.299250 
2102.409440 82.332090 
2104.338256 82.304759 
2106.267072 82.295606 
2108.195888 82.262673 
2110.124704 82.264564 
2112.053520 82.140820 
2113.982336 82.113178 
2115.911152 82.126641 
2117.839968 82.203292 
2119.768784 82.259229 
2121.697600 82.373096 
2123.626416 82.392219 
2125.555232 82.406178 
2127.484048 82.384199 
2129.412864 82.489737 
2131.341680 82.597338 
2133.270496 82.526776 
2135.199312 82.235464 
2137.128128 82.092608 
2139.056944 82.103868 
2140.985760 82.146537 
2142.914576 81.992129 
2144.843392 81.906013 
2146.772208 81.864158 
2148.701024 82.009019 
2150.629840 82.104436 
2152.558656 82.253875 
2154.487472 82.284055 
2156.416288 82.367187 
2158.345104 81.923671 
2160.273920 81.206090 
2162.202736 80.837873 
2164.131552 80.822101 
2166.060368 80.819025 
2167.989184 80.996176 
2169.918000 81.083135 
2171.846816 81.042400 
2173.775632 80.907543 
2175.704448 80.777375 
2177.633264 80.662385 
2179.562080 80.749677 
2181.490896 80.662472 
2183.419712 80.709696 
2185.348528 80.703083 
2187.277344 80.720129 
2189.206160 80.687911 
2191.134976 80.620892 
2193.063792 80.645503 
2194.992608 80.727274 
2196.921424 80.782426 
2198.850240 80.883605 
2200.779056 80.776431 
2202.707872 80.837505 
2204.636688 80.893390 
2206.565504 80.888759 
2208.494320 80.796072 
2210.423136 80.742293 
2212.351952 80.797584 
2214.280768 81.035062 
2216.209584 81.087538 
2218.138400 81.099505 
2220.067216 81.054141 
2221.996032 81.135421 
2223.924848 81.114704 
2225.853664 81.153119 
2227.782480 81.047922 
2229.711296 80.973959 
2231.640112 81.066008 
2233.568928 81.199598 
2235.497744 81.220975 
2237.426560 81.226269 
2239.355376 81.200832 
2241.284192 81.188221 
2243.213008 81.122115 
2245.141824 81.072320 
2247.070640 81.026637 
2248.999456 81.075933 
2250.928272 81.082058 
2252.857088 81.097578 
2254.785904 81.003655 
2256.714720 80.865734 
2258.643536 80.746686 
2260.572352 80.644224 
2262.501168 80.642854 
2264.429984 80.751505 
2266.358800 80.840734 
2268.287616 80.923856 
2270.216432 81.001253 
2272.145248 81.120918 
2274.074064 81.144818 
2276.002880 81.168033 
2277.931696 81.142341 
2279.860512 81.182259 
2281.789328 81.235703 
2283.718144 81.328379 
2285.646960 81.423768 
2287.575776 81.530941 
2289.504592 81.557381 
2291.433408 81.626157 
2293.362224 81.661228 
2295.291040 81.707346 
2297.219856 81.747330 
2299.148672 81.815677 
2301.077488 81.867051 
2303.006304 81.943172 
2304.935120 81.914804 
2306.863936 81.836517 
2308.792752 81.739067 
2310.721568 81.721072 
2312.650384 81.786646 
2314.579200 81.936868 
2316.508016 81.999654 
2318.436832 81.992762 
2320.365648 81.896330 
2322.294464 81.817709 
2324.223280 81.935451 
2326.152096 82.371990 
2328.080912 82.594931 
2330.009728 82.569307 
2331.938544 82.489470 
2333.867360 82.576538 
2335.796176 82.620123 
2337.724992 82.597554 
2339.653808 82.477470 
2341.582624 82.363702 
2343.511440 82.309714 
2345.440256 82.514605 
2347.369072 82.725240 
2349.297888 82.703850 
2351.226704 82.527443 
2353.155520 82.484520 
2355.084336 82.451921 
2357.013152 82.484993 
2358.941968 82.539519 
2360.870784 82.622142 
2362.799600 82.374528 
2364.728416 82.266627 
2366.657232 82.314185 
2368.586048 82.348719 
2370.514864 82.229555 
2372.443680 82.166657 
2374.372496 82.155505 
2376.301312 82.173788 
2378.230128 82.121637 
2380.158944 82.100772 
2382.087760 82.071473 
2384.016576 82.070713 
2385.945392 82.023876 
2387.874208 81.986130 
2389.803024 81.961070 
2391.731840 81.952407 
2393.660656 81.911203 
2395.589472 81.859718 
2397.518288 81.794266 
2399.447104 81.754843 
2401.375920 81.663680 
2403.304736 81.643462 
2405.233552 81.606666 
2407.162368 81.572013 
2409.091184 81.516898 
2411.020000 81.461917 
2412.948816 81.384239 
2414.877632 81.313632 
2416.806448 81.242970 
2418.735264 81.207803 
2420.664080 81.170421 
2422.592896 81.197060 
2424.521712 81.197059 
2426.450528 81.198279 
2428.379344 81.222677 
2430.308160 81.258846 
2432.236976 81.238079 
2434.165792 81.219932 
2436.094608 81.191792 
2438.023424 81.225124 
2439.952240 81.272264 
2441.881056 81.337082 
2443.809872 81.347739 
2445.738688 81.340552 
2447.667504 81.309708 
2449.596320 81.248668 
2451.525136 81.214532 
2453.453952 81.152008 
2455.382768 81.099727 
2457.311584 81.144130 
2459.240400 81.196804 
2461.169216 81.193599 
2463.098032 81.208495 
2465.026848 81.259483 
2466.955664 81.265722 
2468.884480 81.254670 
2470.813296 81.229290 
2472.742112 81.234592 
2474.670928 81.217333 
2476.599744 81.243933 
2478.528560 81.247883 
2480.457376 81.216170 
2482.386192 81.165683 
2484.315008 81.157488 
2486.243824 81.145351 
2488.172640 81.144059 
2490.101456 81.123106 
2492.030272 81.169605 
2493.959088 81.179727 
2495.887904 81.174992 
2497.816720 81.157153 
2499.745536 81.132384 
2501.674352 81.063909 
2503.603168 81.065563 
2505.531984 81.002196 
2507.460800 80.969421 
2509.389616 80.978107 
2511.318432 80.989161 
2513.247248 80.959659 
2515.176064 80.938376 
2517.104880 80.898073 
2519.033696 80.899919 
2520.962512 80.803670 
2522.891328 80.723787 
2524.820144 80.665815 
2526.748960 80.568736 
2528.677776 80.535748 
2530.606592 80.571661 
2532.535408 80.585111 
2534.464224 80.589786 
2536.393040 80.563753 
2538.321856 80.560538 
2540.250672 80.525363 
2542.179488 80.505817 
2544.108304 80.504524 
2546.037120 80.535527 
2547.965936 80.550296 
2549.894752 80.539585 
2551.823568 80.548510 
2553.752384 80.594280 
2555.681200 80.585691 
2557.610016 80.581411 
2559.538832 80.494469 
2561.467648 80.439306 
2563.396464 80.439246 
2565.325280 80.464558 
2567.254096 80.455899 
2569.182912 80.447881 
2571.111728 80.426380 
2573.040544 80.395613 
2574.969360 80.353921 
2576.898176 80.331982 
2578.826992 80.276973 
2580.755808 80.273216 
2582.684624 80.283874 
2584.613440 80.300937 
2586.542256 80.339714 
2588.471072 80.417220 
2590.399888 80.421074 
2592.328704 80.415543 
2594.257520 80.456751 
2596.186336 80.510209 
2598.115152 80.478705 
2600.043968 80.498301 
2601.972784 80.568110 
2603.901600 80.629870 
2605.830416 80.591598 
2607.759232 80.528037 
2609.688048 80.504775 
2611.616864 80.506573 
2613.545680 80.477268 
2615.474496 80.470134 
2617.403312 80.484540 
2619.332128 80.527056 
2621.260944 80.572888 
2623.189760 80.626835 
2625.118576 80.664135 
2627.047392 80.722435 
2628.976208 80.717752 
2630.905024 80.690473 
2632.833840 80.687434 
2634.762656 80.748031 
2636.691472 80.808607 
2638.620288 80.926909 
2640.549104 80.991551 
2642.477920 81.008847 
2644.406736 81.051735 
2646.335552 81.121441 
2648.264368 81.143294 
2650.193184 81.150811 
2652.122000 81.158384 
2654.050816 81.183747 
2655.979632 81.197941 
2657.908448 81.229995 
2659.837264 81.254375 
2661.766080 81.286379 
2663.694896 81.323937 
2665.623712 81.323795 
2667.552528 81.275434 
2669.481344 81.224489 
2671.410160 81.151278 
2673.338976 81.088842 
2675.267792 81.017178 
2677.196608 80.984343 
2679.125424 80.975288 
2681.054240 80.989256 
2682.983056 81.029378 
2684.911872 81.053924 
2686.840688 81.078726 
2688.769504 81.088480 
2690.698320 81.089734 
2692.627136 81.142739 
2694.555952 81.178397 
2696.484768 81.202941 
2698.413584 81.223090 
2700.342400 81.255373 
2702.271216 81.260832 
2704.200032 81.260675 
2706.128848 81.254608 
2708.057664 81.257175 
2709.986480 81.270299 
2711.915296 81.295033 
2713.844112 81.299329 
2715.772928 81.300667 
2717.701744 81.231033 
2719.630560 81.156518 
2721.559376 81.116329 
2723.488192 81.083257 
2725.417008 81.051184 
2727.345824 81.056474 
2729.274640 81.051626 
2731.203456 81.058114 
2733.132272 81.040134 
2735.061088 81.012027 
2736.989904 81.002574 
2738.918720 81.019605 
2740.847536 81.010482 
2742.776352 81.014589 
2744.705168 80.989058 
2746.633984 80.975696 
2748.562800 81.002579 
2750.491616 81.072938 
2752.420432 81.118225 
2754.349248 81.139920 
2756.278064 81.141640 
2758.206880 81.126670 
2760.135696 81.066093 
2762.064512 80.994742 
2763.993328 80.904468 
2765.922144 80.851128 
2767.850960 80.803267 
2769.779776 80.743978 
2771.708592 80.684961 
2773.637408 80.652045 
2775.566224 80.665760 
2777.495040 80.682657 
2779.423856 80.691204 
2781.352672 80.695129 
2783.281488 80.693211 
2785.210304 80.684403 
2787.139120 80.679957 
2789.067936 80.689467 
2790.996752 80.672921 
2792.925568 80.640421 
2794.854384 80.583301 
2796.783200 80.518784 
2798.712016 80.468378 
2800.640832 80.418829 
2802.569648 80.352235 
2804.498464 80.263406 
2806.427280 80.157715 
2808.356096 80.071496 
2810.284912 79.981432 
2812.213728 79.912847 
2814.142544 79.856193 
2816.071360 79.802460 
2818.000176 79.744887 
2819.928992 79.709625 
2821.857808 79.674065 
2823.786624 79.644013 
2825.715440 79.606451 
2827.644256 79.572295 
2829.573072 79.526371 
2831.501888 79.483678 
2833.430704 79.412103 
2835.359520 79.318254 
2837.288336 79.196375 
2839.217152 79.092050 
2841.145968 79.004598 
2843.074784 78.926848 
2845.003600 78.831492 
2846.932416 78.773206 
2848.861232 78.738282 
2850.790048 78.693750 
2852.718864 78.612190 
2854.647680 78.518583 
2856.576496 78.374350 
2858.505312 78.134763 
2860.434128 77.786632 
2862.362944 77.379384 
2864.291760 76.907044 
2866.220576 76.385905 
2868.149392 75.829458 
2870.078208 75.251591 
2872.007024 74.857776 
2873.935840 74.911531 
2875.864656 75.437584 
2877.793472 76.184485 
2879.722288 76.807403 
2881.651104 77.225656 
2883.579920 77.442227 
2885.508736 77.480697 
2887.437552 77.397725 
2889.366368 77.250832 
2891.295184 76.994794 
2893.224000 76.667431 
2895.152816 76.177016 
2897.081632 75.533262 
2899.010448 74.791334 
2900.939264 74.125983 
2902.868080 73.806911 
2904.796896 73.962098 
2906.725712 74.461056 
2908.654528 75.142704 
2910.583344 75.860847 
2912.512160 76.527085 
2914.440976 77.064415 
2916.369792 77.494904 
2918.298608 77.736716 
2920.227424 77.884634 
2922.156240 77.954597 
2924.085056 77.951610 
2926.013872 77.848750 
2927.942688 77.768511 
2929.871504 77.759465 
2931.800320 77.811933 
2933.729136 77.801972 
2935.657952 77.685324 
2937.586768 77.500425 
2939.515584 77.382034 
2941.444400 77.407540 
2943.373216 77.606247 
2945.302032 77.824054 
2947.230848 77.924689 
2949.159664 77.913554 
2951.088480 77.845273 
2953.017296 77.769367 
2954.946112 77.623591 
2956.874928 77.404420 
2958.803744 77.140339 
2960.732560 76.808032 
2962.661376 76.492483 
2964.590192 76.214199 
2966.519008 76.049429 
2968.447824 76.010618 
2970.376640 75.944848 
2972.305456 75.689777 
2974.234272 75.234020 
2976.163088 74.550954 
2978.091904 73.867233 
2980.020720 73.747935 
2981.949536 74.417397 
2983.878352 75.366927 
2985.807168 76.124194 
2987.735984 76.564576 
2989.664800 76.888720 
2991.593616 77.234748 
2993.522432 77.561272 
2995.451248 77.845253 
2997.380064 78.057911 
2999.308880 78.147276 
3001.237696 78.126471 
3003.166512 78.007036 
3005.095328 77.935487 
3007.024144 77.906573 
3008.952960 77.901738 
3010.881776 77.891296 
3012.810592 77.894866 
3014.739408 77.870140 
3016.668224 77.849989 
3018.597040 77.818575 
3020.525856 77.740534 
3022.454672 77.629436 
3024.383488 77.495046 
3026.312304 77.331808 
3028.241120 77.144447 
3030.169936 76.903044 
3032.098752 76.660705 
3034.027568 76.383426 
3035.956384 76.017316 
3037.885200 75.518711 
3039.814016 75.047371 
3041.742832 74.824812 
3043.671648 74.877375 
3045.600464 75.042207 
3047.529280 75.241110 
3049.458096 75.398968 
3051.386912 75.421758 
3053.315728 75.259301 
3055.244544 74.956351 
3057.173360 74.467009 
3059.102176 73.837624 
3061.030992 73.200285 
3062.959808 72.896131 
3064.888624 73.171968 
3066.817440 73.854880 
3068.746256 74.598852 
3070.675072 75.226632 
3072.603888 75.722809 
3074.532704 76.061428 
3076.461520 76.306417 
3078.390336 76.586824 
3080.319152 76.811827 
3082.247968 76.983883 
3084.176784 77.126373 
3086.105600 77.239303 
3088.034416 77.329231 
3089.963232 77.388332 
3091.892048 77.400122 
3093.820864 77.380911 
3095.749680 77.363971 
3097.678496 77.373146 
3099.607312 77.351274 
3101.536128 77.396830 
3103.464944 77.431095 
3105.393760 77.422161 
3107.322576 77.432133 
3109.251392 77.451125 
3111.180208 77.433393 
3113.109024 77.410978 
3115.037840 77.336849 
3116.966656 77.275942 
3118.895472 77.259290 
3120.824288 77.246944 
3122.753104 77.241796 
3124.681920 77.219728 
3126.610736 77.139972 
3128.539552 77.088562 
3130.468368 77.018176 
3132.397184 76.924989 
3134.326000 76.817433 
3136.254816 76.686615 
3138.183632 76.536178 
3140.112448 76.473585 
3142.041264 76.447637 
3143.970080 76.398687 
3145.898896 76.333112 
3147.827712 76.270930 
3149.756528 76.197117 
3151.685344 76.178825 
3153.614160 76.169324 
3155.542976 76.118102 
3157.471792 76.021012 
3159.400608 75.983107 
3161.329424 75.911185 
3163.258240 75.853022 
3165.187056 75.810479 
3167.115872 75.807693 
3169.044688 75.807943 
3170.973504 75.789306 
3172.902320 75.759687 
3174.831136 75.710614 
3176.759952 75.635157 
3178.688768 75.588226 
3180.617584 75.512714 
3182.546400 75.393365 
3184.475216 75.271440 
3186.404032 75.248692 
3188.332848 75.232491 
3190.261664 75.233401 
3192.190480 75.218493 
3194.119296 75.212684 
3196.048112 75.212515 
3197.976928 75.193685 
3199.905744 75.163632 
3201.834560 75.174009 
3203.763376 75.167627 
3205.692192 75.201965 
3207.621008 75.271086 
3209.549824 75.349455 
3211.478640 75.366630 
3213.407456 75.360154 
3215.336272 75.377705 
3217.265088 75.441935 
3219.193904 75.426385 
3221.122720 75.432369 
3223.051536 75.446052 
3224.980352 75.482488 
3226.909168 75.518679 
3228.837984 75.572453 
3230.766800 75.597809 
3232.695616 75.681178 
3234.624432 75.766433 
3236.553248 75.814914 
3238.482064 75.849128 
3240.410880 75.908403 
3242.339696 75.913776 
3244.268512 75.965574 
3246.197328 76.027939 
3248.126144 76.150423 
3250.054960 76.279436 
3251.983776 76.367607 
3253.912592 76.386716 
3255.841408 76.409118 
3257.770224 76.468939 
3259.699040 76.554744 
3261.627856 76.606794 
3263.556672 76.649427 
3265.485488 76.696651 
3267.414304 76.801094 
3269.343120 76.920068 
3271.271936 76.988507 
3273.200752 77.063038 
3275.129568 77.173815 
3277.058384 77.270020 
3278.987200 77.339721 
3280.916016 77.417532 
3282.844832 77.469977 
3284.773648 77.532176 
3286.702464 77.656854 
3288.631280 77.689621 
3290.560096 77.678772 
3292.488912 77.706007 
3294.417728 77.829109 
3296.346544 77.918185 
3298.275360 78.024609 
3300.204176 78.101243 
3302.132992 78.103952 
3304.061808 78.092088 
3305.990624 78.191156 
3307.919440 78.310336 
3309.848256 78.362607 
3311.777072 78.453271 
3313.705888 78.607549 
3315.634704 78.679672 
3317.563520 78.711579 
3319.492336 78.754419 
3321.421152 78.844237 
3323.349968 78.921260 
3325.278784 79.031570 
3327.207600 79.151872 
3329.136416 79.239940 
3331.065232 79.309633 
3332.994048 79.380187 
3334.922864 79.405223 
3336.851680 79.486143 
3338.780496 79.573102 
3340.709312 79.654609 
3342.638128 79.669351 
3344.566944 79.721334 
3346.495760 79.827558 
3348.424576 79.913227 
3350.353392 79.961965 
3352.282208 80.041727 
3354.211024 80.101322 
3356.139840 80.160274 
3358.068656 80.200028 
3359.997472 80.221451 
3361.926288 80.219590 
3363.855104 80.310830 
3365.783920 80.429534 
3367.712736 80.500604 
3369.641552 80.562722 
3371.570368 80.664141 
3373.499184 80.686143 
3375.428000 80.646460 
3377.356816 80.684903 
3379.285632 80.767049 
3381.214448 80.784562 
3383.143264 80.844297 
3385.072080 80.924208 
3387.000896 80.973317 
3388.929712 81.021074 
3390.858528 81.067824 
3392.787344 81.131610 
3394.716160 81.181116 
3396.644976 81.150677 
3398.573792 81.246477 
3400.502608 81.326690 
3402.431424 81.360284 
3404.360240 81.348521 
3406.289056 81.342620 
3408.217872 81.429438 
3410.146688 81.521552 
3412.075504 81.606867 
3414.004320 81.686953 
3415.933136 81.685068 
3417.861952 81.656836 
3419.790768 81.601041 
3421.719584 81.629667 
3423.648400 81.679479 
3425.577216 81.689321 
3427.506032 81.717268 
3429.434848 81.773777 
3431.363664 81.829283 
3433.292480 81.900915 
3435.221296 81.960510 
3437.150112 82.021061 
3439.078928 82.074932 
3441.007744 82.028041 
3442.936560 81.982098 
3444.865376 81.964806 
3446.794192 81.958299 
3448.723008 82.138935 
3450.651824 82.186013 
3452.580640 82.206231 
3454.509456 82.248865 
3456.438272 82.236299 
3458.367088 82.215923 
3460.295904 82.229349 
3462.224720 82.225190 
3464.153536 82.323752 
3466.082352 82.349126 
3468.011168 82.381756 
3469.939984 82.406916 
3471.868800 82.431361 
3473.797616 82.420652 
3475.726432 82.460775 
3477.655248 82.496393 
3479.584064 82.441234 
3481.512880 82.375848 
3483.441696 82.457767 
3485.370512 82.565133 
3487.299328 82.639679 
3489.228144 82.650309 
3491.156960 82.698583 
3493.085776 82.707243 
3495.014592 82.696407 
3496.943408 82.701296 
3498.872224 82.689729 
3500.801040 82.561660 
3502.729856 82.527675 
3504.658672 82.637031 
3506.587488 82.680669 
3508.516304 82.647164 
3510.445120 82.710520 
3512.373936 82.791149 
3514.302752 82.897257 
3516.231568 82.893888 
3518.160384 82.881096 
3520.089200 82.838325 
3522.018016 82.681238 
3523.946832 82.589212 
3525.875648 82.640634 
3527.804464 82.692954 
3529.733280 82.824043 
3531.662096 82.863397 
3533.590912 82.896023 
3535.519728 82.886391 
3537.448544 83.002400 
3539.377360 83.016631 
3541.306176 82.881956 
3543.234992 82.730911 
3545.163808 82.659713 
3547.092624 82.752490 
3549.021440 82.870308 
3550.950256 82.791277 
3552.879072 82.815243 
3554.807888 83.005958 
3556.736704 83.131954 
3558.665520 83.134176 
3560.594336 83.046689 
3562.523152 82.832911 
3564.451968 82.356153 
3566.380784 81.973393 
3568.309600 82.590180 
3570.238416 82.997925 
3572.167232 82.996873 
3574.096048 82.891382 
3576.024864 82.891135 
3577.953680 82.963608 
3579.882496 82.984712 
3581.811312 82.880802 
3583.740128 82.691607 
3585.668944 82.402395 
3587.597760 82.446911 
3589.526576 82.892747 
3591.455392 82.880842 
3593.384208 82.608610 
3595.313024 82.485471 
3597.241840 82.610397 
3599.170656 82.751558 
3601.099472 82.804828 
3603.028288 82.775208 
3604.957104 82.600075 
3606.885920 82.419557 
3608.814736 82.617862 
3610.743552 82.697871 
3612.672368 82.479349 
3614.601184 82.412194 
3616.530000 82.194785 
3618.458816 82.265802 
3620.387632 82.833705 
3622.316448 82.858636 
3624.245264 82.643465 
3626.174080 82.180095 
3628.102896 81.385393 
3630.031712 82.013472 
3631.960528 82.373117 
3633.889344 82.377562 
3635.818160 82.473269 
3637.746976 82.606248 
3639.675792 82.772599 
3641.604608 82.771213 
3643.533424 82.539626 
3645.462240 82.097894 
3647.391056 81.481845 
3649.319872 81.194745 
3651.248688 82.050952 
3653.177504 82.401310 
3655.106320 82.057914 
3657.035136 82.198131 
3658.963952 82.607442 
3660.892768 82.832643 
3662.821584 82.818859 
3664.750400 82.741455 
3666.679216 82.621349 
3668.608032 82.185583 
3670.536848 82.330072 
3672.465664 82.501998 
3674.394480 81.689463 
3676.323296 81.978895 
3678.252112 82.558864 
3680.180928 82.829661 
3682.109744 82.878669 
3684.038560 82.668066 
3685.967376 82.249555 
3687.896192 81.648773 
3689.825008 81.761106 
3691.753824 82.410573 
3693.682640 82.667029 
3695.611456 82.567542 
3697.540272 82.522282 
3699.469088 82.411022 
3701.397904 82.514921 
3703.326720 82.790179 
3705.255536 82.591537 
3707.184352 82.236924 
3709.113168 81.821407 
3711.041984 81.735451 
3712.970800 82.499657 
3714.899616 82.802443 
3716.828432 82.646146 
3718.757248 82.438011 
3720.686064 82.293676 
3722.614880 82.322901 
3724.543696 82.320181 
3726.472512 82.462091 
3728.401328 82.617947 
3730.330144 82.386139 
3732.258960 82.006103 
3734.187776 81.714588 
3736.116592 82.224185 
3738.045408 82.676655 
3739.974224 82.698366 
3741.903040 82.467625 
3743.831856 82.024383 
3745.760672 82.353345 
3747.689488 82.192178 
3749.618304 81.849649 
3751.547120 82.114645 
3753.475936 82.493989 
3755.404752 82.472480 
3757.333568 82.369847 
3759.262384 82.407953 
3761.191200 82.589896 
3763.120016 82.391382 
3765.048832 82.175833 
3766.977648 82.290760 
3768.906464 82.294258 
3770.835280 82.613946 
3772.764096 82.715616 
3774.692912 82.596928 
3776.621728 82.446416 
3778.550544 82.268697 
3780.479360 82.447681 
3782.408176 82.462907 
3784.336992 82.384849 
3786.265808 82.592860 
3788.194624 82.700633 
3790.123440 82.713887 
3792.052256 82.752795 
3793.981072 82.579770 
3795.909888 82.372573 
3797.838704 82.460455 
3799.767520 82.021421 
3801.696336 81.871286 
3803.625152 82.371594 
3805.553968 82.251836 
3807.482784 82.509994 
3809.411600 82.689147 
3811.340416 82.697306 
3813.269232 82.517218 
3815.198048 82.109005 
3817.126864 82.303777 
3819.055680 82.020532 
3820.984496 81.898043 
3822.913312 82.652706 
3824.842128 82.564157 
3826.770944 82.531043 
3828.699760 82.542597 
3830.628576 82.407175 
3832.557392 82.415628 
3834.486208 82.341881 
3836.415024 81.951599 
3838.343840 81.706573 
3840.272656 82.125527 
3842.201472 82.498180 
3844.130288 82.714201 
3846.059104 82.674525 
3847.987920 82.365259 
3849.916736 82.004657 
3851.845552 81.352729 
3853.774368 81.685205 
3855.703184 82.415408 
3857.632000 82.378473 
3859.560816 82.336579 
3861.489632 82.207085 
3863.418448 82.063499 
3865.347264 82.258190 
3867.276080 82.152348 
3869.204896 81.715174 
3871.133712 82.219464 
3873.062528 82.273490 
3874.991344 82.511531 
3876.920160 82.549668 
3878.848976 82.125907 
3880.777792 82.143329 
3882.706608 82.291306 
3884.635424 82.002619 
3886.564240 82.333252 
3888.493056 82.487282 
3890.421872 82.218212 
3892.350688 82.422701 
3894.279504 82.634272 
3896.208320 82.461000 
3898.137136 82.095972 
3900.065952 81.917892 
3901.994768 81.838218 
3903.923584 81.877344 
3905.852400 82.301119 
3907.781216 82.469214 
3909.710032 82.465666 
3911.638848 82.479451 
3913.567664 82.437358 
3915.496480 82.241881 
3917.425296 82.174514 
3919.354112 82.256914 
3921.282928 82.344833 
3923.211744 82.231282 
3925.140560 82.233847 
3927.069376 82.345171 
3928.998192 82.168872 
3930.927008 82.051488 
3932.855824 82.220977 
3934.784640 82.415208 
3936.713456 82.390658 
3938.642272 82.422970 
3940.571088 82.349610 
3942.499904 82.250447 
3944.428720 82.344177 
3946.357536 82.283800 
3948.286352 82.164808 
3950.215168 82.283225 
3952.143984 82.353539 
3954.072800 82.359387 
3956.001616 82.364562 
3957.930432 82.399652 
3959.859248 82.383663 
3961.788064 82.337798 
3963.716880 82.377822 
3965.645696 82.496258 
3967.574512 82.518546 
3969.503328 82.502224 
3971.432144 82.479428 
3973.360960 82.424602 
3975.289776 82.404482 
3977.218592 82.422806 
3979.147408 82.394211 
3981.076224 82.351742 
3983.005040 82.346575 
3984.933856 82.346739 
3986.862672 82.373449 
3988.791488 82.399146 
3990.720304 82.378235 
3992.649120 82.405330 
3994.577936 82.454444 
3996.506752 82.421439 
3998.435568 82.392350 
4000.364384 82.400531 