##YUNITS=%T
399.264912 63.471599 
401.193728 68.752949 
403.122544 46.168232 
405.051360 56.312630 
406.980176 55.217752 
408.908992 51.232815 
410.837808 47.717567 
412.766624 84.371842 
414.695440 102.068661 
416.624256 45.666967 
418.553072 33.499726 
420.481888 62.878536 
422.410704 105.034998 
424.339520 117.131827 
426.268336 181.431638 
428.197152 220.659254 
430.125968 226.492512 
432.054784 177.322418 
433.983600 147.833674 
435.912416 136.804623 
437.841232 109.592007 
439.770048 121.837774 
441.698864 113.907203 
443.627680 118.900351 
445.556496 154.656958 
447.485312 103.914835 
449.414128 107.972101 
451.342944 180.878286 
453.271760 191.692711 
455.200576 152.785005 
457.129392 120.171033 
459.058208 93.508829 
460.987024 98.840397 
462.915840 107.899911 
464.844656 89.535300 
466.773472 79.666772 
468.702288 113.474864 
470.631104 112.505234 
472.559920 106.621040 
474.488736 115.920416 
476.417552 116.762975 
478.346368 101.874658 
480.275184 106.113747 
482.204000 99.818945 
484.132816 84.047642 
486.061632 89.911784 
487.990448 99.786314 
489.919264 85.069009 
491.848080 95.078536 
493.776896 114.361240 
495.705712 102.685683 
497.634528 83.832878 
499.563344 86.992522 
501.492160 86.008759 
503.420976 106.900060 
505.349792 130.679470 
507.278608 77.708693 
509.207424 64.971687 
511.136240 79.762438 
513.065056 78.735869 
514.993872 86.253094 
516.922688 120.001643 
518.851504 119.284045 
520.780320 81.931043 
522.709136 69.653531 
524.637952 63.576577 
526.566768 49.373556 
528.495584 41.158307 
530.424400 44.676198 
532.353216 52.234278 
534.282032 75.745615 
536.210848 75.636725 
538.139664 68.367420 
540.068480 64.516730 
541.997296 57.382403 
543.926112 78.484548 
545.854928 82.892779 
547.783744 71.110319 
549.712560 67.901761 
551.641376 50.803588 
553.570192 64.546391 
555.499008 74.023663 
557.427824 71.565789 
559.356640 78.633447 
561.285456 70.831634 
563.214272 63.380038 
565.143088 69.030574 
567.071904 76.277077 
569.000720 84.255370 
570.929536 83.572540 
572.858352 82.824856 
574.787168 75.603766 
576.715984 81.135545 
578.644800 84.098434 
580.573616 79.368417 
582.502432 79.832157 
584.431248 80.335425 
586.360064 78.533398 
588.288880 78.287126 
590.217696 78.132255 
592.146512 79.697160 
594.075328 80.996323 
596.004144 81.080841 
597.932960 78.802503 
599.861776 76.212562 
601.790592 78.341878 
603.719408 79.660311 
605.648224 81.830394 
607.577040 84.472910 
609.505856 81.616661 
611.434672 77.288248 
613.363488 78.900025 
615.292304 78.968809 
617.221120 79.769090 
619.149936 79.931446 
621.078752 79.161058 
623.007568 76.762553 
624.936384 74.781315 
626.865200 73.934810 
628.794016 74.766403 
630.722832 77.438498 
632.651648 78.016453 
634.580464 74.137617 
636.509280 71.681739 
638.438096 69.077373 
640.366912 67.475873 
642.295728 70.982591 
644.224544 70.380198 
646.153360 66.238633 
648.082176 67.986166 
650.010992 74.181721 
651.939808 77.015167 
653.868624 76.954919 
655.797440 76.400879 
657.726256 74.798248 
659.655072 74.007838 
661.583888 73.979044 
663.512704 73.903975 
665.441520 72.934167 
667.370336 72.649342 
669.299152 73.372779 
671.227968 72.792271 
673.156784 72.507804 
675.085600 72.073080 
677.014416 71.139170 
678.943232 70.257545 
680.872048 69.052111 
682.800864 67.448365 
684.729680 65.756066 
686.658496 63.628597 
688.587312 60.747092 
690.516128 59.334296 
692.444944 61.796872 
694.373760 65.742494 
696.302576 68.188237 
698.231392 68.817395 
700.160208 67.903892 
702.089024 67.183528 
704.017840 66.798500 
705.946656 67.740396 
707.875472 69.755643 
709.804288 70.747685 
711.733104 70.698755 
713.661920 70.499028 
715.590736 70.191247 
717.519552 69.980225 
719.448368 69.670830 
721.377184 68.963029 
723.306000 68.412297 
725.234816 67.805357 
727.163632 66.982120 
729.092448 66.131418 
731.021264 65.226039 
732.950080 64.035592 
734.878896 62.434105 
736.807712 60.582009 
738.736528 58.513585 
740.665344 55.847182 
742.594160 53.026604 
744.522976 53.213105 
746.451792 55.628843 
748.380608 55.786841 
750.309424 53.725418 
752.238240 50.723764 
754.167056 49.114579 
756.095872 47.928818 
758.024688 45.516156 
759.953504 44.118977 
761.882320 45.453765 
763.811136 48.726192 
765.739952 53.355117 
767.668768 59.479735 
769.597584 64.699844 
771.526400 67.534988 
773.455216 68.694812 
775.384032 69.191943 
777.312848 69.886994 
779.241664 71.591188 
781.170480 73.278972 
783.099296 73.286158 
785.028112 72.129473 
786.956928 72.202272 
788.885744 74.042403 
790.814560 75.569580 
792.743376 75.505450 
794.672192 74.805457 
796.601008 75.967567 
798.529824 78.752788 
800.458640 80.341155 
802.387456 80.578209 
804.316272 80.305417 
806.245088 79.930843 
808.173904 79.056917 
810.102720 77.487377 
812.031536 75.547151 
813.960352 73.709605 
815.889168 72.476950 
817.817984 72.282823 
819.746800 72.758577 
821.675616 72.693175 
823.604432 71.229729 
825.533248 70.425198 
827.462064 73.288046 
829.390880 77.101978 
831.319696 78.439427 
833.248512 78.152361 
835.177328 77.290436 
837.106144 76.222372 
839.034960 74.696901 
840.963776 72.537922 
842.892592 70.099107 
844.821408 67.836607 
846.750224 66.015067 
848.679040 65.325379 
850.607856 66.896336 
852.536672 70.663492 
854.465488 74.897587 
856.394304 77.857932 
858.323120 79.491508 
860.251936 80.297027 
862.180752 80.190238 
864.109568 79.267188 
866.038384 77.817308 
867.967200 77.115792 
869.896016 77.527520 
871.824832 77.532467 
873.753648 76.865862 
875.682464 76.730810 
877.611280 77.644763 
879.540096 79.134625 
881.468912 79.904080 
883.397728 79.594713 
885.326544 78.993067 
887.255360 78.680795 
889.184176 78.716415 
891.112992 78.722504 
893.041808 78.779533 
894.970624 78.675380 
896.899440 78.188235 
898.828256 77.449348 
900.757072 76.456876 
902.685888 75.277633 
904.614704 74.630902 
906.543520 75.175958 
908.472336 76.395207 
910.401152 77.303734 
912.329968 77.608894 
914.258784 77.656801 
916.187600 77.627607 
918.116416 77.546936 
920.045232 77.315721 
921.974048 76.917338 
923.902864 76.437856 
925.831680 75.704774 
927.760496 74.879744 
929.689312 74.037308 
931.618128 72.828054 
933.546944 71.125330 
935.475760 69.026410 
937.404576 67.199556 
939.333392 66.996390 
941.262208 68.389987 
943.191024 70.046340 
945.119840 70.595376 
947.048656 69.760108 
948.977472 67.889492 
950.906288 66.081359 
952.835104 64.826521 
954.763920 63.570853 
956.692736 63.330409 
958.621552 64.969109 
960.550368 67.227062 
962.479184 68.831543 
964.408000 69.522168 
966.336816 70.672555 
968.265632 73.107192 
970.194448 75.552054 
972.123264 76.850475 
974.052080 77.131641 
975.980896 77.352416 
977.909712 77.943226 
979.838528 78.184237 
981.767344 77.861277 
983.696160 77.382726 
985.624976 76.821867 
987.553792 76.008467 
989.482608 75.036019 
991.411424 73.947927 
993.340240 72.605869 
995.269056 70.775849 
997.197872 68.730248 
999.126688 66.839455 
1001.055504 64.916684 
1002.984320 62.682043 
1004.913136 60.956190 
1006.841952 60.751599 
1008.770768 62.007241 
1010.699584 64.274964 
1012.628400 67.261340 
1014.557216 70.123888 
1016.486032 71.874723 
1018.414848 72.085897 
1020.343664 71.104310 
1022.272480 69.688502 
1024.201296 68.886092 
1026.130112 68.419364 
1028.058928 67.734766 
1029.987744 68.171223 
1031.916560 69.757150 
1033.845376 70.780201 
1035.774192 70.633775 
1037.703008 70.120698 
1039.631824 69.976853 
1041.560640 70.580205 
1043.489456 71.457407 
1045.418272 71.601080 
1047.347088 70.628680 
1049.275904 68.708666 
1051.204720 66.926841 
1053.133536 65.997589 
1055.062352 65.146247 
1056.991168 64.672323 
1058.919984 65.765843 
1060.848800 67.477969 
1062.777616 68.438903 
1064.706432 68.518183 
1066.635248 68.266943 
1068.564064 68.074278 
1070.492880 67.956221 
1072.421696 68.183151 
1074.350512 69.073225 
1076.279328 70.259960 
1078.208144 71.237423 
1080.136960 71.480726 
1082.065776 70.688763 
1083.994592 69.693596 
1085.923408 70.277671 
1087.852224 72.221145 
1089.781040 73.982844 
1091.709856 74.728181 
1093.638672 74.485785 
1095.567488 73.522367 
1097.496304 71.775136 
1099.425120 69.457695 
1101.353936 67.806313 
1103.282752 67.655438 
1105.211568 67.863756 
1107.140384 67.540557 
1109.069200 67.240250 
1110.998016 66.922419 
1112.926832 66.823949 
1114.855648 68.719826 
1116.784464 72.757812 
1118.713280 76.319116 
1120.642096 78.248245 
1122.570912 79.014277 
1124.499728 79.141851 
1126.428544 78.899551 
1128.357360 78.515594 
1130.286176 78.099563 
1132.214992 77.745085 
1134.143808 77.293000 
1136.072624 76.731755 
1138.001440 75.753298 
1139.930256 74.356231 
1141.859072 72.457445 
1143.787888 69.928795 
1145.716704 66.952580 
1147.645520 64.714792 
1149.574336 64.724291 
1151.503152 67.139892 
1153.431968 70.760991 
1155.360784 73.961999 
1157.289600 75.664507 
1159.218416 76.362664 
1161.147232 76.687677 
1163.076048 76.771781 
1165.004864 76.495480 
1166.933680 75.955571 
1168.862496 75.353792 
1170.791312 74.619223 
1172.720128 73.638734 
1174.648944 73.613269 
1176.577760 74.320446 
1178.506576 74.309772 
1180.435392 73.689598 
1182.364208 72.907875 
1184.293024 71.873443 
1186.221840 70.453064 
1188.150656 68.720959 
1190.079472 66.894948 
1192.008288 65.226429 
1193.937104 64.376993 
1195.865920 64.969766 
1197.794736 66.505425 
1199.723552 67.923815 
1201.652368 68.362445 
1203.581184 67.705697 
1205.510000 67.014538 
1207.438816 67.270966 
1209.367632 68.160226 
1211.296448 68.937996 
1213.225264 69.215180 
1215.154080 68.840184 
1217.082896 67.889159 
1219.011712 66.782456 
1220.940528 65.901957 
1222.869344 64.944562 
1224.798160 63.855336 
1226.726976 63.666732 
1228.655792 64.817414 
1230.584608 66.436801 
1232.513424 67.724766 
1234.442240 68.924069 
1236.371056 70.425436 
1238.299872 72.022683 
1240.228688 73.175849 
1242.157504 73.714570 
1244.086320 73.819106 
1246.015136 73.551733 
1247.943952 72.969939 
1249.872768 72.097014 
1251.801584 70.941659 
1253.730400 69.414539 
1255.659216 67.545916 
1257.588032 65.695376 
1259.516848 64.845891 
1261.445664 65.379532 
1263.374480 66.268581 
1265.303296 66.407400 
1267.232112 65.397831 
1269.160928 63.383846 
1271.089744 61.813744 
1273.018560 62.391775 
1274.947376 63.158822 
1276.876192 62.287482 
1278.805008 60.608577 
1280.733824 58.770817 
1282.662640 57.179753 
1284.591456 56.227818 
1286.520272 56.052130 
1288.449088 56.511889 
1290.377904 57.705754 
1292.306720 59.619675 
1294.235536 61.955089 
1296.164352 64.383873 
1298.093168 66.451805 
1300.021984 67.696681 
1301.950800 68.547506 
1303.879616 69.322915 
1305.808432 69.717098 
1307.737248 69.602251 
1309.666064 69.494265 
1311.594880 69.934541 
1313.523696 70.848780 
1315.452512 71.909107 
1317.381328 73.424593 
1319.310144 75.574856 
1321.238960 77.246608 
1323.167776 77.600611 
1325.096592 76.849891 
1327.025408 75.523571 
1328.954224 74.217957 
1330.883040 73.339893 
1332.811856 73.054058 
1334.740672 73.162546 
1336.669488 73.423905 
1338.598304 73.686611 
1340.527120 73.783902 
1342.455936 73.602413 
1344.384752 73.092136 
1346.313568 72.202463 
1348.242384 71.795827 
1350.171200 72.879186 
1352.100016 73.862637 
1354.028832 73.073488 
1355.957648 71.101757 
1357.886464 69.094912 
1359.815280 67.328132 
1361.744096 66.088344 
1363.672912 66.411164 
1365.601728 68.570810 
1367.530544 71.386464 
1369.459360 72.788156 
1371.388176 72.207404 
1373.316992 70.648405 
1375.245808 69.280268 
1377.174624 70.095681 
1379.103440 73.202992 
1381.032256 76.379135 
1382.961072 77.810860 
1384.889888 77.612432 
1386.818704 76.340908 
1388.747520 74.342035 
1390.676336 72.543166 
1392.605152 70.703011 
1394.533968 68.682410 
1396.462784 66.893495 
1398.391600 66.004539 
1400.320416 65.941280 
1402.249232 66.894271 
1404.178048 68.654203 
1406.106864 70.727411 
1408.035680 71.681245 
1409.964496 71.431918 
1411.893312 70.203692 
1413.822128 68.763752 
1415.750944 67.681930 
1417.679760 67.628766 
1419.608576 69.656427 
1421.537392 71.283304 
1423.466208 71.923773 
1425.395024 72.013363 
1427.323840 71.807723 
1429.252656 71.519808 
1431.181472 71.212096 
1433.110288 70.822192 
1435.039104 70.229973 
1436.967920 68.613051 
1438.896736 66.516343 
1440.825552 64.217136 
1442.754368 61.927894 
1444.683184 60.871933 
1446.612000 61.730371 
1448.540816 64.364491 
1450.469632 66.207243 
1452.398448 66.400409 
1454.327264 65.337319 
1456.256080 62.856581 
1458.184896 58.510333 
1460.113712 55.995890 
1462.042528 55.049887 
1463.971344 55.933639 
1465.900160 61.253515 
1467.828976 68.075473 
1469.757792 74.511905 
1471.686608 78.472736 
1473.615424 78.386023 
1475.544240 76.870442 
1477.473056 75.920734 
1479.401872 74.360137 
1481.330688 71.941836 
1483.259504 70.566486 
1485.188320 70.446402 
1487.117136 72.539791 
1489.045952 76.415078 
1490.974768 79.607810 
1492.903584 80.377273 
1494.832400 80.233641 
1496.761216 79.525574 
1498.690032 78.603758 
1500.618848 77.595871 
1502.547664 76.718963 
1504.476480 76.001135 
1506.405296 75.915024 
1508.334112 76.891184 
1510.262928 77.561162 
1512.191744 77.988501 
1514.120560 78.135908 
1516.049376 77.823651 
1517.978192 77.471068 
1519.907008 76.977637 
1521.835824 75.853649 
1523.764640 74.691729 
1525.693456 73.353891 
1527.622272 71.466732 
1529.551088 69.625362 
1531.479904 67.916520 
1533.408720 65.495715 
1535.337536 64.117350 
1537.266352 63.883241 
1539.195168 64.530498 
1541.123984 66.051238 
1543.052800 66.949928 
1544.981616 67.535484 
1546.910432 67.772150 
1548.839248 67.368291 
1550.768064 66.392201 
1552.696880 65.340557 
1554.625696 63.921057 
1556.554512 62.894619 
1558.483328 62.918357 
1560.412144 63.900544 
1562.340960 65.355954 
1564.269776 68.156507 
1566.198592 71.558524 
1568.127408 73.187899 
1570.056224 73.239921 
1571.985040 72.042949 
1573.913856 70.517378 
1575.842672 68.127119 
1577.771488 65.960749 
1579.700304 65.125660 
1581.629120 63.986668 
1583.557936 62.582434 
1585.486752 61.469098 
1587.415568 61.309289 
1589.344384 61.843773 
1591.273200 62.845601 
1593.202016 64.139465 
1595.130832 65.571165 
1597.059648 66.004582 
1598.988464 64.801325 
1600.917280 62.385342 
1602.846096 60.235642 
1604.774912 59.623440 
1606.703728 60.433277 
1608.632544 61.905152 
1610.561360 63.724974 
1612.490176 65.483548 
1614.418992 67.094739 
1616.347808 69.509029 
1618.276624 71.755317 
1620.205440 71.921038 
1622.134256 71.187675 
1624.063072 69.293833 
1625.991888 67.450620 
1627.920704 64.901461 
1629.849520 62.192889 
1631.778336 59.982286 
1633.707152 58.051807 
1635.635968 55.414264 
1637.564784 53.631455 
1639.493600 53.064515 
1641.422416 53.230995 
1643.351232 53.933059 
1645.280048 55.300780 
1647.208864 58.835234 
1649.137680 61.889144 
1651.066496 63.733865 
1652.995312 69.994557 
1654.924128 77.419588 
1656.852944 80.415483 
1658.781760 83.828461 
1660.710576 86.357313 
1662.639392 88.136611 
1664.568208 89.149718 
1666.497024 89.572248 
1668.425840 89.754655 
1670.354656 90.078687 
1672.283472 90.064827 
1674.212288 89.850233 
1676.141104 89.220147 
1678.069920 88.485198 
1679.998736 87.238715 
1681.927552 85.968829 
1683.856368 84.594560 
1685.785184 83.528196 
1687.714000 82.617815 
1689.642816 81.544112 
1691.571632 80.877847 
1693.500448 81.021342 
1695.429264 82.757299 
1697.358080 85.779535 
1699.286896 86.978441 
1701.215712 88.166968 
1703.144528 88.161824 
1705.073344 88.103378 
1707.002160 88.202325 
1708.930976 88.515611 
1710.859792 88.827213 
1712.788608 89.142561 
1714.717424 89.476976 
1716.646240 90.199899 
1718.575056 91.508821 
1720.503872 92.371031 
1722.432688 92.873270 
1724.361504 93.403101 
1726.290320 93.676210 
1728.219136 93.787740 
1730.147952 93.721543 
1732.076768 93.714653 
1734.005584 93.717056 
1735.934400 93.811262 
1737.863216 93.672002 
1739.792032 93.609899 
1741.720848 93.480470 
1743.649664 93.367514 
1745.578480 93.172156 
1747.507296 93.060723 
1749.436112 93.005175 
1751.364928 93.129777 
1753.293744 93.102648 
1755.222560 92.952418 
1757.151376 92.745897 
1759.080192 92.662754 
1761.009008 92.536439 
1762.937824 92.530016 
1764.866640 92.453800 
1766.795456 92.347020 
1768.724272 92.196530 
1770.653088 92.086540 
1772.581904 91.976447 
1774.510720 91.977071 
1776.439536 91.854651 
1778.368352 91.765450 
1780.297168 91.601438 
1782.225984 91.498779 
1784.154800 91.341160 
1786.083616 91.271582 
1788.012432 91.114314 
1789.941248 90.892131 
1791.870064 90.834180 
1793.798880 91.069282 
1795.727696 91.110910 
1797.656512 91.174009 
1799.585328 91.145319 
1801.514144 91.181227 
1803.442960 91.238519 
1805.371776 91.258042 
1807.300592 91.173148 
1809.229408 91.064870 
1811.158224 90.965452 
1813.087040 91.043263 
1815.015856 91.030622 
1816.944672 90.936540 
1818.873488 90.799041 
1820.802304 90.706175 
1822.731120 90.538094 
1824.659936 90.499788 
1826.588752 90.417440 
1828.517568 90.262275 
1830.446384 90.223845 
1832.375200 90.228203 
1834.304016 89.985679 
1836.232832 89.702185 
1838.161648 89.443903 
1840.090464 89.258859 
1842.019280 89.026408 
1843.948096 89.119893 
1845.876912 89.334258 
1847.805728 89.441435 
1849.734544 89.529022 
1851.663360 89.673082 
1853.592176 89.723196 
1855.520992 89.791402 
1857.449808 89.782313 
1859.378624 89.810569 
1861.307440 89.882182 
1863.236256 89.932601 
1865.165072 89.732723 
1867.093888 89.443378 
1869.022704 89.267951 
1870.951520 89.154919 
1872.880336 88.996832 
1874.809152 88.923146 
1876.737968 88.789921 
1878.666784 88.773856 
1880.595600 88.776719 
1882.524416 88.863445 
1884.453232 88.990634 
1886.382048 89.089773 
1888.310864 88.996634 
1890.239680 89.001933 
1892.168496 88.961954 
1894.097312 88.878978 
1896.026128 88.835577 
1897.954944 88.847460 
1899.883760 88.774261 
1901.812576 88.722510 
1903.741392 88.575652 
1905.670208 88.457441 
1907.599024 88.323958 
1909.527840 88.295208 
1911.456656 88.277585 
1913.385472 88.261038 
1915.314288 88.120023 
1917.243104 88.035419 
1919.171920 87.993343 
1921.100736 87.939493 
1923.029552 87.937480 
1924.958368 88.064021 
1926.887184 88.094565 
1928.816000 88.093652 
1930.744816 87.962296 
1932.673632 87.843180 
1934.602448 87.729326 
1936.531264 87.783536 
1938.460080 87.801794 
1940.388896 87.855930 
1942.317712 87.902534 
1944.246528 87.795451 
1946.175344 87.507612 
1948.104160 87.471674 
1950.032976 87.485145 
1951.961792 87.563542 
1953.890608 87.553802 
1955.819424 87.651114 
1957.748240 87.608087 
1959.677056 87.389304 
1961.605872 87.006060 
1963.534688 86.829844 
1965.463504 86.894031 
1967.392320 87.305150 
1969.321136 87.514785 
1971.249952 87.605693 
1973.178768 87.668611 
1975.107584 87.595228 
1977.036400 87.171720 
1978.965216 87.027816 
1980.894032 87.175262 
1982.822848 87.266029 
1984.751664 87.175133 
1986.680480 87.189242 
1988.609296 87.131540 
1990.538112 87.045014 
1992.466928 86.778417 
1994.395744 86.715297 
1996.324560 86.630208 
1998.253376 86.715806 
2000.182192 86.804976 
2002.111008 87.090943 
2004.039824 87.295493 
2005.968640 87.406940 
2007.897456 87.119850 
2009.826272 87.108041 
2011.755088 87.138503 
2013.683904 87.072304 
2015.612720 86.992133 
2017.541536 87.206460 
2019.470352 87.402761 
2021.399168 87.606690 
2023.327984 87.581300 
2025.256800 87.636961 
2027.185616 87.595129 
2029.114432 87.527611 
2031.043248 87.496745 
2032.972064 87.449072 
2034.900880 87.096343 
2036.829696 86.892825 
2038.758512 86.813444 
2040.687328 86.907505 
2042.616144 86.950483 
2044.544960 87.027388 
2046.473776 86.982228 
2048.402592 86.915994 
2050.331408 86.800214 
2052.260224 86.954532 
2054.189040 87.034591 
2056.117856 87.098171 
2058.046672 87.092855 
2059.975488 87.127823 
2061.904304 87.114796 
2063.833120 87.062466 
2065.761936 86.895189 
2067.690752 86.860745 
2069.619568 86.872776 
2071.548384 86.880520 
2073.477200 86.859414 
2075.406016 86.810233 
2077.334832 86.693081 
2079.263648 86.665477 
2081.192464 86.662873 
2083.121280 86.700547 
2085.050096 86.755231 
2086.978912 86.858970 
2088.907728 86.910988 
2090.836544 86.976186 
2092.765360 87.143874 
2094.694176 87.201947 
2096.622992 87.104589 
2098.551808 87.070024 
2100.480624 87.025505 
2102.409440 87.070151 
2104.338256 87.098845 
2106.267072 87.058422 
2108.195888 87.020581 
2110.124704 87.024671 
2112.053520 86.909570 
2113.982336 86.895041 
2115.911152 87.004449 
2117.839968 87.121424 
2119.768784 87.200589 
2121.697600 87.322680 
2123.626416 87.333777 
2125.555232 87.323281 
2127.484048 87.321971 
2129.412864 87.398949 
2131.341680 87.399263 
2133.270496 87.291575 
2135.199312 87.171527 
2137.128128 87.227514 
2139.056944 87.228402 
2140.985760 87.298080 
2142.914576 87.306856 
2144.843392 87.335631 
2146.772208 87.167513 
2148.701024 87.146065 
2150.629840 87.227991 
2152.558656 87.354402 
2154.487472 87.372800 
2156.416288 87.509991 
2158.345104 87.149647 
2160.273920 86.585068 
2162.202736 86.275863 
2164.131552 86.172461 
2166.060368 86.197395 
2167.989184 86.392193 
2169.918000 86.245852 
2171.846816 86.080008 
2173.775632 86.067400 
2175.704448 86.117574 
2177.633264 85.972402 
2179.562080 85.949330 
2181.490896 85.926574 
2183.419712 86.015848 
2185.348528 86.042241 
2187.277344 86.064420 
2189.206160 86.070988 
2191.134976 86.052831 
2193.063792 85.933445 
2194.992608 86.010660 
2196.921424 86.040734 
2198.850240 86.052878 
2200.779056 85.932404 
2202.707872 85.925448 
2204.636688 85.900854 
2206.565504 85.920407 
2208.494320 85.827507 
2210.423136 85.787744 
2212.351952 85.872010 
2214.280768 86.129108 
2216.209584 86.280176 
2218.138400 86.365244 
2220.067216 86.417032 
2221.996032 86.464801 
2223.924848 86.363686 
2225.853664 86.360107 
2227.782480 86.334380 
2229.711296 86.371629 
2231.640112 86.351074 
2233.568928 86.368189 
2235.497744 86.531210 
2237.426560 86.596289 
2239.355376 86.548143 
2241.284192 86.461313 
2243.213008 86.404261 
2245.141824 86.448479 
2247.070640 86.433440 
2248.999456 86.455665 
2250.928272 86.448821 
2252.857088 86.420698 
2254.785904 86.303382 
2256.714720 86.231536 
2258.643536 86.219299 
2260.572352 86.211624 
2262.501168 86.177698 
2264.429984 86.163310 
2266.358800 86.186672 
2268.287616 86.269280 
2270.216432 86.331835 
2272.145248 86.389016 
2274.074064 86.367572 
2276.002880 86.433103 
2277.931696 86.424041 
2279.860512 86.384278 
2281.789328 86.344017 
2283.718144 86.377248 
2285.646960 86.478464 
2287.575776 86.547897 
2289.504592 86.531343 
2291.433408 86.576689 
2293.362224 86.587815 
2295.291040 86.557753 
2297.219856 86.477257 
2299.148672 86.364073 
2301.077488 86.327447 
2303.006304 86.449666 
2304.935120 86.544239 
2306.863936 86.603126 
2308.792752 86.605720 
2310.721568 86.634831 
2312.650384 86.701192 
2314.579200 86.755577 
2316.508016 86.768512 
2318.436832 86.737910 
2320.365648 86.566388 
2322.294464 86.430131 
2324.223280 86.525721 
2326.152096 86.854076 
2328.080912 87.028532 
2330.009728 87.077204 
2331.938544 87.100553 
2333.867360 87.220465 
2335.796176 87.254223 
2337.724992 87.187155 
2339.653808 87.016009 
2341.582624 86.934402 
2343.511440 86.903707 
2345.440256 86.971358 
2347.369072 87.057884 
2349.297888 87.120384 
2351.226704 87.105586 
2353.155520 87.170322 
2355.084336 87.149514 
2357.013152 87.104445 
2358.941968 87.116272 
2360.870784 87.151961 
2362.799600 87.069477 
2364.728416 87.155830 
2366.657232 87.150938 
2368.586048 87.078644 
2370.514864 86.969428 
2372.443680 86.995048 
2374.372496 87.011521 
2376.301312 86.909360 
2378.230128 86.767385 
2380.158944 86.703901 
2382.087760 86.657681 
2384.016576 86.626756 
2385.945392 86.608689 
2387.874208 86.631196 
2389.803024 86.665029 
2391.731840 86.720293 
2393.660656 86.763428 
2395.589472 86.753600 
2397.518288 86.680405 
2399.447104 86.605290 
2401.375920 86.484671 
2403.304736 86.345655 
2405.233552 86.216415 
2407.162368 86.173374 
2409.091184 86.209587 
2411.020000 86.241740 
2412.948816 86.256458 
2414.877632 86.232270 
2416.806448 86.178839 
2418.735264 86.133026 
2420.664080 86.099143 
2422.592896 86.124237 
2424.521712 86.167836 
2426.450528 86.193282 
2428.379344 86.235299 
2430.308160 86.277828 
2432.236976 86.262484 
2434.165792 86.295796 
2436.094608 86.336096 
2438.023424 86.340113 
2439.952240 86.340692 
2441.881056 86.409507 
2443.809872 86.420161 
2445.738688 86.367729 
2447.667504 86.303826 
2449.596320 86.234934 
2451.525136 86.184080 
2453.453952 86.154406 
2455.382768 86.113380 
2457.311584 86.032449 
2459.240400 85.916869 
2461.169216 85.818336 
2463.098032 85.776513 
2465.026848 85.807011 
2466.955664 85.829844 
2468.884480 85.884908 
2470.813296 86.003905 
2472.742112 86.149303 
2474.670928 86.236821 
2476.599744 86.294457 
2478.528560 86.347276 
2480.457376 86.373727 
2482.386192 86.347767 
2484.315008 86.345384 
2486.243824 86.335457 
2488.172640 86.354186 
2490.101456 86.304594 
2492.030272 86.274321 
2493.959088 86.212838 
2495.887904 86.116227 
2497.816720 86.019920 
2499.745536 86.048259 
2501.674352 86.076999 
2503.603168 86.094787 
2505.531984 86.089748 
2507.460800 86.103598 
2509.389616 86.101646 
2511.318432 86.156256 
2513.247248 86.193875 
2515.176064 86.208778 
2517.104880 86.190167 
2519.033696 86.215530 
2520.962512 86.199141 
2522.891328 86.157034 
2524.820144 86.095748 
2526.748960 86.057306 
2528.677776 86.065059 
2530.606592 86.030159 
2532.535408 86.011110 
2534.464224 86.019735 
2536.393040 86.005441 
2538.321856 86.025033 
2540.250672 86.018695 
2542.179488 86.029887 
2544.108304 86.070102 
2546.037120 86.084746 
2547.965936 86.060734 
2549.894752 86.095529 
2551.823568 86.124891 
2553.752384 86.171995 
2555.681200 86.170956 
2557.610016 86.154623 
2559.538832 86.092078 
2561.467648 86.065958 
2563.396464 86.056059 
2565.325280 86.024866 
2567.254096 86.011259 
2569.182912 86.023725 
2571.111728 86.004286 
2573.040544 85.953130 
2574.969360 85.908754 
2576.898176 85.862522 
2578.826992 85.786212 
2580.755808 85.784453 
2582.684624 85.799632 
2584.613440 85.806463 
2586.542256 85.851545 
2588.471072 85.935027 
2590.399888 85.976385 
2592.328704 86.009870 
2594.257520 86.024693 
2596.186336 86.029898 
2598.115152 85.989205 
2600.043968 85.992741 
2601.972784 86.007260 
2603.901600 86.035230 
2605.830416 86.060751 
2607.759232 86.054077 
2609.688048 86.044799 
2611.616864 86.089630 
2613.545680 86.052133 
2615.474496 85.991341 
2617.403312 85.946498 
2619.332128 85.949376 
2621.260944 85.983462 
2623.189760 86.013005 
2625.118576 86.024694 
2627.047392 86.083462 
2628.976208 86.084007 
2630.905024 86.058532 
2632.833840 86.058067 
2634.762656 86.098166 
2636.691472 86.127172 
2638.620288 86.187068 
2640.549104 86.235892 
2642.477920 86.237798 
2644.406736 86.241722 
2646.335552 86.245769 
2648.264368 86.215097 
2650.193184 86.235586 
2652.122000 86.266667 
2654.050816 86.285287 
2655.979632 86.310336 
2657.908448 86.329877 
2659.837264 86.336082 
2661.766080 86.363654 
2663.694896 86.399449 
2665.623712 86.402282 
2667.552528 86.360410 
2669.481344 86.283009 
2671.410160 86.206001 
2673.338976 86.171511 
2675.267792 86.128757 
2677.196608 86.117625 
2679.125424 86.129463 
2681.054240 86.131413 
2682.983056 86.143787 
2684.911872 86.156875 
2686.840688 86.174170 
2688.769504 86.158973 
2690.698320 86.154860 
2692.627136 86.181156 
2694.555952 86.215302 
2696.484768 86.244693 
2698.413584 86.242808 
2700.342400 86.270786 
2702.271216 86.303842 
2704.200032 86.296074 
2706.128848 86.269564 
2708.057664 86.253712 
2709.986480 86.228274 
2711.915296 86.222748 
2713.844112 86.230837 
2715.772928 86.264305 
2717.701744 86.254259 
2719.630560 86.219267 
2721.559376 86.215923 
2723.488192 86.210094 
2725.417008 86.183564 
2727.345824 86.148095 
2729.274640 86.126190 
2731.203456 86.150224 
2733.132272 86.163987 
2735.061088 86.168452 
2736.989904 86.187970 
2738.918720 86.236166 
2740.847536 86.211730 
2742.776352 86.180507 
2744.705168 86.156426 
2746.633984 86.100965 
2748.562800 86.075410 
2750.491616 86.105623 
2752.420432 86.127471 
2754.349248 86.123486 
2756.278064 86.081309 
2758.206880 86.044225 
2760.135696 85.945654 
2762.064512 85.808826 
2763.993328 85.667301 
2765.922144 85.547463 
2767.850960 85.464237 
2769.779776 85.428597 
2771.708592 85.463447 
2773.637408 85.555772 
2775.566224 85.673335 
2777.495040 85.787638 
2779.423856 85.856311 
2781.352672 85.903723 
2783.281488 85.919153 
2785.210304 85.889197 
2787.139120 85.845350 
2789.067936 85.782128 
2790.996752 85.725808 
2792.925568 85.675342 
2794.854384 85.633887 
2796.783200 85.625454 
2798.712016 85.628693 
2800.640832 85.626393 
2802.569648 85.592453 
2804.498464 85.561099 
2806.427280 85.521421 
2808.356096 85.463119 
2810.284912 85.400336 
2812.213728 85.339974 
2814.142544 85.238494 
2816.071360 85.127782 
2818.000176 85.054306 
2819.928992 84.972013 
2821.857808 84.837600 
2823.786624 84.736982 
2825.715440 84.657709 
2827.644256 84.627624 
2829.573072 84.645685 
2831.501888 84.711742 
2833.430704 84.757253 
2835.359520 84.782107 
2837.288336 84.738514 
2839.217152 84.664639 
2841.145968 84.606700 
2843.074784 84.570525 
2845.003600 84.517919 
2846.932416 84.443774 
2848.861232 84.379969 
2850.790048 84.321997 
2852.718864 84.183332 
2854.647680 83.983531 
2856.576496 83.710533 
2858.505312 83.350427 
2860.434128 82.904775 
2862.362944 82.410050 
2864.291760 81.756399 
2866.220576 81.027228 
2868.149392 80.430798 
2870.078208 80.137406 
2872.007024 80.366557 
2873.935840 81.071796 
2875.864656 81.921224 
2877.793472 82.626206 
2879.722288 83.067664 
2881.651104 83.319020 
2883.579920 83.453810 
2885.508736 83.524480 
2887.437552 83.529598 
2889.366368 83.479942 
2891.295184 83.364945 
2893.224000 83.228992 
2895.152816 83.055683 
2897.081632 82.856357 
2899.010448 82.598914 
2900.939264 82.381690 
2902.868080 82.384616 
2904.796896 82.521827 
2906.725712 82.684294 
2908.654528 82.872772 
2910.583344 83.068201 
2912.512160 83.283229 
2914.440976 83.486506 
2916.369792 83.617396 
2918.298608 83.627456 
2920.227424 83.651066 
2922.156240 83.684802 
2924.085056 83.709669 
2926.013872 83.675640 
2927.942688 83.614928 
2929.871504 83.610351 
2931.800320 83.645036 
2933.729136 83.651444 
2935.657952 83.624558 
2937.586768 83.563652 
2939.515584 83.477619 
2941.444400 83.434039 
2943.373216 83.441527 
2945.302032 83.432964 
2947.230848 83.400253 
2949.159664 83.346535 
2951.088480 83.263725 
2953.017296 83.153165 
2954.946112 83.045713 
2956.874928 82.973282 
2958.803744 82.866833 
2960.732560 82.697996 
2962.661376 82.519724 
2964.590192 82.353890 
2966.519008 82.204634 
2968.447824 82.073373 
2970.376640 81.990327 
2972.305456 81.876588 
2974.234272 81.750086 
2976.163088 81.600095 
2978.091904 81.499916 
2980.020720 81.600594 
2981.949536 81.869959 
2983.878352 82.127646 
2985.807168 82.298114 
2987.735984 82.364452 
2989.664800 82.502516 
2991.593616 82.812895 
2993.522432 83.028407 
2995.451248 83.157137 
2997.380064 83.280426 
2999.308880 83.358487 
3001.237696 83.387809 
3003.166512 83.354241 
3005.095328 83.374194 
3007.024144 83.441602 
3008.952960 83.495352 
3010.881776 83.559119 
3012.810592 83.626518 
3014.739408 83.687164 
3016.668224 83.749170 
3018.597040 83.763553 
3020.525856 83.737342 
3022.454672 83.676856 
3024.383488 83.631060 
3026.312304 83.533023 
3028.241120 83.407570 
3030.169936 83.255743 
3032.098752 83.165230 
3034.027568 83.107560 
3035.956384 83.004921 
3037.885200 82.806179 
3039.814016 82.609946 
3041.742832 82.486021 
3043.671648 82.398262 
3045.600464 82.265318 
3047.529280 82.062041 
3049.458096 81.745374 
3051.386912 81.350879 
3053.315728 80.942541 
3055.244544 80.619668 
3057.173360 80.378613 
3059.102176 80.275527 
3061.030992 80.343736 
3062.959808 80.701860 
3064.888624 81.328319 
3066.817440 82.021873 
3068.746256 82.603354 
3070.675072 83.050618 
3072.603888 83.406994 
3074.532704 83.637814 
3076.461520 83.775725 
3078.390336 83.856787 
3080.319152 83.885802 
3082.247968 83.882780 
3084.176784 83.908742 
3086.105600 84.009234 
3088.034416 84.073185 
3089.963232 84.102152 
3091.892048 84.084218 
3093.820864 84.067133 
3095.749680 84.061302 
3097.678496 84.089782 
3099.607312 84.079774 
3101.536128 84.031667 
3103.464944 83.965226 
3105.393760 83.889583 
3107.322576 83.877414 
3109.251392 83.919123 
3111.180208 84.030091 
3113.109024 84.120800 
3115.037840 84.118997 
3116.966656 84.113449 
3118.895472 84.108524 
3120.824288 84.105998 
3122.753104 84.135045 
3124.681920 84.172776 
3126.610736 84.158586 
3128.539552 84.167273 
3130.468368 84.189295 
3132.397184 84.183222 
3134.326000 84.189926 
3136.254816 84.173024 
3138.183632 84.082761 
3140.112448 84.075205 
3142.041264 84.079741 
3143.970080 84.031668 
3145.898896 83.968590 
3147.827712 83.964508 
3149.756528 83.926182 
3151.685344 83.913206 
3153.614160 83.914803 
3155.542976 83.906182 
3157.471792 83.889247 
3159.400608 83.884172 
3161.329424 83.859960 
3163.258240 83.849373 
3165.187056 83.812035 
3167.115872 83.788090 
3169.044688 83.808591 
3170.973504 83.820802 
3172.902320 83.810496 
3174.831136 83.808064 
3176.759952 83.794716 
3178.688768 83.762524 
3180.617584 83.675183 
3182.546400 83.599470 
3184.475216 83.537752 
3186.404032 83.532870 
3188.332848 83.523760 
3190.261664 83.537642 
3192.190480 83.570594 
3194.119296 83.555688 
3196.048112 83.518575 
3197.976928 83.481350 
3199.905744 83.440034 
3201.834560 83.394338 
3203.763376 83.370053 
3205.692192 83.389824 
3207.621008 83.452513 
3209.549824 83.512113 
3211.478640 83.535810 
3213.407456 83.479272 
3215.336272 83.452924 
3217.265088 83.439832 
3219.193904 83.347372 
3221.122720 83.292825 
3223.051536 83.252472 
3224.980352 83.290637 
3226.909168 83.351756 
3228.837984 83.418018 
3230.766800 83.503474 
3232.695616 83.576846 
3234.624432 83.613116 
3236.553248 83.665610 
3238.482064 83.640837 
3240.410880 83.622997 
3242.339696 83.598313 
3244.268512 83.605132 
3246.197328 83.637305 
3248.126144 83.729869 
3250.054960 83.842904 
3251.983776 83.905204 
3253.912592 83.923453 
3255.841408 83.957001 
3257.770224 83.979313 
3259.699040 83.998649 
3261.627856 83.977976 
3263.556672 83.918932 
3265.485488 83.903825 
3267.414304 83.980558 
3269.343120 84.029590 
3271.271936 84.044477 
3273.200752 84.115475 
3275.129568 84.244863 
3277.058384 84.307549 
3278.987200 84.363597 
3280.916016 84.376999 
3282.844832 84.404008 
3284.773648 84.476329 
3286.702464 84.552623 
3288.631280 84.550927 
3290.560096 84.538547 
3292.488912 84.544633 
3294.417728 84.612592 
3296.346544 84.687779 
3298.275360 84.763914 
3300.204176 84.777908 
3302.132992 84.750764 
3304.061808 84.774754 
3305.990624 84.866578 
3307.919440 84.902227 
3309.848256 84.948235 
3311.777072 85.070682 
3313.705888 85.159173 
3315.634704 85.184206 
3317.563520 85.201753 
3319.492336 85.228247 
3321.421152 85.249600 
3323.349968 85.273075 
3325.278784 85.346235 
3327.207600 85.413123 
3329.136416 85.515576 
3331.065232 85.582974 
3332.994048 85.619448 
3334.922864 85.605724 
3336.851680 85.590645 
3338.780496 85.638860 
3340.709312 85.707992 
3342.638128 85.712192 
3344.566944 85.732939 
3346.495760 85.758421 
3348.424576 85.804316 
3350.353392 85.849268 
3352.282208 85.860074 
3354.211024 85.868476 
3356.139840 85.874978 
3358.068656 85.860301 
3359.997472 85.831681 
3361.926288 85.769996 
3363.855104 85.719656 
3365.783920 85.660676 
3367.712736 85.589560 
3369.641552 85.534742 
3371.570368 85.577865 
3373.499184 85.685235 
3375.428000 85.778123 
3377.356816 85.868645 
3379.285632 85.933249 
3381.214448 85.990079 
3383.143264 86.099916 
3385.072080 86.175682 
3387.000896 86.269146 
3388.929712 86.307931 
3390.858528 86.284950 
3392.787344 86.329818 
3394.716160 86.408694 
3396.644976 86.445019 
3398.573792 86.510111 
3400.502608 86.542535 
3402.431424 86.582730 
3404.360240 86.588321 
3406.289056 86.572618 
3408.217872 86.667667 
3410.146688 86.814754 
3412.075504 86.862720 
3414.004320 86.844315 
3415.933136 86.844942 
3417.861952 86.857251 
3419.790768 86.796303 
3421.719584 86.808733 
3423.648400 86.817252 
3425.577216 86.817850 
3427.506032 86.864209 
3429.434848 86.914545 
3431.363664 86.975961 
3433.292480 87.027189 
3435.221296 87.063080 
3437.150112 87.092537 
3439.078928 87.124339 
3441.007744 87.091153 
3442.936560 87.031740 
3444.865376 86.990339 
3446.794192 86.977129 
3448.723008 87.106528 
3450.651824 87.146317 
3452.580640 87.148953 
3454.509456 87.157946 
3456.438272 87.115245 
3458.367088 87.121366 
3460.295904 87.167361 
3462.224720 87.168673 
3464.153536 87.210393 
3466.082352 87.187632 
3468.011168 87.204828 
3469.939984 87.257070 
3471.868800 87.279696 
3473.797616 87.271061 
3475.726432 87.314596 
3477.655248 87.334404 
3479.584064 87.293374 
3481.512880 87.242340 
3483.441696 87.242898 
3485.370512 87.326973 
3487.299328 87.372963 
3489.228144 87.322673 
3491.156960 87.340102 
3493.085776 87.398366 
3495.014592 87.443607 
3496.943408 87.458185 
3498.872224 87.430249 
3500.801040 87.316558 
3502.729856 87.242420 
3504.658672 87.334016 
3506.587488 87.444687 
3508.516304 87.370295 
3510.445120 87.333883 
3512.373936 87.377410 
3514.302752 87.481940 
3516.231568 87.553054 
3518.160384 87.553507 
3520.089200 87.475352 
3522.018016 87.293942 
3523.946832 87.190708 
3525.875648 87.201149 
3527.804464 87.263000 
3529.733280 87.382906 
3531.662096 87.424449 
3533.590912 87.470294 
3535.519728 87.480936 
3537.448544 87.540237 
3539.377360 87.542817 
3541.306176 87.439241 
3543.234992 87.332863 
3545.163808 87.183275 
3547.092624 87.114126 
3549.021440 87.278951 
3550.950256 87.305975 
3552.879072 87.272719 
3554.807888 87.387241 
3556.736704 87.552870 
3558.665520 87.634433 
3560.594336 87.560307 
3562.523152 87.436714 
3564.451968 87.081459 
3566.380784 86.681776 
3568.309600 87.034706 
3570.238416 87.429295 
3572.167232 87.489902 
3574.096048 87.395474 
3576.024864 87.436385 
3577.953680 87.547943 
3579.882496 87.529335 
3581.811312 87.438378 
3583.740128 87.337046 
3585.668944 87.121579 
3587.597760 86.971020 
3589.526576 87.287421 
3591.455392 87.400084 
3593.384208 87.224284 
3595.313024 87.010069 
3597.241840 87.091946 
3599.170656 87.322648 
3601.099472 87.374061 
3603.028288 87.325852 
3604.957104 87.237510 
3606.885920 87.052007 
3608.814736 87.114171 
3610.743552 87.287656 
3612.672368 87.188251 
3614.601184 87.069259 
3616.530000 86.910790 
3618.458816 86.966807 
3620.387632 87.360569 
3622.316448 87.427768 
3624.245264 87.326792 
3626.174080 87.061949 
3628.102896 86.365929 
3630.031712 86.558083 
3631.960528 86.923291 
3633.889344 86.909880 
3635.818160 87.008671 
3637.746976 87.152358 
3639.675792 87.271500 
3641.604608 87.185509 
3643.533424 86.992258 
3645.462240 86.764471 
3647.391056 86.252726 
3649.319872 85.795730 
3651.248688 86.374968 
3653.177504 86.787571 
3655.106320 86.637161 
3657.035136 86.635568 
3658.963952 86.895626 
3660.892768 87.069619 
3662.821584 87.057557 
3664.750400 87.003996 
3666.679216 87.004749 
3668.608032 86.760735 
3670.536848 86.697646 
3672.465664 86.832295 
3674.394480 86.278491 
3676.323296 86.150581 
3678.252112 86.688456 
3680.180928 87.017542 
3682.109744 87.167981 
3684.038560 87.051743 
3685.967376 86.772824 
3687.896192 86.356774 
3689.825008 86.324984 
3691.753824 86.793688 
3693.682640 87.089686 
3695.611456 87.045182 
3697.540272 87.029397 
3699.469088 87.001427 
3701.397904 87.072693 
3703.326720 87.279632 
3705.255536 87.208137 
3707.184352 87.031478 
3709.113168 86.753770 
3711.041984 86.503327 
3712.970800 86.979444 
3714.899616 87.287869 
3716.828432 87.274713 
3718.757248 87.169942 
3720.686064 87.065016 
3722.614880 87.143973 
3724.543696 87.149982 
3726.472512 87.237893 
3728.401328 87.436857 
3730.330144 87.334022 
3732.258960 86.973224 
3734.187776 86.557458 
3736.116592 86.739153 
3738.045408 87.137644 
3739.974224 87.350700 
3741.903040 87.329976 
3743.831856 86.967417 
3745.760672 86.997297 
3747.689488 87.017788 
3749.618304 86.716347 
3751.547120 86.614901 
3753.475936 86.962050 
3755.404752 87.113966 
3757.333568 87.075775 
3759.262384 87.082100 
3761.191200 87.269493 
3763.120016 87.220502 
3765.048832 87.055142 
3766.977648 87.137871 
3768.906464 87.159699 
3770.835280 87.285474 
3772.764096 87.369872 
3774.692912 87.353324 
3776.621728 87.294168 
3778.550544 87.149961 
3780.479360 87.196691 
3782.408176 87.259034 
3784.336992 87.184639 
3786.265808 87.258530 
3788.194624 87.364117 
3790.123440 87.410019 
3792.052256 87.469917 
3793.981072 87.399215 
3795.909888 87.225749 
3797.838704 87.185123 
3799.767520 86.903760 
3801.696336 86.679067 
3803.625152 87.064085 
3805.553968 87.051517 
3807.482784 87.146782 
3809.411600 87.339285 
3811.340416 87.449261 
3813.269232 87.436399 
3815.198048 87.117561 
3817.126864 87.138559 
3819.055680 86.998560 
3820.984496 86.793987 
3822.913312 87.282452 
3824.842128 87.329288 
3826.770944 87.281288 
3828.699760 87.302552 
3830.628576 87.184096 
3832.557392 87.131735 
3834.486208 87.119595 
3836.415024 86.881165 
3838.343840 86.666712 
3840.272656 86.818802 
3842.201472 87.128362 
3844.130288 87.316996 
3846.059104 87.372529 
3847.987920 87.290729 
3849.916736 87.122224 
3851.845552 86.625484 
3853.774368 86.517388 
3855.703184 87.001501 
3857.632000 87.128237 
3859.560816 87.233194 
3861.489632 87.197928 
3863.418448 87.001863 
3865.347264 87.022110 
3867.276080 87.072130 
3869.204896 86.777676 
3871.133712 86.902449 
3873.062528 87.031935 
3874.991344 87.252898 
3876.920160 87.353376 
3878.848976 87.092477 
3880.777792 86.979644 
3882.706608 87.064445 
3884.635424 86.839927 
3886.564240 87.042565 
3888.493056 87.236102 
3890.421872 87.021649 
3892.350688 86.991238 
3894.279504 87.179667 
3896.208320 87.238628 
3898.137136 87.039798 
3900.065952 86.806924 
3901.994768 86.607808 
3903.923584 86.507486 
3905.852400 86.851752 
3907.781216 87.091467 
3909.710032 87.132635 
3911.638848 87.136928 
3913.567664 87.155702 
3915.496480 87.051033 
3917.425296 86.934568 
3919.354112 86.988451 
3921.282928 87.108296 
3923.211744 87.053962 
3925.140560 87.060619 
3927.069376 87.191680 
3928.998192 87.008565 
3930.927008 86.802678 
3932.855824 86.922574 
3934.784640 87.095126 
3936.713456 87.141945 
3938.642272 87.211307 
3940.571088 87.177627 
3942.499904 87.058215 
3944.428720 87.141634 
3946.357536 87.157221 
3948.286352 87.082242 
3950.215168 87.167966 
3952.143984 87.222772 
3954.072800 87.228667 
3956.001616 87.209077 
3957.930432 87.220611 
3959.859248 87.212915 
3961.788064 87.155678 
3963.716880 87.256166 
3965.645696 87.357127 
3967.574512 87.285352 
3969.503328 87.243611 
3971.432144 87.286706 
3973.360960 87.226506 
3975.289776 87.195524 
3977.218592 87.259056 
3979.147408 87.235079 
3981.076224 87.207994 
3983.005040 87.286934 
3984.933856 87.317704 
3986.862672 87.287127 
3988.791488 87.243204 
3990.720304 87.192576 
3992.649120 87.216449 
3994.577936 87.230223 
3996.506752 87.171480 
3998.435568 87.106367 
4000.364384 87.109244 