##YUNITS=%T
399.264912 99.603681 
401.193728 48.450188 
403.122544 52.063081 
405.051360 84.111323 
406.980176 55.317900 
408.908992 74.151298 
410.837808 91.339221 
412.766624 112.716047 
414.695440 98.529100 
416.624256 43.861535 
418.553072 42.526274 
420.481888 72.498095 
422.410704 76.867715 
424.339520 32.037592 
426.268336 130.188643 
428.197152 176.955073 
430.125968 222.003397 
432.054784 206.178745 
433.983600 147.456951 
435.912416 59.913020 
437.841232 12.038647 
439.770048 78.573969 
441.698864 91.315666 
443.627680 95.522500 
445.556496 263.439173 
447.485312 173.722813 
449.414128 187.612244 
451.342944 330.748503 
453.271760 331.853477 
455.200576 186.109839 
457.129392 160.110295 
459.058208 153.814697 
460.987024 105.180663 
462.915840 120.703546 
464.844656 169.259594 
466.773472 113.587556 
468.702288 101.964930 
470.631104 99.613725 
472.559920 75.312266 
474.488736 87.735612 
476.417552 114.365469 
478.346368 132.003172 
480.275184 122.188474 
482.204000 104.165276 
484.132816 120.590964 
486.061632 123.205847 
487.990448 138.022563 
489.919264 151.646739 
491.848080 211.105984 
493.776896 181.541867 
495.705712 116.814908 
497.634528 118.902671 
499.563344 161.836082 
501.492160 105.435365 
503.420976 100.744995 
505.349792 190.263072 
507.278608 179.943482 
509.207424 138.917100 
511.136240 139.546203 
513.065056 89.175373 
514.993872 70.476863 
516.922688 104.610197 
518.851504 107.987833 
520.780320 74.588832 
522.709136 86.314341 
524.637952 91.353166 
526.566768 102.345766 
528.495584 125.616902 
530.424400 125.381358 
532.353216 121.802477 
534.282032 114.162246 
536.210848 100.118525 
538.139664 77.773075 
540.068480 62.237016 
541.997296 86.215463 
543.926112 101.738545 
545.854928 78.712205 
547.783744 73.163093 
549.712560 73.579898 
551.641376 74.702144 
553.570192 97.338051 
555.499008 91.793435 
557.427824 73.783573 
559.356640 81.765984 
561.285456 78.205036 
563.214272 79.005607 
565.143088 90.111749 
567.071904 94.440781 
569.000720 89.359968 
570.929536 99.029803 
572.858352 103.775804 
574.787168 102.380144 
576.715984 91.463990 
578.644800 80.771072 
580.573616 76.562271 
582.502432 80.210630 
584.431248 76.656247 
586.360064 74.237596 
588.288880 78.874043 
590.217696 80.718745 
592.146512 80.094821 
594.075328 83.631063 
596.004144 83.676119 
597.932960 80.090770 
599.861776 78.552096 
601.790592 81.108875 
603.719408 80.388103 
605.648224 76.366827 
607.577040 80.486412 
609.505856 81.507007 
611.434672 76.601855 
613.363488 78.930295 
615.292304 83.483345 
617.221120 82.796776 
619.149936 75.732267 
621.078752 71.268679 
623.007568 80.321552 
624.936384 80.957472 
626.865200 73.093273 
628.794016 72.056588 
630.722832 73.217419 
632.651648 71.372023 
634.580464 72.510843 
636.509280 74.073966 
638.438096 70.087970 
640.366912 69.231986 
642.295728 69.527406 
644.224544 67.708504 
646.153360 65.553685 
648.082176 66.918971 
650.010992 73.205354 
651.939808 76.595803 
653.868624 76.449201 
655.797440 75.066989 
657.726256 74.433025 
659.655072 74.572730 
661.583888 74.128506 
663.512704 74.024665 
665.441520 73.393981 
667.370336 73.060815 
669.299152 73.770815 
671.227968 73.258579 
673.156784 72.660726 
675.085600 72.082065 
677.014416 71.028702 
678.943232 70.269655 
680.872048 69.229078 
682.800864 67.378397 
684.729680 65.404603 
686.658496 63.266365 
688.587312 60.190214 
690.516128 58.712625 
692.444944 61.267399 
694.373760 65.483432 
696.302576 67.967185 
698.231392 68.494841 
700.160208 67.483062 
702.089024 66.777318 
704.017840 66.672866 
705.946656 67.752140 
707.875472 69.837764 
709.804288 70.841336 
711.733104 70.794489 
713.661920 70.372352 
715.590736 69.810742 
717.519552 69.374324 
719.448368 69.072881 
721.377184 68.583530 
723.306000 68.103739 
725.234816 67.741235 
727.163632 66.996801 
729.092448 65.948238 
731.021264 65.070517 
732.950080 63.850950 
734.878896 62.267984 
736.807712 60.395299 
738.736528 58.121146 
740.665344 55.303295 
742.594160 52.541003 
744.522976 52.763902 
746.451792 55.299242 
748.380608 55.555475 
750.309424 53.454783 
752.238240 50.404714 
754.167056 48.738756 
756.095872 47.563288 
758.024688 45.177604 
759.953504 43.642606 
761.882320 45.016920 
763.811136 48.553251 
765.739952 53.474037 
767.668768 59.453798 
769.597584 64.479661 
771.526400 67.354239 
773.455216 68.409813 
775.384032 68.845851 
777.312848 69.592574 
779.241664 71.386241 
781.170480 73.050074 
783.099296 73.006382 
785.028112 71.817352 
786.956928 71.902130 
788.885744 73.847237 
790.814560 75.474753 
792.743376 75.415866 
794.672192 74.667956 
796.601008 75.848389 
798.529824 78.584541 
800.458640 80.078726 
802.387456 80.343274 
804.316272 80.047834 
806.245088 79.587159 
808.173904 78.716081 
810.102720 77.151505 
812.031536 75.307005 
813.960352 73.627206 
815.889168 72.370674 
817.817984 71.966442 
819.746800 72.254599 
821.675616 72.296178 
823.604432 70.999260 
825.533248 70.259677 
827.462064 73.147143 
829.390880 76.996684 
831.319696 78.327953 
833.248512 77.892654 
835.177328 76.995997 
837.106144 75.959736 
839.034960 74.358676 
840.963776 72.186757 
842.892592 69.872085 
844.821408 67.537325 
846.750224 65.528057 
848.679040 64.931739 
850.607856 66.601662 
852.536672 70.450925 
854.465488 74.640749 
856.394304 77.598040 
858.323120 79.291420 
860.251936 80.115787 
862.180752 80.064904 
864.109568 79.083792 
866.038384 77.531854 
867.967200 76.730443 
869.896016 77.212516 
871.824832 77.357293 
873.753648 76.631380 
875.682464 76.494463 
877.611280 77.565880 
879.540096 79.103576 
881.468912 79.830865 
883.397728 79.488333 
885.326544 78.866355 
887.255360 78.439710 
889.184176 78.352243 
891.112992 78.336751 
893.041808 78.489112 
894.970624 78.588794 
896.899440 78.224386 
898.828256 77.383427 
900.757072 76.203802 
902.685888 74.976802 
904.614704 74.344536 
906.543520 74.872917 
908.472336 76.105279 
910.401152 77.049536 
912.329968 77.414845 
914.258784 77.477256 
916.187600 77.421077 
918.116416 77.336492 
920.045232 77.093126 
921.974048 76.656367 
923.902864 76.049865 
925.831680 75.369360 
927.760496 74.658551 
929.689312 73.791381 
931.618128 72.502804 
933.546944 70.815719 
935.475760 68.701159 
937.404576 66.849395 
939.333392 66.656425 
941.262208 68.088538 
943.191024 69.836259 
945.119840 70.362910 
947.048656 69.486138 
948.977472 67.577061 
950.906288 65.740385 
952.835104 64.480940 
954.763920 63.171998 
956.692736 62.879451 
958.621552 64.530669 
960.550368 66.935438 
962.479184 68.645685 
964.408000 69.298405 
966.336816 70.392010 
968.265632 72.841875 
970.194448 75.338623 
972.123264 76.608466 
974.052080 76.889319 
975.980896 77.214935 
977.909712 77.674511 
979.838528 77.630134 
981.767344 77.423629 
983.696160 77.068292 
985.624976 76.577827 
987.553792 75.894223 
989.482608 74.858888 
991.411424 73.711253 
993.340240 72.325335 
995.269056 70.473033 
997.197872 68.403812 
999.126688 66.501631 
1001.055504 64.602954 
1002.984320 62.405196 
1004.913136 60.711179 
1006.841952 60.461682 
1008.770768 61.702319 
1010.699584 63.991008 
1012.628400 67.065720 
1014.557216 69.973390 
1016.486032 71.714999 
1018.414848 71.930294 
1020.343664 70.962971 
1022.272480 69.542157 
1024.201296 68.734219 
1026.130112 68.290725 
1028.058928 67.598929 
1029.987744 68.075686 
1031.916560 69.725780 
1033.845376 70.768282 
1035.774192 70.664680 
1037.703008 70.162229 
1039.631824 70.093602 
1041.560640 70.762105 
1043.489456 71.641839 
1045.418272 71.788505 
1047.347088 70.812791 
1049.275904 68.926216 
1051.204720 67.134400 
1053.133536 66.145703 
1055.062352 65.301552 
1056.991168 64.792944 
1058.919984 65.827234 
1060.848800 67.555979 
1062.777616 68.526847 
1064.706432 68.647644 
1066.635248 68.439583 
1068.564064 68.213712 
1070.492880 68.071361 
1072.421696 68.289485 
1074.350512 69.278276 
1076.279328 70.580259 
1078.208144 71.457757 
1080.136960 71.614276 
1082.065776 70.832718 
1083.994592 69.825126 
1085.923408 70.330886 
1087.852224 72.286815 
1089.781040 73.966716 
1091.709856 74.597815 
1093.638672 74.354626 
1095.567488 73.400809 
1097.496304 71.651895 
1099.425120 69.336467 
1101.353936 67.645093 
1103.282752 67.475701 
1105.211568 67.669336 
1107.140384 67.375543 
1109.069200 67.012387 
1110.998016 66.708604 
1112.926832 66.629284 
1114.855648 68.461622 
1116.784464 72.412228 
1118.713280 76.003663 
1120.642096 77.993409 
1122.570912 78.721317 
1124.499728 78.884938 
1126.428544 78.763309 
1128.357360 78.376839 
1130.286176 77.891017 
1132.214992 77.509557 
1134.143808 77.035353 
1136.072624 76.504785 
1138.001440 75.547704 
1139.930256 74.066287 
1141.859072 72.111573 
1143.787888 69.663428 
1145.716704 66.690996 
1147.645520 64.377397 
1149.574336 64.420349 
1151.503152 66.901978 
1153.431968 70.548070 
1155.360784 73.709992 
1157.289600 75.422892 
1159.218416 76.125162 
1161.147232 76.415957 
1163.076048 76.496884 
1165.004864 76.244802 
1166.933680 75.764860 
1168.862496 75.187834 
1170.791312 74.427073 
1172.720128 73.452864 
1174.648944 73.462733 
1176.577760 74.134275 
1178.506576 74.104178 
1180.435392 73.468081 
1182.364208 72.657566 
1184.293024 71.610578 
1186.221840 70.164150 
1188.150656 68.429111 
1190.079472 66.633426 
1192.008288 64.923982 
1193.937104 64.037931 
1195.865920 64.654852 
1197.794736 66.221272 
1199.723552 67.675818 
1201.652368 68.141748 
1203.581184 67.486405 
1205.510000 66.791733 
1207.438816 67.031502 
1209.367632 67.897054 
1211.296448 68.642812 
1213.225264 68.950509 
1215.154080 68.604344 
1217.082896 67.644815 
1219.011712 66.532949 
1220.940528 65.664525 
1222.869344 64.722137 
1224.798160 63.645009 
1226.726976 63.440581 
1228.655792 64.606434 
1230.584608 66.235057 
1232.513424 67.534908 
1234.442240 68.727366 
1236.371056 70.203490 
1238.299872 71.807879 
1240.228688 73.012499 
1242.157504 73.583104 
1244.086320 73.690627 
1246.015136 73.397125 
1247.943952 72.801148 
1249.872768 71.914223 
1251.801584 70.754616 
1253.730400 69.245840 
1255.659216 67.350590 
1257.588032 65.464691 
1259.516848 64.588601 
1261.445664 65.131624 
1263.374480 66.061157 
1265.303296 66.181736 
1267.232112 65.141037 
1269.160928 63.101069 
1271.089744 61.513384 
1273.018560 62.078808 
1274.947376 62.842418 
1276.876192 61.976721 
1278.805008 60.296755 
1280.733824 58.445611 
1282.662640 56.845606 
1284.591456 55.883503 
1286.520272 55.710724 
1288.449088 56.181696 
1290.377904 57.391954 
1292.306720 59.308681 
1294.235536 61.639351 
1296.164352 64.079209 
1298.093168 66.172840 
1300.021984 67.402947 
1301.950800 68.264424 
1303.879616 69.051022 
1305.808432 69.401379 
1307.737248 69.276522 
1309.666064 69.200335 
1311.594880 69.663489 
1313.523696 70.591521 
1315.452512 71.647037 
1317.381328 73.172357 
1319.310144 75.373212 
1321.238960 77.080696 
1323.167776 77.422676 
1325.096592 76.644488 
1327.025408 75.274047 
1328.954224 73.969769 
1330.883040 73.095368 
1332.811856 72.769149 
1334.740672 72.863004 
1336.669488 73.114616 
1338.598304 73.366404 
1340.527120 73.499384 
1342.455936 73.343678 
1344.384752 72.825356 
1346.313568 71.936016 
1348.242384 71.513774 
1350.171200 72.602642 
1352.100016 73.600453 
1354.028832 72.814467 
1355.957648 70.837930 
1357.886464 68.827452 
1359.815280 67.045013 
1361.744096 65.758679 
1363.672912 66.098699 
1365.601728 68.286645 
1367.530544 71.129609 
1369.459360 72.581160 
1371.388176 72.042658 
1373.316992 70.462879 
1375.245808 69.068259 
1377.174624 69.923774 
1379.103440 73.063698 
1381.032256 76.260078 
1382.961072 77.754703 
1384.889888 77.553509 
1386.818704 76.198149 
1388.747520 74.160231 
1390.676336 72.393315 
1392.605152 70.587507 
1394.533968 68.532394 
1396.462784 66.701497 
1398.391600 65.793637 
1400.320416 65.738188 
1402.249232 66.699647 
1404.178048 68.475254 
1406.106864 70.593457 
1408.035680 71.541619 
1409.964496 71.273020 
1411.893312 70.012305 
1413.822128 68.512798 
1415.750944 67.390847 
1417.679760 67.325518 
1419.608576 69.404354 
1421.537392 71.060485 
1423.466208 71.708251 
1425.395024 71.774341 
1427.323840 71.538747 
1429.252656 71.247160 
1431.181472 70.952923 
1433.110288 70.549104 
1435.039104 69.905938 
1436.967920 68.291449 
1438.896736 66.222946 
1440.825552 63.901580 
1442.754368 61.584522 
1444.683184 60.510503 
1446.612000 61.379047 
1448.540816 64.070971 
1450.469632 65.932109 
1452.398448 66.087126 
1454.327264 64.964843 
1456.256080 62.406723 
1458.184896 58.071690 
1460.113712 55.567833 
1462.042528 54.624464 
1463.971344 55.538436 
1465.900160 60.944919 
1467.828976 67.790511 
1469.757792 74.244735 
1471.686608 78.187175 
1473.615424 78.113218 
1475.544240 76.641881 
1477.473056 75.687812 
1479.401872 74.120518 
1481.330688 71.679381 
1483.259504 70.264434 
1485.188320 70.142019 
1487.117136 72.267337 
1489.045952 76.143929 
1490.974768 79.376294 
1492.903584 80.175215 
1494.832400 80.016914 
1496.761216 79.280822 
1498.690032 78.335717 
1500.618848 77.310107 
1502.547664 76.425857 
1504.476480 75.656294 
1506.405296 75.489468 
1508.334112 76.509341 
1510.262928 77.191290 
1512.191744 77.633189 
1514.120560 77.772852 
1516.049376 77.422350 
1517.978192 77.200993 
1519.907008 76.729869 
1521.835824 75.474291 
1523.764640 74.302764 
1525.693456 73.002490 
1527.622272 71.156485 
1529.551088 69.271851 
1531.479904 67.479828 
1533.408720 65.080879 
1535.337536 63.763067 
1537.266352 63.532763 
1539.195168 64.192089 
1541.123984 65.759098 
1543.052800 66.670894 
1544.981616 67.165425 
1546.910432 67.355644 
1548.839248 66.982702 
1550.768064 66.090201 
1552.696880 65.006472 
1554.625696 63.542459 
1556.554512 62.440137 
1558.483328 62.443373 
1560.412144 63.510960 
1562.340960 65.013501 
1564.269776 67.876005 
1566.198592 71.291824 
1568.127408 72.883820 
1570.056224 72.942446 
1571.985040 71.731166 
1573.913856 70.170767 
1575.842672 67.773767 
1577.771488 65.617001 
1579.700304 64.783119 
1581.629120 63.661065 
1583.557936 62.250981 
1585.486752 61.125917 
1587.415568 60.985377 
1589.344384 61.524789 
1591.273200 62.491422 
1593.202016 63.747228 
1595.130832 65.191093 
1597.059648 65.653779 
1598.988464 64.435959 
1600.917280 62.019394 
1602.846096 59.870076 
1604.774912 59.224700 
1606.703728 59.979876 
1608.632544 61.458703 
1610.561360 63.336839 
1612.490176 65.110474 
1614.418992 66.719481 
1616.347808 69.156986 
1618.276624 71.432567 
1620.205440 71.589836 
1622.134256 70.798680 
1624.063072 68.851668 
1625.991888 67.034112 
1627.920704 64.498235 
1629.849520 61.794617 
1631.778336 59.564953 
1633.707152 57.621275 
1635.635968 55.027009 
1637.564784 53.262936 
1639.493600 52.642274 
1641.422416 52.773001 
1643.351232 53.497873 
1645.280048 54.830743 
1647.208864 58.405297 
1649.137680 61.574089 
1651.066496 63.399634 
1652.995312 69.638609 
1654.924128 77.115830 
1656.852944 80.174509 
1658.781760 83.635693 
1660.710576 86.158981 
1662.639392 87.955944 
1664.568208 89.025383 
1666.497024 89.433000 
1668.425840 89.562156 
1670.354656 89.841776 
1672.283472 89.871753 
1674.212288 89.728790 
1676.141104 89.123110 
1678.069920 88.323743 
1679.998736 87.014004 
1681.927552 85.768404 
1683.856368 84.416435 
1685.785184 83.274113 
1687.714000 82.318185 
1689.642816 81.241041 
1691.571632 80.618070 
1693.500448 80.724381 
1695.429264 82.414148 
1697.358080 85.584562 
1699.286896 86.786000 
1701.215712 87.916150 
1703.144528 87.894310 
1705.073344 87.822749 
1707.002160 87.992685 
1708.930976 88.327244 
1710.859792 88.595911 
1712.788608 88.913875 
1714.717424 89.257590 
1716.646240 90.019348 
1718.575056 91.339135 
1720.503872 92.206720 
1722.432688 92.735407 
1724.361504 93.304340 
1726.290320 93.591261 
1728.219136 93.691669 
1730.147952 93.622817 
1732.076768 93.580579 
1734.005584 93.551257 
1735.934400 93.729398 
1737.863216 93.582469 
1739.792032 93.461759 
1741.720848 93.272252 
1743.649664 93.154133 
1745.578480 93.049007 
1747.507296 92.981691 
1749.436112 92.868702 
1751.364928 92.964446 
1753.293744 92.979693 
1755.222560 92.831260 
1757.151376 92.643047 
1759.080192 92.580539 
1761.009008 92.428695 
1762.937824 92.427766 
1764.866640 92.358345 
1766.795456 92.220958 
1768.724272 92.046958 
1770.653088 91.909852 
1772.581904 91.849462 
1774.510720 91.872544 
1776.439536 91.784361 
1778.368352 91.686025 
1780.297168 91.480153 
1782.225984 91.348266 
1784.154800 91.179630 
1786.083616 91.133261 
1788.012432 90.984232 
1789.941248 90.771339 
1791.870064 90.739036 
1793.798880 90.977324 
1795.727696 90.950791 
1797.656512 90.956827 
1799.585328 90.941917 
1801.514144 91.035147 
1803.442960 91.114464 
1805.371776 91.122931 
1807.300592 91.023428 
1809.229408 90.932318 
1811.158224 90.825217 
1813.087040 90.875902 
1815.015856 90.848113 
1816.944672 90.750183 
1818.873488 90.622927 
1820.802304 90.546525 
1822.731120 90.377159 
1824.659936 90.350361 
1826.588752 90.314785 
1828.517568 90.160675 
1830.446384 90.063685 
1832.375200 90.039548 
1834.304016 89.826264 
1836.232832 89.554028 
1838.161648 89.232572 
1840.090464 89.060922 
1842.019280 88.878775 
1843.948096 88.913753 
1845.876912 89.085617 
1847.805728 89.222687 
1849.734544 89.355864 
1851.663360 89.497149 
1853.592176 89.573237 
1855.520992 89.603429 
1857.449808 89.624082 
1859.378624 89.709042 
1861.307440 89.718069 
1863.236256 89.713893 
1865.165072 89.508868 
1867.093888 89.241221 
1869.022704 89.080295 
1870.951520 88.976571 
1872.880336 88.794772 
1874.809152 88.696728 
1876.737968 88.591456 
1878.666784 88.573638 
1880.595600 88.548595 
1882.524416 88.591705 
1884.453232 88.739049 
1886.382048 88.863276 
1888.310864 88.764378 
1890.239680 88.867203 
1892.168496 88.875026 
1894.097312 88.777835 
1896.026128 88.706709 
1897.954944 88.716773 
1899.883760 88.602063 
1901.812576 88.540917 
1903.741392 88.378701 
1905.670208 88.238672 
1907.599024 88.089859 
1909.527840 88.074472 
1911.456656 88.068426 
1913.385472 88.005513 
1915.314288 87.838564 
1917.243104 87.767468 
1919.171920 87.758069 
1921.100736 87.722304 
1923.029552 87.719712 
1924.958368 87.852063 
1926.887184 87.827489 
1928.816000 87.813018 
1930.744816 87.750739 
1932.673632 87.674664 
1934.602448 87.530957 
1936.531264 87.598820 
1938.460080 87.631257 
1940.388896 87.589956 
1942.317712 87.552007 
1944.246528 87.547601 
1946.175344 87.360299 
1948.104160 87.311777 
1950.032976 87.297088 
1951.961792 87.345093 
1953.890608 87.311541 
1955.819424 87.359569 
1957.748240 87.190201 
1959.677056 86.985490 
1961.605872 86.741021 
1963.534688 86.639084 
1965.463504 86.605374 
1967.392320 86.912364 
1969.321136 87.169629 
1971.249952 87.324466 
1973.178768 87.314811 
1975.107584 87.330650 
1977.036400 87.083703 
1978.965216 86.945027 
1980.894032 87.058991 
1982.822848 87.158299 
1984.751664 86.947699 
1986.680480 86.887894 
1988.609296 86.882252 
1990.538112 86.794856 
1992.466928 86.570735 
1994.395744 86.439547 
1996.324560 86.331193 
1998.253376 86.567307 
2000.182192 86.739781 
2002.111008 86.939299 
2004.039824 87.134631 
2005.968640 87.085511 
2007.897456 86.793264 
2009.826272 86.943044 
2011.755088 87.061572 
2013.683904 87.095954 
2015.612720 87.111689 
2017.541536 87.199884 
2019.470352 87.284916 
2021.399168 87.458922 
2023.327984 87.330978 
2025.256800 87.355753 
2027.185616 87.250597 
2029.114432 87.176618 
2031.043248 87.135670 
2032.972064 87.030612 
2034.900880 86.731520 
2036.829696 86.747715 
2038.758512 86.716930 
2040.687328 86.762884 
2042.616144 86.873993 
2044.544960 86.994497 
2046.473776 86.930688 
2048.402592 86.769744 
2050.331408 86.673360 
2052.260224 86.898211 
2054.189040 86.973175 
2056.117856 87.019205 
2058.046672 86.914745 
2059.975488 86.908854 
2061.904304 86.959172 
2063.833120 86.914495 
2065.761936 86.810209 
2067.690752 86.825274 
2069.619568 86.787965 
2071.548384 86.781701 
2073.477200 86.759713 
2075.406016 86.691196 
2077.334832 86.603901 
2079.263648 86.617027 
2081.192464 86.578548 
2083.121280 86.587366 
2085.050096 86.626255 
2086.978912 86.727902 
2088.907728 86.775248 
2090.836544 86.889398 
2092.765360 87.031279 
2094.694176 87.080612 
2096.622992 86.978047 
2098.551808 86.961992 
2100.480624 86.985502 
2102.409440 87.051670 
2104.338256 87.083305 
2106.267072 87.023706 
2108.195888 86.851419 
2110.124704 86.803367 
2112.053520 86.724785 
2113.982336 86.730094 
2115.911152 86.804951 
2117.839968 86.898719 
2119.768784 86.920934 
2121.697600 87.034258 
2123.626416 87.082619 
2125.555232 87.086784 
2127.484048 87.051837 
2129.412864 87.108624 
2131.341680 87.170154 
2133.270496 87.095941 
2135.199312 86.986235 
2137.128128 87.054370 
2139.056944 87.130669 
2140.985760 87.146983 
2142.914576 87.085378 
2144.843392 87.082171 
2146.772208 87.008379 
2148.701024 87.004839 
2150.629840 87.092229 
2152.558656 87.249179 
2154.487472 87.315776 
2156.416288 87.467662 
2158.345104 87.020906 
2160.273920 86.483659 
2162.202736 86.267105 
2164.131552 86.055755 
2166.060368 85.947765 
2167.989184 86.075357 
2169.918000 86.092966 
2171.846816 86.043559 
2173.775632 85.985647 
2175.704448 86.026040 
2177.633264 85.948921 
2179.562080 85.957790 
2181.490896 85.963002 
2183.419712 85.967280 
2185.348528 85.988352 
2187.277344 86.012879 
2189.206160 85.898934 
2191.134976 85.841917 
2193.063792 85.890384 
2194.992608 85.988304 
2196.921424 85.976533 
2198.850240 86.010440 
2200.779056 85.977366 
2202.707872 85.975810 
2204.636688 85.955429 
2206.565504 85.921282 
2208.494320 85.776259 
2210.423136 85.702024 
2212.351952 85.752551 
2214.280768 85.935983 
2216.209584 86.068863 
2218.138400 86.185996 
2220.067216 86.311013 
2221.996032 86.367365 
2223.924848 86.206314 
2225.853664 86.158980 
2227.782480 86.182251 
2229.711296 86.247006 
2231.640112 86.267127 
2233.568928 86.314299 
2235.497744 86.388273 
2237.426560 86.426887 
2239.355376 86.425685 
2241.284192 86.415414 
2243.213008 86.398181 
2245.141824 86.376036 
2247.070640 86.308374 
2248.999456 86.373454 
2250.928272 86.387584 
2252.857088 86.364245 
2254.785904 86.311084 
2256.714720 86.205237 
2258.643536 86.146731 
2260.572352 86.080296 
2262.501168 86.054533 
2264.429984 86.163277 
2266.358800 86.190861 
2268.287616 86.241540 
2270.216432 86.303804 
2272.145248 86.324239 
2274.074064 86.325390 
2276.002880 86.361612 
2277.931696 86.343533 
2279.860512 86.347819 
2281.789328 86.361242 
2283.718144 86.378784 
2285.646960 86.455286 
2287.575776 86.505702 
2289.504592 86.476246 
2291.433408 86.487288 
2293.362224 86.466182 
2295.291040 86.461905 
2297.219856 86.411716 
2299.148672 86.328678 
2301.077488 86.314165 
2303.006304 86.383867 
2304.935120 86.407301 
2306.863936 86.413769 
2308.792752 86.438946 
2310.721568 86.513181 
2312.650384 86.575286 
2314.579200 86.654745 
2316.508016 86.687299 
2318.436832 86.613870 
2320.365648 86.471034 
2322.294464 86.342669 
2324.223280 86.436540 
2326.152096 86.794285 
2328.080912 86.947975 
2330.009728 86.957649 
2331.938544 87.015584 
2333.867360 87.161413 
2335.796176 87.166292 
2337.724992 87.080916 
2339.653808 86.966641 
2341.582624 86.925084 
2343.511440 86.910844 
2345.440256 86.929003 
2347.369072 86.952719 
2349.297888 87.007177 
2351.226704 87.075762 
2353.155520 87.175820 
2355.084336 87.214456 
2357.013152 87.270881 
2358.941968 87.346264 
2360.870784 87.405275 
2362.799600 87.275727 
2364.728416 87.183144 
2366.657232 87.179479 
2368.586048 87.162411 
2370.514864 87.060606 
2372.443680 87.051512 
2374.372496 86.971120 
2376.301312 86.818685 
2378.230128 86.722708 
2380.158944 86.636753 
2382.087760 86.581469 
2384.016576 86.583581 
2385.945392 86.555729 
2387.874208 86.564083 
2389.803024 86.606255 
2391.731840 86.665392 
2393.660656 86.684936 
2395.589472 86.675042 
2397.518288 86.595684 
2399.447104 86.517079 
2401.375920 86.392191 
2403.304736 86.256423 
2405.233552 86.140031 
2407.162368 86.100984 
2409.091184 86.089454 
2411.020000 86.088905 
2412.948816 86.104354 
2414.877632 86.086364 
2416.806448 86.033597 
2418.735264 85.968398 
2420.664080 85.938579 
2422.592896 85.973851 
2424.521712 86.010464 
2426.450528 86.030856 
2428.379344 86.065603 
2430.308160 86.110234 
2432.236976 86.128861 
2434.165792 86.213927 
2436.094608 86.253346 
2438.023424 86.226089 
2439.952240 86.194108 
2441.881056 86.224087 
2443.809872 86.237366 
2445.738688 86.225234 
2447.667504 86.169509 
2449.596320 86.086270 
2451.525136 86.061905 
2453.453952 86.031753 
2455.382768 85.923525 
2457.311584 85.849851 
2459.240400 85.755789 
2461.169216 85.654081 
2463.098032 85.603993 
2465.026848 85.631354 
2466.955664 85.721264 
2468.884480 85.819356 
2470.813296 85.915381 
2472.742112 86.003308 
2474.670928 86.086308 
2476.599744 86.151819 
2478.528560 86.198071 
2480.457376 86.210141 
2482.386192 86.177816 
2484.315008 86.176531 
2486.243824 86.162330 
2488.172640 86.189716 
2490.101456 86.160501 
2492.030272 86.113107 
2493.959088 85.998477 
2495.887904 85.924278 
2497.816720 85.906266 
2499.745536 85.910866 
2501.674352 85.901045 
2503.603168 85.960357 
2505.531984 85.989347 
2507.460800 85.994713 
2509.389616 86.003960 
2511.318432 86.051583 
2513.247248 86.061969 
2515.176064 86.068600 
2517.104880 86.088349 
2519.033696 86.117660 
2520.962512 86.055185 
2522.891328 85.975210 
2524.820144 85.912043 
2526.748960 85.905521 
2528.677776 85.903474 
2530.606592 85.884768 
2532.535408 85.865758 
2534.464224 85.861305 
2536.393040 85.858138 
2538.321856 85.880809 
2540.250672 85.885914 
2542.179488 85.914646 
2544.108304 85.946057 
2546.037120 85.935290 
2547.965936 85.912956 
2549.894752 85.960354 
2551.823568 85.991247 
2553.752384 86.021926 
2555.681200 86.003033 
2557.610016 85.987170 
2559.538832 85.947817 
2561.467648 85.888976 
2563.396464 85.819237 
2565.325280 85.837167 
2567.254096 85.865634 
2569.182912 85.862353 
2571.111728 85.856800 
2573.040544 85.833113 
2574.969360 85.762656 
2576.898176 85.723361 
2578.826992 85.697608 
2580.755808 85.668529 
2582.684624 85.651123 
2584.613440 85.703138 
2586.542256 85.787668 
2588.471072 85.849025 
2590.399888 85.863311 
2592.328704 85.882790 
2594.257520 85.902167 
2596.186336 85.925675 
2598.115152 85.902119 
2600.043968 85.899962 
2601.972784 85.925335 
2603.901600 85.951189 
2605.830416 85.947094 
2607.759232 85.932622 
2609.688048 85.956664 
2611.616864 86.016966 
2613.545680 85.987804 
2615.474496 85.934481 
2617.403312 85.881343 
2619.332128 85.881398 
2621.260944 85.892246 
2623.189760 85.919182 
2625.118576 85.956005 
2627.047392 85.965627 
2628.976208 85.958932 
2630.905024 85.958516 
2632.833840 85.956190 
2634.762656 86.000918 
2636.691472 86.047813 
2638.620288 86.117492 
2640.549104 86.157542 
2642.477920 86.136719 
2644.406736 86.119333 
2646.335552 86.127078 
2648.264368 86.126686 
2650.193184 86.124980 
2652.122000 86.128383 
2654.050816 86.142713 
2655.979632 86.185509 
2657.908448 86.232455 
2659.837264 86.236161 
2661.766080 86.244040 
2663.694896 86.264424 
2665.623712 86.248049 
2667.552528 86.203512 
2669.481344 86.154791 
2671.410160 86.082962 
2673.338976 86.033275 
2675.267792 85.991675 
2677.196608 85.960831 
2679.125424 85.959990 
2681.054240 85.983592 
2682.983056 86.005078 
2684.911872 85.988575 
2686.840688 86.000896 
2688.769504 86.008281 
2690.698320 86.017780 
2692.627136 86.057306 
2694.555952 86.072513 
2696.484768 86.082659 
2698.413584 86.112767 
2700.342400 86.143730 
2702.271216 86.152681 
2704.200032 86.152743 
2706.128848 86.149539 
2708.057664 86.128173 
2709.986480 86.103777 
2711.915296 86.091325 
2713.844112 86.089637 
2715.772928 86.119354 
2717.701744 86.093706 
2719.630560 86.067598 
2721.559376 86.084924 
2723.488192 86.071744 
2725.417008 86.041843 
2727.345824 86.009721 
2729.274640 85.966485 
2731.203456 85.989733 
2733.132272 86.030717 
2735.061088 86.060356 
2736.989904 86.077150 
2738.918720 86.080765 
2740.847536 86.049957 
2742.776352 86.044136 
2744.705168 86.039535 
2746.633984 85.985665 
2748.562800 85.929938 
2750.491616 85.948341 
2752.420432 85.983492 
2754.349248 85.974601 
2756.278064 85.932019 
2758.206880 85.880941 
2760.135696 85.788915 
2762.064512 85.657696 
2763.993328 85.513843 
2765.922144 85.401806 
2767.850960 85.319730 
2769.779776 85.266909 
2771.708592 85.308988 
2773.637408 85.427034 
2775.566224 85.540440 
2777.495040 85.638968 
2779.423856 85.727774 
2781.352672 85.767408 
2783.281488 85.773832 
2785.210304 85.754878 
2787.139120 85.713573 
2789.067936 85.634501 
2790.996752 85.562610 
2792.925568 85.512371 
2794.854384 85.499811 
2796.783200 85.492687 
2798.712016 85.502744 
2800.640832 85.485125 
2802.569648 85.425862 
2804.498464 85.397427 
2806.427280 85.378426 
2808.356096 85.308533 
2810.284912 85.228900 
2812.213728 85.165499 
2814.142544 85.097818 
2816.071360 85.015097 
2818.000176 84.898300 
2819.928992 84.796155 
2821.857808 84.681272 
2823.786624 84.568442 
2825.715440 84.500190 
2827.644256 84.487040 
2829.573072 84.518625 
2831.501888 84.593181 
2833.430704 84.643022 
2835.359520 84.652641 
2837.288336 84.617467 
2839.217152 84.566938 
2841.145968 84.507060 
2843.074784 84.459400 
2845.003600 84.429099 
2846.932416 84.391548 
2848.861232 84.317973 
2850.790048 84.221817 
2852.718864 84.082699 
2854.647680 83.917600 
2856.576496 83.683824 
2858.505312 83.335665 
2860.434128 82.871098 
2862.362944 82.364818 
2864.291760 81.733777 
2866.220576 80.989538 
2868.149392 80.397327 
2870.078208 80.125067 
2872.007024 80.362678 
2873.935840 81.113089 
2875.864656 82.014670 
2877.793472 82.735233 
2879.722288 83.179210 
2881.651104 83.438136 
2883.579920 83.563275 
2885.508736 83.660969 
2887.437552 83.675820 
2889.366368 83.583504 
2891.295184 83.477429 
2893.224000 83.363845 
2895.152816 83.214878 
2897.081632 83.020805 
2899.010448 82.778613 
2900.939264 82.582190 
2902.868080 82.578314 
2904.796896 82.706306 
2906.725712 82.861530 
2908.654528 83.043598 
2910.583344 83.216797 
2912.512160 83.399990 
2914.440976 83.599860 
2916.369792 83.738371 
2918.298608 83.781241 
2920.227424 83.795102 
2922.156240 83.813216 
2924.085056 83.842733 
2926.013872 83.806789 
2927.942688 83.738457 
2929.871504 83.734230 
2931.800320 83.771340 
2933.729136 83.757281 
2935.657952 83.701550 
2937.586768 83.629183 
2939.515584 83.549170 
2941.444400 83.510308 
2943.373216 83.503897 
2945.302032 83.513163 
2947.230848 83.504241 
2949.159664 83.432100 
2951.088480 83.370599 
2953.017296 83.300478 
2954.946112 83.204099 
2956.874928 83.112799 
2958.803744 83.025876 
2960.732560 82.905455 
2962.661376 82.760174 
2964.590192 82.588259 
2966.519008 82.419224 
2968.447824 82.308159 
2970.376640 82.227159 
2972.305456 82.100438 
2974.234272 81.995345 
2976.163088 81.872602 
2978.091904 81.737366 
2980.020720 81.797605 
2981.949536 82.061872 
2983.878352 82.343119 
2985.807168 82.526694 
2987.735984 82.617334 
2989.664800 82.793656 
2991.593616 83.048716 
2993.522432 83.203320 
2995.451248 83.309730 
2997.380064 83.399881 
2999.308880 83.449232 
3001.237696 83.460196 
3003.166512 83.429794 
3005.095328 83.432597 
3007.024144 83.477540 
3008.952960 83.513139 
3010.881776 83.538546 
3012.810592 83.602558 
3014.739408 83.657348 
3016.668224 83.682794 
3018.597040 83.672029 
3020.525856 83.630075 
3022.454672 83.554636 
3024.383488 83.446844 
3026.312304 83.342928 
3028.241120 83.240426 
3030.169936 83.087743 
3032.098752 82.953641 
3034.027568 82.884226 
3035.956384 82.793224 
3037.885200 82.619770 
3039.814016 82.407893 
3041.742832 82.250832 
3043.671648 82.140561 
3045.600464 81.981996 
3047.529280 81.790808 
3049.458096 81.484634 
3051.386912 81.085942 
3053.315728 80.689435 
3055.244544 80.329447 
3057.173360 80.052503 
3059.102176 79.940852 
3061.030992 80.017676 
3062.959808 80.398665 
3064.888624 81.043290 
3066.817440 81.740303 
3068.746256 82.358335 
3070.675072 82.823885 
3072.603888 83.170384 
3074.532704 83.397260 
3076.461520 83.541810 
3078.390336 83.638722 
3080.319152 83.659223 
3082.247968 83.642292 
3084.176784 83.632973 
3086.105600 83.706229 
3088.034416 83.812347 
3089.963232 83.863090 
3091.892048 83.818959 
3093.820864 83.763629 
3095.749680 83.777688 
3097.678496 83.832317 
3099.607312 83.764773 
3101.536128 83.728393 
3103.464944 83.729921 
3105.393760 83.669083 
3107.322576 83.628697 
3109.251392 83.685713 
3111.180208 83.778101 
3113.109024 83.830104 
3115.037840 83.843826 
3116.966656 83.850677 
3118.895472 83.846471 
3120.824288 83.838033 
3122.753104 83.866075 
3124.681920 83.939438 
3126.610736 83.943925 
3128.539552 83.952205 
3130.468368 83.961709 
3132.397184 83.969867 
3134.326000 83.964658 
3136.254816 83.943282 
3138.183632 83.858747 
3140.112448 83.816450 
3142.041264 83.813126 
3143.970080 83.780752 
3145.898896 83.718775 
3147.827712 83.697805 
3149.756528 83.662185 
3151.685344 83.650744 
3153.614160 83.675184 
3155.542976 83.715531 
3157.471792 83.680385 
3159.400608 83.659580 
3161.329424 83.648513 
3163.258240 83.650466 
3165.187056 83.581429 
3167.115872 83.513334 
3169.044688 83.555170 
3170.973504 83.599023 
3172.902320 83.615310 
3174.831136 83.565958 
3176.759952 83.514063 
3178.688768 83.514433 
3180.617584 83.451988 
3182.546400 83.363998 
3184.475216 83.308897 
3186.404032 83.285582 
3188.332848 83.307430 
3190.261664 83.345993 
3192.190480 83.320880 
3194.119296 83.313859 
3196.048112 83.312353 
3197.976928 83.259093 
3199.905744 83.224031 
3201.834560 83.200597 
3203.763376 83.137993 
3205.692192 83.143850 
3207.621008 83.209899 
3209.549824 83.249167 
3211.478640 83.250850 
3213.407456 83.219029 
3215.336272 83.178382 
3217.265088 83.165998 
3219.193904 83.107446 
3221.122720 83.051175 
3223.051536 83.010850 
3224.980352 83.033323 
3226.909168 83.061869 
3228.837984 83.132851 
3230.766800 83.212597 
3232.695616 83.295697 
3234.624432 83.350158 
3236.553248 83.378308 
3238.482064 83.364020 
3240.410880 83.378347 
3242.339696 83.372008 
3244.268512 83.385532 
3246.197328 83.442156 
3248.126144 83.513450 
3250.054960 83.590582 
3251.983776 83.645806 
3253.912592 83.663096 
3255.841408 83.724688 
3257.770224 83.782141 
3259.699040 83.770540 
3261.627856 83.725078 
3263.556672 83.693860 
3265.485488 83.705081 
3267.414304 83.785841 
3269.343120 83.838400 
3271.271936 83.894433 
3273.200752 83.942739 
3275.129568 84.038606 
3277.058384 84.097755 
3278.987200 84.113605 
3280.916016 84.121108 
3282.844832 84.133915 
3284.773648 84.201666 
3286.702464 84.310631 
3288.631280 84.374138 
3290.560096 84.396936 
3292.488912 84.373038 
3294.417728 84.414729 
3296.346544 84.504532 
3298.275360 84.599154 
3300.204176 84.625121 
3302.132992 84.572660 
3304.061808 84.554998 
3305.990624 84.619751 
3307.919440 84.669216 
3309.848256 84.728312 
3311.777072 84.838914 
3313.705888 84.906914 
3315.634704 84.940499 
3317.563520 85.011232 
3319.492336 85.068694 
3321.421152 85.074989 
3323.349968 85.061820 
3325.278784 85.136339 
3327.207600 85.236066 
3329.136416 85.337928 
3331.065232 85.376531 
3332.994048 85.382392 
3334.922864 85.396661 
3336.851680 85.424931 
3338.780496 85.464729 
3340.709312 85.518254 
3342.638128 85.498019 
3344.566944 85.495538 
3346.495760 85.563252 
3348.424576 85.628640 
3350.353392 85.667184 
3352.282208 85.693937 
3354.211024 85.681580 
3356.139840 85.676534 
3358.068656 85.656199 
3359.997472 85.606534 
3361.926288 85.563287 
3363.855104 85.559952 
3365.783920 85.510951 
3367.712736 85.416766 
3369.641552 85.370298 
3371.570368 85.403666 
3373.499184 85.490202 
3375.428000 85.521009 
3377.356816 85.574185 
3379.285632 85.738219 
3381.214448 85.823660 
3383.143264 85.872150 
3385.072080 85.938109 
3387.000896 86.020015 
3388.929712 86.092330 
3390.858528 86.067677 
3392.787344 86.104256 
3394.716160 86.221060 
3396.644976 86.268155 
3398.573792 86.335420 
3400.502608 86.365616 
3402.431424 86.400442 
3404.360240 86.438868 
3406.289056 86.425527 
3408.217872 86.464269 
3410.146688 86.556220 
3412.075504 86.662660 
3414.004320 86.696726 
3415.933136 86.661228 
3417.861952 86.612839 
3419.790768 86.589095 
3421.719584 86.640193 
3423.648400 86.652933 
3425.577216 86.655865 
3427.506032 86.697402 
3429.434848 86.713802 
3431.363664 86.723104 
3433.292480 86.747585 
3435.221296 86.799938 
3437.150112 86.886328 
3439.078928 86.944364 
3441.007744 86.871144 
3442.936560 86.792872 
3444.865376 86.801201 
3446.794192 86.737983 
3448.723008 86.835634 
3450.651824 86.929040 
3452.580640 86.979425 
3454.509456 87.013883 
3456.438272 87.002257 
3458.367088 86.958367 
3460.295904 86.952685 
3462.224720 86.989666 
3464.153536 87.042598 
3466.082352 87.057818 
3468.011168 87.072200 
3469.939984 87.090060 
3471.868800 87.099657 
3473.797616 87.103033 
3475.726432 87.175820 
3477.655248 87.185679 
3479.584064 87.100161 
3481.512880 87.003304 
3483.441696 87.041876 
3485.370512 87.174803 
3487.299328 87.225461 
3489.228144 87.158434 
3491.156960 87.168487 
3493.085776 87.231779 
3495.014592 87.245707 
3496.943408 87.230335 
3498.872224 87.187284 
3500.801040 87.026388 
3502.729856 86.959306 
3504.658672 87.109853 
3506.587488 87.221142 
3508.516304 87.160556 
3510.445120 87.207844 
3512.373936 87.251860 
3514.302752 87.299618 
3516.231568 87.349905 
3518.160384 87.363385 
3520.089200 87.317252 
3522.018016 87.129810 
3523.946832 86.997508 
3525.875648 87.023262 
3527.804464 87.059058 
3529.733280 87.195295 
3531.662096 87.293031 
3533.590912 87.349374 
3535.519728 87.278356 
3537.448544 87.249025 
3539.377360 87.304501 
3541.306176 87.283548 
3543.234992 87.145670 
3545.163808 86.981610 
3547.092624 86.986525 
3549.021440 87.139194 
3550.950256 87.113611 
3552.879072 87.074477 
3554.807888 87.219784 
3556.736704 87.354889 
3558.665520 87.410261 
3560.594336 87.340824 
3562.523152 87.147327 
3564.451968 86.746134 
3566.380784 86.395707 
3568.309600 86.856247 
3570.238416 87.240356 
3572.167232 87.288912 
3574.096048 87.211391 
3576.024864 87.240792 
3577.953680 87.334301 
3579.882496 87.366140 
3581.811312 87.297174 
3583.740128 87.138087 
3585.668944 86.823848 
3587.597760 86.704382 
3589.526576 87.182465 
3591.455392 87.281780 
3593.384208 87.032703 
3595.313024 86.854207 
3597.241840 86.912004 
3599.170656 86.984190 
3601.099472 87.057865 
3603.028288 87.150810 
3604.957104 87.130565 
3606.885920 86.921364 
3608.814736 87.008094 
3610.743552 87.086272 
3612.672368 86.819160 
3614.601184 86.722343 
3616.530000 86.671121 
3618.458816 86.685320 
3620.387632 87.060415 
3622.316448 87.232152 
3624.245264 87.206762 
3626.174080 86.884474 
3628.102896 86.138561 
3630.031712 86.379801 
3631.960528 86.664653 
3633.889344 86.677192 
3635.818160 86.842469 
3637.746976 87.003732 
3639.675792 87.114181 
3641.604608 87.088575 
3643.533424 86.943515 
3645.462240 86.609383 
3647.391056 85.898167 
3649.319872 85.573528 
3651.248688 86.311898 
3653.177504 86.665009 
3655.106320 86.461856 
3657.035136 86.562096 
3658.963952 86.834620 
3660.892768 87.003505 
3662.821584 87.041067 
3664.750400 87.043997 
3666.679216 87.019351 
3668.608032 86.659065 
3670.536848 86.533545 
3672.465664 86.657728 
3674.394480 85.960634 
3676.323296 86.036443 
3678.252112 86.680161 
3680.180928 86.995271 
3682.109744 87.089285 
3684.038560 86.999241 
3685.967376 86.775957 
3687.896192 86.234408 
3689.825008 86.139308 
3691.753824 86.752366 
3693.682640 87.007368 
3695.611456 86.942703 
3697.540272 86.970934 
3699.469088 86.933172 
3701.397904 87.007905 
3703.326720 87.209104 
3705.255536 87.119364 
3707.184352 86.909202 
3709.113168 86.583993 
3711.041984 86.377106 
3712.970800 86.873135 
3714.899616 87.063968 
3716.828432 87.064739 
3718.757248 87.014245 
3720.686064 86.847359 
3722.614880 86.889698 
3724.543696 87.025257 
3726.472512 87.112592 
3728.401328 87.235620 
3730.330144 87.098125 
3732.258960 86.671211 
3734.187776 86.247768 
3736.116592 86.535665 
3738.045408 87.010073 
3739.974224 87.229484 
3741.903040 87.187796 
3743.831856 86.752078 
3745.760672 86.610991 
3747.689488 86.519124 
3749.618304 86.254086 
3751.547120 86.378245 
3753.475936 86.768389 
3755.404752 86.994099 
3757.333568 86.977100 
3759.262384 86.953566 
3761.191200 87.175390 
3763.120016 87.130896 
3765.048832 86.991465 
3766.977648 87.053879 
3768.906464 86.918632 
3770.835280 87.019688 
3772.764096 87.225993 
3774.692912 87.282612 
3776.621728 87.171344 
3778.550544 86.978549 
3780.479360 87.130860 
3782.408176 87.206105 
3784.336992 87.090965 
3786.265808 87.180628 
3788.194624 87.275547 
3790.123440 87.309240 
3792.052256 87.331208 
3793.981072 87.241837 
3795.909888 87.009878 
3797.838704 86.992118 
3799.767520 86.725350 
3801.696336 86.489651 
3803.625152 86.929944 
3805.553968 86.913338 
3807.482784 86.991719 
3809.411600 87.188419 
3811.340416 87.320643 
3813.269232 87.290999 
3815.198048 86.955132 
3817.126864 86.965517 
3819.055680 86.804330 
3820.984496 86.549491 
3822.913312 87.079036 
3824.842128 87.165731 
3826.770944 87.152347 
3828.699760 87.190909 
3830.628576 87.088844 
3832.557392 87.069521 
3834.486208 87.074613 
3836.415024 86.771033 
3838.343840 86.492549 
3840.272656 86.624797 
3842.201472 86.920227 
3844.130288 87.177273 
3846.059104 87.260298 
3847.987920 87.176656 
3849.916736 86.991823 
3851.845552 86.323122 
3853.774368 86.228955 
3855.703184 86.863026 
3857.632000 86.998833 
3859.560816 87.098133 
3861.489632 86.943190 
3863.418448 86.725585 
3865.347264 86.851394 
3867.276080 86.843137 
3869.204896 86.490812 
3871.133712 86.757577 
3873.062528 86.861110 
3874.991344 87.071056 
3876.920160 87.214739 
3878.848976 86.950214 
3880.777792 86.845353 
3882.706608 86.917827 
3884.635424 86.755140 
3886.564240 86.951778 
3888.493056 87.068400 
3890.421872 86.826664 
3892.350688 86.920831 
3894.279504 87.102058 
3896.208320 87.057021 
3898.137136 86.767871 
3900.065952 86.474069 
3901.994768 86.321808 
3903.923584 86.289905 
3905.852400 86.727949 
3907.781216 87.068500 
3909.710032 87.105747 
3911.638848 87.092824 
3913.567664 87.115332 
3915.496480 86.908390 
3917.425296 86.745067 
3919.354112 86.844317 
3921.282928 86.962536 
3923.211744 86.928929 
3925.140560 86.913265 
3927.069376 87.030603 
3928.998192 86.937192 
3930.927008 86.800693 
3932.855824 86.855171 
3934.784640 87.015118 
3936.713456 87.050731 
3938.642272 87.089033 
3940.571088 87.066052 
3942.499904 86.932905 
3944.428720 86.989350 
3946.357536 87.036982 
3948.286352 86.999474 
3950.215168 87.049261 
3952.143984 87.077343 
3954.072800 87.126861 
3956.001616 87.103699 
3957.930432 87.083356 
3959.859248 87.092744 
3961.788064 87.066946 
3963.716880 87.123159 
3965.645696 87.231246 
3967.574512 87.244448 
3969.503328 87.184591 
3971.432144 87.149427 
3973.360960 87.099272 
3975.289776 87.089756 
3977.218592 87.137965 
3979.147408 87.161472 
3981.076224 87.152353 
3983.005040 87.168704 
3984.933856 87.174641 
3986.862672 87.133756 
3988.791488 87.098246 
3990.720304 87.072614 
3992.649120 87.117732 
3994.577936 87.121869 
3996.506752 87.055174 
3998.435568 87.022463 
4000.364384 87.020852 