##YUNITS=%T
399.264912 159.716918 
401.193728 141.322877 
403.122544 153.884562 
405.051360 133.492732 
406.980176 61.955731 
408.908992 28.918982 
410.837808 41.502504 
412.766624 80.325596 
414.695440 92.175902 
416.624256 57.697621 
418.553072 60.607367 
420.481888 76.217508 
422.410704 79.671369 
424.339520 88.609706 
426.268336 136.393886 
428.197152 147.591950 
430.125968 145.665609 
432.054784 185.099666 
433.983600 137.070824 
435.912416 68.466721 
437.841232 54.022297 
439.770048 67.298131 
441.698864 69.406342 
443.627680 126.227627 
445.556496 90.583529 
447.485312 41.377228 
449.414128 70.077215 
451.342944 149.738156 
453.271760 211.718129 
455.200576 171.312727 
457.129392 112.563141 
459.058208 119.077108 
460.987024 80.521809 
462.915840 101.458139 
464.844656 142.848956 
466.773472 89.669797 
468.702288 66.175027 
470.631104 102.759730 
472.559920 123.749847 
474.488736 110.924649 
476.417552 86.575145 
478.346368 99.625599 
480.275184 130.952296 
482.204000 114.266212 
484.132816 117.796446 
486.061632 131.086373 
487.990448 160.697270 
489.919264 141.715867 
491.848080 144.909317 
493.776896 116.482106 
495.705712 117.618014 
497.634528 131.605065 
499.563344 138.864264 
501.492160 73.875292 
503.420976 83.982081 
505.349792 165.989155 
507.278608 151.229845 
509.207424 90.102115 
511.136240 117.132123 
513.065056 139.023598 
514.993872 132.278877 
516.922688 101.074300 
518.851504 82.953570 
520.780320 82.482281 
522.709136 81.815472 
524.637952 83.672469 
526.566768 112.633707 
528.495584 115.590303 
530.424400 118.814934 
532.353216 102.928190 
534.282032 99.825184 
536.210848 87.339219 
538.139664 82.659413 
540.068480 94.026668 
541.997296 118.254644 
543.926112 144.708464 
545.854928 105.871236 
547.783744 91.150108 
549.712560 82.692555 
551.641376 70.774770 
553.570192 90.734083 
555.499008 96.780768 
557.427824 99.107927 
559.356640 93.343824 
561.285456 74.034604 
563.214272 66.711918 
565.143088 76.464451 
567.071904 94.195025 
569.000720 95.516593 
570.929536 95.908136 
572.858352 87.645102 
574.787168 81.870545 
576.715984 79.587918 
578.644800 76.553253 
580.573616 74.657541 
582.502432 77.062584 
584.431248 77.119493 
586.360064 77.895193 
588.288880 81.714105 
590.217696 80.591177 
592.146512 76.918277 
594.075328 76.820314 
596.004144 78.082241 
597.932960 76.218327 
599.861776 76.312518 
601.790592 78.512306 
603.719408 76.715266 
605.648224 76.355624 
607.577040 82.702310 
609.505856 82.218491 
611.434672 77.513747 
613.363488 77.736872 
615.292304 75.997464 
617.221120 72.665915 
619.149936 69.889444 
621.078752 69.562886 
623.007568 69.305493 
624.936384 68.667938 
626.865200 68.766570 
628.794016 67.000077 
630.722832 67.558627 
632.651648 68.996422 
634.580464 65.622131 
636.509280 64.420017 
638.438096 63.983465 
640.366912 61.861534 
642.295728 61.170846 
644.224544 57.315086 
646.153360 54.074689 
648.082176 59.337142 
650.010992 68.535483 
651.939808 72.619951 
653.868624 72.388959 
655.797440 71.320882 
657.726256 70.376183 
659.655072 69.578323 
661.583888 68.774014 
663.512704 68.817209 
665.441520 68.270833 
667.370336 68.027195 
669.299152 68.254911 
671.227968 67.474846 
673.156784 66.768827 
675.085600 66.189224 
677.014416 65.292726 
678.943232 64.179369 
680.872048 62.475746 
682.800864 59.899387 
684.729680 57.105256 
686.658496 53.753896 
688.587312 49.734692 
690.516128 48.241549 
692.444944 51.604998 
694.373760 56.995762 
696.302576 60.297563 
698.231392 61.218683 
700.160208 60.315132 
702.089024 59.350739 
704.017840 58.780781 
705.946656 59.972092 
707.875472 62.612732 
709.804288 64.096890 
711.733104 64.215759 
713.661920 63.906405 
715.590736 63.405872 
717.519552 62.859939 
719.448368 62.546754 
721.377184 62.122557 
723.306000 61.321705 
725.234816 60.621544 
727.163632 59.642463 
729.092448 58.604397 
731.021264 57.257230 
732.950080 55.384062 
734.878896 53.561574 
736.807712 51.413520 
738.736528 48.550909 
740.665344 44.899602 
742.594160 41.053980 
744.522976 40.697088 
746.451792 43.471014 
748.380608 43.753981 
750.309424 40.959547 
752.238240 37.079399 
754.167056 34.889810 
756.095872 33.495741 
758.024688 30.865299 
759.953504 29.396862 
761.882320 31.244734 
763.811136 35.704163 
765.739952 41.954365 
767.668768 49.653642 
769.597584 55.777423 
771.526400 58.985447 
773.455216 60.392757 
775.384032 61.152297 
777.312848 62.097392 
779.241664 64.280321 
781.170480 66.504494 
783.099296 66.545688 
785.028112 65.001550 
786.956928 65.063233 
788.885744 67.527924 
790.814560 69.623291 
792.743376 69.504189 
794.672192 68.698984 
796.601008 70.309331 
798.529824 73.814160 
800.458640 75.841844 
802.387456 76.245522 
804.316272 76.000775 
806.245088 75.600579 
808.173904 74.680365 
810.102720 72.844150 
812.031536 70.399057 
813.960352 67.957796 
815.889168 66.196294 
817.817984 65.710273 
819.746800 66.088377 
821.675616 66.097274 
823.604432 64.429556 
825.533248 63.453926 
827.462064 66.888107 
829.390880 71.645195 
831.319696 73.484646 
833.248512 73.151351 
835.177328 72.119980 
837.106144 70.747814 
839.034960 68.700763 
840.963776 65.877949 
842.892592 62.624930 
844.821408 59.461012 
846.750224 56.860182 
848.679040 55.763658 
850.607856 57.579071 
852.536672 62.472103 
854.465488 68.165433 
856.394304 72.397857 
858.323120 74.913054 
860.251936 76.169139 
862.180752 76.292960 
864.109568 75.339825 
866.038384 73.401973 
867.967200 72.330433 
869.896016 72.803214 
871.824832 72.907525 
873.753648 72.205800 
875.682464 72.061787 
877.611280 73.264058 
879.540096 75.223483 
881.468912 76.132089 
883.397728 75.759980 
885.326544 75.010784 
887.255360 74.602977 
889.184176 74.630967 
891.112992 74.714313 
893.041808 74.827514 
894.970624 74.788850 
896.899440 74.271783 
898.828256 73.354674 
900.757072 71.870439 
902.685888 70.119747 
904.614704 69.132111 
906.543520 69.607543 
908.472336 71.082291 
910.401152 72.423523 
912.329968 73.127785 
914.258784 73.378792 
916.187600 73.377912 
918.116416 73.223508 
920.045232 72.893509 
921.974048 72.342489 
923.902864 71.533049 
925.831680 70.522239 
927.760496 69.506674 
929.689312 68.260059 
931.618128 66.443988 
933.546944 63.885482 
935.475760 60.836258 
937.404576 58.340426 
939.333392 57.974909 
941.262208 59.884072 
943.191024 62.395069 
945.119840 63.450438 
947.048656 62.592838 
948.977472 60.293182 
950.906288 57.887764 
952.835104 56.101555 
954.763920 54.327553 
956.692736 53.784897 
958.621552 55.675536 
960.550368 58.565841 
962.479184 60.547214 
964.408000 61.264310 
966.336816 62.630059 
968.265632 65.944997 
970.194448 69.433481 
972.123264 71.448937 
974.052080 72.048482 
975.980896 72.418566 
977.909712 73.073512 
979.838528 73.354135 
981.767344 73.148102 
983.696160 72.744279 
985.624976 72.185544 
987.553792 71.280170 
989.482608 70.018896 
991.411424 68.497269 
993.340240 66.628167 
995.269056 64.085714 
997.197872 61.271054 
999.126688 58.873359 
1001.055504 56.493574 
1002.984320 53.515628 
1004.913136 51.156442 
1006.841952 50.716732 
1008.770768 52.221067 
1010.699584 55.116457 
1012.628400 58.981631 
1014.557216 62.697519 
1016.486032 65.003112 
1018.414848 65.395762 
1020.343664 64.250703 
1022.272480 62.406586 
1024.201296 61.319250 
1026.130112 60.705978 
1028.058928 59.654415 
1029.987744 60.099955 
1031.916560 62.480585 
1033.845376 64.184799 
1035.774192 64.289164 
1037.703008 63.766038 
1039.631824 63.671300 
1041.560640 64.536262 
1043.489456 65.765364 
1045.418272 65.984709 
1047.347088 64.733810 
1049.275904 62.208540 
1051.204720 59.777533 
1053.133536 58.558807 
1055.062352 57.595015 
1056.991168 56.898475 
1058.919984 58.008068 
1060.848800 60.025378 
1062.777616 61.246609 
1064.706432 61.371483 
1066.635248 60.981366 
1068.564064 60.467382 
1070.492880 60.142271 
1072.421696 60.432680 
1074.350512 61.647985 
1076.279328 63.300001 
1078.208144 64.675097 
1080.136960 65.045854 
1082.065776 63.995723 
1083.994592 62.500121 
1085.923408 62.955094 
1087.852224 65.299056 
1089.781040 67.464731 
1091.709856 68.416272 
1093.638672 68.218569 
1095.567488 66.992880 
1097.496304 64.635207 
1099.425120 61.326302 
1101.353936 58.839755 
1103.282752 58.591739 
1105.211568 59.044123 
1107.140384 58.718348 
1109.069200 58.223455 
1110.998016 57.653031 
1112.926832 57.247767 
1114.855648 59.426606 
1116.784464 64.687827 
1118.713280 69.609570 
1120.642096 72.378963 
1122.570912 73.453063 
1124.499728 73.709284 
1126.428544 73.496485 
1128.357360 73.037794 
1130.286176 72.482117 
1132.214992 71.985525 
1134.143808 71.473734 
1136.072624 70.826995 
1138.001440 69.481707 
1139.930256 67.516630 
1141.859072 64.880802 
1143.787888 61.439930 
1145.716704 57.311729 
1147.645520 54.116424 
1149.574336 54.107701 
1151.503152 57.569770 
1153.431968 62.462954 
1155.360784 66.714802 
1157.289600 69.155770 
1159.218416 70.177853 
1161.147232 70.530111 
1163.076048 70.702768 
1165.004864 70.466091 
1166.933680 69.826311 
1168.862496 69.045122 
1170.791312 68.023245 
1172.720128 66.494711 
1174.648944 66.329361 
1176.577760 67.439441 
1178.506576 67.568907 
1180.435392 66.778820 
1182.364208 65.736850 
1184.293024 64.299682 
1186.221840 62.313707 
1188.150656 59.909448 
1190.079472 57.372083 
1192.008288 55.030001 
1193.937104 53.878767 
1195.865920 54.835943 
1197.794736 57.129596 
1199.723552 59.131688 
1201.652368 59.755255 
1203.581184 58.882126 
1205.510000 57.882089 
1207.438816 57.990801 
1209.367632 58.983102 
1211.296448 60.006874 
1213.225264 60.460054 
1215.154080 60.073844 
1217.082896 58.947992 
1219.011712 57.595754 
1220.940528 56.515167 
1222.869344 55.232786 
1224.798160 53.735763 
1226.726976 53.293904 
1228.655792 54.551376 
1230.584608 56.481669 
1232.513424 58.033881 
1234.442240 59.456002 
1236.371056 61.360187 
1238.299872 63.554990 
1240.228688 65.399723 
1242.157504 66.414376 
1244.086320 66.665263 
1246.015136 66.373670 
1247.943952 65.714266 
1249.872768 64.671297 
1251.801584 63.214840 
1253.730400 61.230184 
1255.659216 58.695033 
1257.588032 56.130608 
1259.516848 54.853102 
1261.445664 55.463805 
1263.374480 56.598293 
1265.303296 56.773780 
1267.232112 55.453455 
1269.160928 52.668450 
1271.089744 50.249294 
1273.018560 50.785369 
1274.947376 51.990940 
1276.876192 50.968967 
1278.805008 48.732207 
1280.733824 46.269638 
1282.662640 44.149224 
1284.591456 42.921853 
1286.520272 42.822301 
1288.449088 43.567956 
1290.377904 45.179475 
1292.306720 47.635119 
1294.235536 50.578459 
1296.164352 53.532572 
1298.093168 56.002277 
1300.021984 57.488492 
1301.950800 58.523782 
1303.879616 59.437590 
1305.808432 59.900715 
1307.737248 59.810613 
1309.666064 59.728601 
1311.594880 60.347737 
1313.523696 61.718225 
1315.452512 63.315617 
1317.381328 65.435191 
1319.310144 68.247260 
1321.238960 70.345240 
1323.167776 70.693851 
1325.096592 69.545846 
1327.025408 67.573961 
1328.954224 65.707714 
1330.883040 64.532562 
1332.811856 64.105156 
1334.740672 64.237747 
1336.669488 64.671566 
1338.598304 65.131040 
1340.527120 65.407251 
1342.455936 65.209506 
1344.384752 64.596244 
1346.313568 63.447815 
1348.242384 62.966571 
1350.171200 64.722904 
1352.100016 66.515982 
1354.028832 65.764520 
1355.957648 63.156771 
1357.886464 60.263108 
1359.815280 57.625597 
1361.744096 55.816299 
1363.672912 56.350956 
1365.601728 59.328161 
1367.530544 63.442058 
1369.459360 65.774493 
1371.388176 65.179964 
1373.316992 63.129463 
1375.245808 61.214158 
1377.174624 61.963232 
1379.103440 65.775269 
1381.032256 69.982768 
1382.961072 72.123535 
1384.889888 72.053282 
1386.818704 70.583217 
1388.747520 68.085499 
1390.676336 65.745077 
1392.605152 63.391568 
1394.533968 60.793149 
1396.462784 58.293192 
1398.391600 56.986165 
1400.320416 56.757362 
1402.249232 57.773764 
1404.178048 59.934344 
1406.106864 62.578832 
1408.035680 63.715847 
1409.964496 63.260127 
1411.893312 61.429822 
1413.822128 59.258452 
1415.750944 57.590404 
1417.679760 57.454850 
1419.608576 60.449036 
1421.537392 62.743868 
1423.466208 63.754232 
1425.395024 63.954625 
1427.323840 63.570563 
1429.252656 63.234745 
1431.181472 62.976509 
1433.110288 62.535596 
1435.039104 61.825230 
1436.967920 59.993354 
1438.896736 57.177216 
1440.825552 53.931166 
1442.754368 50.726299 
1444.683184 49.162182 
1446.612000 50.104538 
1448.540816 53.376379 
1450.469632 55.589164 
1452.398448 55.784388 
1454.327264 54.357479 
1456.256080 51.263745 
1458.184896 45.897875 
1460.113712 42.325087 
1462.042528 40.781001 
1463.971344 41.939454 
1465.900160 48.947310 
1467.828976 57.673265 
1469.757792 66.088406 
1471.686608 71.787522 
1473.615424 72.574936 
1475.544240 70.694379 
1477.473056 69.245674 
1479.401872 66.998170 
1481.330688 63.764665 
1483.259504 62.149737 
1485.188320 62.176658 
1487.117136 64.884079 
1489.045952 69.904624 
1490.974768 74.132105 
1492.903584 75.101144 
1494.832400 74.939635 
1496.761216 74.200027 
1498.690032 73.073155 
1500.618848 71.780367 
1502.547664 70.570829 
1504.476480 69.503731 
1506.405296 69.565752 
1508.334112 70.838795 
1510.262928 71.358095 
1512.191744 71.741953 
1514.120560 71.879927 
1516.049376 71.542438 
1517.978192 71.209707 
1519.907008 70.520578 
1521.835824 69.324266 
1523.764640 67.833713 
1525.693456 66.129786 
1527.622272 63.712128 
1529.551088 61.184981 
1531.479904 58.808556 
1533.408720 55.819012 
1535.337536 53.904774 
1537.266352 53.293998 
1539.195168 54.128608 
1541.123984 56.299309 
1543.052800 57.089907 
1544.981616 57.508339 
1546.910432 57.481066 
1548.839248 56.849858 
1550.768064 55.633249 
1552.696880 54.111957 
1554.625696 52.107520 
1556.554512 50.467926 
1558.483328 50.817075 
1560.412144 51.945828 
1562.340960 53.404279 
1564.269776 57.108537 
1566.198592 61.812490 
1568.127408 64.180133 
1570.056224 64.734483 
1571.985040 63.219684 
1573.913856 61.150849 
1575.842672 58.172199 
1577.771488 55.359071 
1579.700304 54.036640 
1581.629120 52.485150 
1583.557936 50.625338 
1585.486752 49.037880 
1587.415568 48.586898 
1589.344384 49.065322 
1591.273200 50.275513 
1593.202016 51.975353 
1595.130832 53.926898 
1597.059648 54.627180 
1598.988464 53.246431 
1600.917280 50.365736 
1602.846096 47.714450 
1604.774912 46.792236 
1606.703728 47.597923 
1608.632544 49.341758 
1610.561360 51.527927 
1612.490176 53.633543 
1614.418992 55.669356 
1616.347808 59.313099 
1618.276624 62.741757 
1620.205440 62.954387 
1622.134256 61.981996 
1624.063072 59.470917 
1625.991888 56.904692 
1627.920704 53.554649 
1629.849520 50.010686 
1631.778336 46.971796 
1633.707152 44.410992 
1635.635968 41.621055 
1637.564784 39.497924 
1639.493600 38.514289 
1641.422416 38.556427 
1643.351232 39.230379 
1645.280048 40.878518 
1647.208864 45.482367 
1649.137680 48.997619 
1651.066496 51.046026 
1652.995312 59.703431 
1654.924128 69.488728 
1656.852944 73.381301 
1658.781760 78.006121 
1660.710576 81.506196 
1662.639392 84.038695 
1664.568208 85.452705 
1666.497024 85.978436 
1668.425840 86.295349 
1670.354656 86.868790 
1672.283472 86.901708 
1674.212288 86.671046 
1676.141104 85.882636 
1678.069920 84.740057 
1679.998736 82.857240 
1681.927552 80.953112 
1683.856368 79.153882 
1685.785184 77.524343 
1687.714000 76.031762 
1689.642816 74.430937 
1691.571632 73.330102 
1693.500448 73.321049 
1695.429264 75.802903 
1697.358080 80.323623 
1699.286896 82.062329 
1701.215712 83.823359 
1703.144528 83.706474 
1705.073344 83.606957 
1707.002160 83.808507 
1708.930976 84.289702 
1710.859792 84.781105 
1712.788608 85.267296 
1714.717424 85.799133 
1716.646240 87.053169 
1718.575056 89.128911 
1720.503872 90.307121 
1722.432688 91.062149 
1724.361504 91.919293 
1726.290320 92.333033 
1728.219136 92.542643 
1730.147952 92.506601 
1732.076768 92.441132 
1734.005584 92.468830 
1735.934400 92.674109 
1737.863216 92.463149 
1739.792032 92.387556 
1741.720848 92.141890 
1743.649664 91.969144 
1745.578480 91.767971 
1747.507296 91.653431 
1749.436112 91.614289 
1751.364928 91.803224 
1753.293744 91.677749 
1755.222560 91.434393 
1757.151376 91.204478 
1759.080192 91.087962 
1761.009008 90.894586 
1762.937824 90.873315 
1764.866640 90.711145 
1766.795456 90.562977 
1768.724272 90.399310 
1770.653088 90.265034 
1772.581904 90.221746 
1774.510720 90.210463 
1776.439536 89.998164 
1778.368352 89.800970 
1780.297168 89.563203 
1782.225984 89.425928 
1784.154800 89.173027 
1786.083616 89.042157 
1788.012432 88.793861 
1789.941248 88.502064 
1791.870064 88.512972 
1793.798880 88.841211 
1795.727696 88.849860 
1797.656512 88.912148 
1799.585328 88.912132 
1801.514144 89.063500 
1803.442960 89.119909 
1805.371776 89.126565 
1807.300592 88.997835 
1809.229408 88.891871 
1811.158224 88.791716 
1813.087040 88.865726 
1815.015856 88.812507 
1816.944672 88.699993 
1818.873488 88.537948 
1820.802304 88.450829 
1822.731120 88.227793 
1824.659936 88.212998 
1826.588752 88.123504 
1828.517568 87.910650 
1830.446384 87.836447 
1832.375200 87.758307 
1834.304016 87.431012 
1836.232832 87.047663 
1838.161648 86.591853 
1840.090464 86.277075 
1842.019280 85.975238 
1843.948096 86.160819 
1845.876912 86.501095 
1847.805728 86.670812 
1849.734544 86.807097 
1851.663360 86.977759 
1853.592176 87.036296 
1855.520992 87.123713 
1857.449808 87.184278 
1859.378624 87.292185 
1861.307440 87.342593 
1863.236256 87.354009 
1865.165072 87.059874 
1867.093888 86.725472 
1869.022704 86.536189 
1870.951520 86.335528 
1872.880336 86.019265 
1874.809152 85.856199 
1876.737968 85.635063 
1878.666784 85.541328 
1880.595600 85.584612 
1882.524416 85.789978 
1884.453232 85.965974 
1886.382048 86.102444 
1888.310864 86.047594 
1890.239680 86.190398 
1892.168496 86.181697 
1894.097312 86.109202 
1896.026128 86.041030 
1897.954944 86.024955 
1899.883760 85.871740 
1901.812576 85.792136 
1903.741392 85.619417 
1905.670208 85.466122 
1907.599024 85.254690 
1909.527840 85.234564 
1911.456656 85.251399 
1913.385472 85.177947 
1915.314288 84.923389 
1917.243104 84.877290 
1919.171920 84.932704 
1921.100736 84.914477 
1923.029552 84.917223 
1924.958368 84.981803 
1926.887184 84.885802 
1928.816000 84.859146 
1930.744816 84.715879 
1932.673632 84.568378 
1934.602448 84.435208 
1936.531264 84.449418 
1938.460080 84.499144 
1940.388896 84.590032 
1942.317712 84.649399 
1944.246528 84.688642 
1946.175344 84.424859 
1948.104160 84.255491 
1950.032976 84.207142 
1951.961792 84.356249 
1953.890608 84.348427 
1955.819424 84.454031 
1957.748240 84.376264 
1959.677056 84.069488 
1961.605872 83.551917 
1963.534688 83.397639 
1965.463504 83.350406 
1967.392320 83.743937 
1969.321136 84.027674 
1971.249952 84.263599 
1973.178768 84.366164 
1975.107584 84.382255 
1977.036400 84.173128 
1978.965216 84.090815 
1980.894032 84.074957 
1982.822848 84.191809 
1984.751664 83.977248 
1986.680480 83.883617 
1988.609296 83.750392 
1990.538112 83.688226 
1992.466928 83.402698 
1994.395744 83.133844 
1996.324560 82.880137 
1998.253376 83.149730 
2000.182192 83.499740 
2002.111008 83.905336 
2004.039824 84.042721 
2005.968640 84.158604 
2007.897456 84.056676 
2009.826272 84.153626 
2011.755088 84.050144 
2013.683904 83.961298 
2015.612720 83.995174 
2017.541536 84.331197 
2019.470352 84.418354 
2021.399168 84.578439 
2023.327984 84.494532 
2025.256800 84.531804 
2027.185616 84.504854 
2029.114432 84.577560 
2031.043248 84.454306 
2032.972064 84.285706 
2034.900880 83.961603 
2036.829696 83.828101 
2038.758512 83.705398 
2040.687328 83.845564 
2042.616144 83.940619 
2044.544960 84.028298 
2046.473776 84.023494 
2048.402592 83.907347 
2050.331408 83.743217 
2052.260224 83.906294 
2054.189040 84.007502 
2056.117856 84.100645 
2058.046672 84.182944 
2059.975488 84.210075 
2061.904304 84.060342 
2063.833120 83.964156 
2065.761936 83.890258 
2067.690752 83.912813 
2069.619568 83.813937 
2071.548384 83.728499 
2073.477200 83.663674 
2075.406016 83.570997 
2077.334832 83.366596 
2079.263648 83.324319 
2081.192464 83.298410 
2083.121280 83.380447 
2085.050096 83.414483 
2086.978912 83.491505 
2088.907728 83.501224 
2090.836544 83.625864 
2092.765360 83.860113 
2094.694176 84.064023 
2096.622992 84.028126 
2098.551808 84.022483 
2100.480624 83.967691 
2102.409440 83.998372 
2104.338256 83.957385 
2106.267072 83.896094 
2108.195888 83.789580 
2110.124704 83.708778 
2112.053520 83.592124 
2113.982336 83.643216 
2115.911152 83.675808 
2117.839968 83.821067 
2119.768784 83.993240 
2121.697600 84.134669 
2123.626416 84.221938 
2125.555232 84.270420 
2127.484048 84.231131 
2129.412864 84.300020 
2131.341680 84.362771 
2133.270496 84.290333 
2135.199312 84.152518 
2137.128128 84.243909 
2139.056944 84.250953 
2140.985760 84.256893 
2142.914576 84.195470 
2144.843392 84.226790 
2146.772208 84.171785 
2148.701024 84.242929 
2150.629840 84.282679 
2152.558656 84.448657 
2154.487472 84.618135 
2156.416288 84.879294 
2158.345104 84.427186 
2160.273920 83.682679 
2162.202736 83.296754 
2164.131552 83.227580 
2166.060368 83.183854 
2167.989184 83.193943 
2169.918000 83.042862 
2171.846816 82.889520 
2173.775632 82.757206 
2175.704448 82.755082 
2177.633264 82.678347 
2179.562080 82.798369 
2181.490896 82.744313 
2183.419712 82.773242 
2185.348528 82.733081 
2187.277344 82.822260 
2189.206160 82.764565 
2191.134976 82.705648 
2193.063792 82.694717 
2194.992608 82.803876 
2196.921424 82.746118 
2198.850240 82.793202 
2200.779056 82.726191 
2202.707872 82.647460 
2204.636688 82.579878 
2206.565504 82.519087 
2208.494320 82.403019 
2210.423136 82.398995 
2212.351952 82.567909 
2214.280768 82.823912 
2216.209584 82.925922 
2218.138400 83.025284 
2220.067216 83.068708 
2221.996032 83.157463 
2223.924848 83.087045 
2225.853664 83.059588 
2227.782480 83.067308 
2229.711296 83.143653 
2231.640112 83.227187 
2233.568928 83.386238 
2235.497744 83.461410 
2237.426560 83.467041 
2239.355376 83.424775 
2241.284192 83.454076 
2243.213008 83.423909 
2245.141824 83.410340 
2247.070640 83.327131 
2248.999456 83.362597 
2250.928272 83.370400 
2252.857088 83.352495 
2254.785904 83.219892 
2256.714720 83.111426 
2258.643536 83.026702 
2260.572352 82.922919 
2262.501168 82.872840 
2264.429984 82.981543 
2266.358800 82.984564 
2268.287616 83.064315 
2270.216432 83.143262 
2272.145248 83.267590 
2274.074064 83.328876 
2276.002880 83.362745 
2277.931696 83.338367 
2279.860512 83.387404 
2281.789328 83.385546 
2283.718144 83.405654 
2285.646960 83.430309 
2287.575776 83.455830 
2289.504592 83.470948 
2291.433408 83.514734 
2293.362224 83.445909 
2295.291040 83.401757 
2297.219856 83.308282 
2299.148672 83.142906 
2301.077488 83.107298 
2303.006304 83.215782 
2304.935120 83.276894 
2306.863936 83.388402 
2308.792752 83.480199 
2310.721568 83.562093 
2312.650384 83.687249 
2314.579200 83.783773 
2316.508016 83.690586 
2318.436832 83.588693 
2320.365648 83.389272 
2322.294464 83.172411 
2324.223280 83.259788 
2326.152096 83.694599 
2328.080912 83.934495 
2330.009728 84.015792 
2331.938544 84.017034 
2333.867360 84.114773 
2335.796176 84.091976 
2337.724992 84.059104 
2339.653808 83.963938 
2341.582624 83.889552 
2343.511440 83.820210 
2345.440256 83.922176 
2347.369072 83.956246 
2349.297888 83.925915 
2351.226704 83.926991 
2353.155520 84.082952 
2355.084336 84.144505 
2357.013152 84.182292 
2358.941968 84.310651 
2360.870784 84.576060 
2362.799600 84.516110 
2364.728416 84.332315 
2366.657232 84.202974 
2368.586048 84.095127 
2370.514864 83.982287 
2372.443680 84.003313 
2374.372496 83.900999 
2376.301312 83.764936 
2378.230128 83.633664 
2380.158944 83.517571 
2382.087760 83.408907 
2384.016576 83.359330 
2385.945392 83.314748 
2387.874208 83.344724 
2389.803024 83.404022 
2391.731840 83.460852 
2393.660656 83.509474 
2395.589472 83.517563 
2397.518288 83.406917 
2399.447104 83.268540 
2401.375920 83.099377 
2403.304736 82.950492 
2405.233552 82.741780 
2407.162368 82.610467 
2409.091184 82.603748 
2411.020000 82.672113 
2412.948816 82.713569 
2414.877632 82.743205 
2416.806448 82.698696 
2418.735264 82.607513 
2420.664080 82.524045 
2422.592896 82.532421 
2424.521712 82.574772 
2426.450528 82.653722 
2428.379344 82.751269 
2430.308160 82.860348 
2432.236976 82.895846 
2434.165792 82.955306 
2436.094608 82.977964 
2438.023424 82.976569 
2439.952240 83.024047 
2441.881056 83.100247 
2443.809872 83.057440 
2445.738688 82.954645 
2447.667504 82.827760 
2449.596320 82.751911 
2451.525136 82.735922 
2453.453952 82.683449 
2455.382768 82.568488 
2457.311584 82.470428 
2459.240400 82.284072 
2461.169216 82.076411 
2463.098032 81.951537 
2465.026848 81.990403 
2466.955664 82.102045 
2468.884480 82.277072 
2470.813296 82.466169 
2472.742112 82.658121 
2474.670928 82.769927 
2476.599744 82.869959 
2478.528560 82.949702 
2480.457376 83.002473 
2482.386192 82.979983 
2484.315008 82.972982 
2486.243824 82.971081 
2488.172640 82.982034 
2490.101456 82.974525 
2492.030272 82.941239 
2493.959088 82.778920 
2495.887904 82.605394 
2497.816720 82.494609 
2499.745536 82.502674 
2501.674352 82.504525 
2503.603168 82.555738 
2505.531984 82.605693 
2507.460800 82.655197 
2509.389616 82.681907 
2511.318432 82.749461 
2513.247248 82.796404 
2515.176064 82.835751 
2517.104880 82.839337 
2519.033696 82.828689 
2520.962512 82.764854 
2522.891328 82.710409 
2524.820144 82.640734 
2526.748960 82.549055 
2528.677776 82.489124 
2530.606592 82.453721 
2532.535408 82.478769 
2534.464224 82.518971 
2536.393040 82.497986 
2538.321856 82.546787 
2540.250672 82.581876 
2542.179488 82.586775 
2544.108304 82.615366 
2546.037120 82.691240 
2547.965936 82.717167 
2549.894752 82.735235 
2551.823568 82.765290 
2553.752384 82.818085 
2555.681200 82.784352 
2557.610016 82.743241 
2559.538832 82.688687 
2561.467648 82.648536 
2563.396464 82.604620 
2565.325280 82.603006 
2567.254096 82.585509 
2569.182912 82.591385 
2571.111728 82.565096 
2573.040544 82.507655 
2574.969360 82.439092 
2576.898176 82.372546 
2578.826992 82.331762 
2580.755808 82.348586 
2582.684624 82.351290 
2584.613440 82.352980 
2586.542256 82.380533 
2588.471072 82.478441 
2590.399888 82.542575 
2592.328704 82.570846 
2594.257520 82.591595 
2596.186336 82.645431 
2598.115152 82.650020 
2600.043968 82.641469 
2601.972784 82.658302 
2603.901600 82.695758 
2605.830416 82.671794 
2607.759232 82.645806 
2609.688048 82.680846 
2611.616864 82.726537 
2613.545680 82.665739 
2615.474496 82.607679 
2617.403312 82.588278 
2619.332128 82.599837 
2621.260944 82.604119 
2623.189760 82.633740 
2625.118576 82.666889 
2627.047392 82.702190 
2628.976208 82.673166 
2630.905024 82.649905 
2632.833840 82.669587 
2634.762656 82.741771 
2636.691472 82.812837 
2638.620288 82.907042 
2640.549104 82.955020 
2642.477920 82.942823 
2644.406736 82.915355 
2646.335552 82.921571 
2648.264368 82.883281 
2650.193184 82.858974 
2652.122000 82.846110 
2654.050816 82.863395 
2655.979632 82.927385 
2657.908448 82.990069 
2659.837264 82.999239 
2661.766080 83.027549 
2663.694896 83.047255 
2665.623712 83.010950 
2667.552528 82.929392 
2669.481344 82.829284 
2671.410160 82.726494 
2673.338976 82.667002 
2675.267792 82.632706 
2677.196608 82.627921 
2679.125424 82.640270 
2681.054240 82.633061 
2682.983056 82.618411 
2684.911872 82.628156 
2686.840688 82.653603 
2688.769504 82.663078 
2690.698320 82.661399 
2692.627136 82.712301 
2694.555952 82.751796 
2696.484768 82.760438 
2698.413584 82.779997 
2700.342400 82.826221 
2702.271216 82.866384 
2704.200032 82.880765 
2706.128848 82.854803 
2708.057664 82.806559 
2709.986480 82.762813 
2711.915296 82.757428 
2713.844112 82.772425 
2715.772928 82.798999 
2717.701744 82.791403 
2719.630560 82.778252 
2721.559376 82.770558 
2723.488192 82.764126 
2725.417008 82.721829 
2727.345824 82.679998 
2729.274640 82.654481 
2731.203456 82.689940 
2733.132272 82.733078 
2735.061088 82.756691 
2736.989904 82.786396 
2738.918720 82.821669 
2740.847536 82.803800 
2742.776352 82.779019 
2744.705168 82.742587 
2746.633984 82.691022 
2748.562800 82.638162 
2750.491616 82.632669 
2752.420432 82.647946 
2754.349248 82.652361 
2756.278064 82.591092 
2758.206880 82.506007 
2760.135696 82.346040 
2762.064512 82.146785 
2763.993328 81.927788 
2765.922144 81.733412 
2767.850960 81.582931 
2769.779776 81.514959 
2771.708592 81.594493 
2773.637408 81.805486 
2775.566224 82.022590 
2777.495040 82.186212 
2779.423856 82.310797 
2781.352672 82.391982 
2783.281488 82.404548 
2785.210304 82.358117 
2787.139120 82.273866 
2789.067936 82.170227 
2790.996752 82.075901 
2792.925568 82.010165 
2794.854384 81.976094 
2796.783200 81.969159 
2798.712016 82.000013 
2800.640832 82.022207 
2802.569648 81.978802 
2804.498464 81.920176 
2806.427280 81.851496 
2808.356096 81.770556 
2810.284912 81.694144 
2812.213728 81.581612 
2814.142544 81.445192 
2816.071360 81.315934 
2818.000176 81.164389 
2819.928992 80.999386 
2821.857808 80.803587 
2823.786624 80.622697 
2825.715440 80.482833 
2827.644256 80.451052 
2829.573072 80.502148 
2831.501888 80.629717 
2833.430704 80.738116 
2835.359520 80.797582 
2837.288336 80.809122 
2839.217152 80.747041 
2841.145968 80.672899 
2843.074784 80.630145 
2845.003600 80.583713 
2846.932416 80.527047 
2848.861232 80.448055 
2850.790048 80.348211 
2852.718864 80.173086 
2854.647680 79.938715 
2856.576496 79.609554 
2858.505312 79.126681 
2860.434128 78.480997 
2862.362944 77.720310 
2864.291760 76.774184 
2866.220576 75.734434 
2868.149392 74.793473 
2870.078208 74.258878 
2872.007024 74.528401 
2873.935840 75.598397 
2875.864656 76.912498 
2877.793472 78.021219 
2879.722288 78.777292 
2881.651104 79.266938 
2883.579920 79.531733 
2885.508736 79.675163 
2887.437552 79.708124 
2889.366368 79.681634 
2891.295184 79.583933 
2893.224000 79.416770 
2895.152816 79.236042 
2897.081632 79.042776 
2899.010448 78.774704 
2900.939264 78.532599 
2902.868080 78.474944 
2904.796896 78.602021 
2906.725712 78.792501 
2908.654528 79.021767 
2910.583344 79.273453 
2912.512160 79.528556 
2914.440976 79.737669 
2916.369792 79.880578 
2918.298608 79.957839 
2920.227424 80.027911 
2922.156240 80.080326 
2924.085056 80.087957 
2926.013872 80.041369 
2927.942688 79.984080 
2929.871504 79.982218 
2931.800320 80.035574 
2933.729136 80.043974 
2935.657952 79.993425 
2937.586768 79.876043 
2939.515584 79.751284 
2941.444400 79.677936 
2943.373216 79.662604 
2945.302032 79.661364 
2947.230848 79.641040 
2949.159664 79.595912 
2951.088480 79.528946 
2953.017296 79.413397 
2954.946112 79.308669 
2956.874928 79.229063 
2958.803744 79.152134 
2960.732560 79.022364 
2962.661376 78.833503 
2964.590192 78.601320 
2966.519008 78.369294 
2968.447824 78.186394 
2970.376640 78.069147 
2972.305456 77.924203 
2974.234272 77.768984 
2976.163088 77.583551 
2978.091904 77.419589 
2980.020720 77.490791 
2981.949536 77.802616 
2983.878352 78.148273 
2985.807168 78.419039 
2987.735984 78.602924 
2989.664800 78.803639 
2991.593616 79.056433 
2993.522432 79.247678 
2995.451248 79.394226 
2997.380064 79.500974 
2999.308880 79.510197 
3001.237696 79.483294 
3003.166512 79.417967 
3005.095328 79.424220 
3007.024144 79.443142 
3008.952960 79.420458 
3010.881776 79.450747 
3012.810592 79.532253 
3014.739408 79.594807 
3016.668224 79.607546 
3018.597040 79.566369 
3020.525856 79.478563 
3022.454672 79.368961 
3024.383488 79.227534 
3026.312304 79.041864 
3028.241120 78.846400 
3030.169936 78.609186 
3032.098752 78.450717 
3034.027568 78.333082 
3035.956384 78.181834 
3037.885200 77.947328 
3039.814016 77.655097 
3041.742832 77.419304 
3043.671648 77.249061 
3045.600464 77.006167 
3047.529280 76.680442 
3049.458096 76.204709 
3051.386912 75.590368 
3053.315728 74.982743 
3055.244544 74.496538 
3057.173360 74.162459 
3059.102176 73.977493 
3061.030992 73.984526 
3062.959808 74.452505 
3064.888624 75.358088 
3066.817440 76.348588 
3068.746256 77.218991 
3070.675072 77.912837 
3072.603888 78.472564 
3074.532704 78.831154 
3076.461520 79.027459 
3078.390336 79.141672 
3080.319152 79.152643 
3082.247968 79.137572 
3084.176784 79.185796 
3086.105600 79.321704 
3088.034416 79.443240 
3089.963232 79.476616 
3091.892048 79.418317 
3093.820864 79.392884 
3095.749680 79.421887 
3097.678496 79.459174 
3099.607312 79.405346 
3101.536128 79.337385 
3103.464944 79.278731 
3105.393760 79.207592 
3107.322576 79.194821 
3109.251392 79.263756 
3111.180208 79.393101 
3113.109024 79.490222 
3115.037840 79.499393 
3116.966656 79.512197 
3118.895472 79.554000 
3120.824288 79.588986 
3122.753104 79.681822 
3124.681920 79.809100 
3126.610736 79.847043 
3128.539552 79.866720 
3130.468368 79.885703 
3132.397184 79.873892 
3134.326000 79.838693 
3136.254816 79.758886 
3138.183632 79.690165 
3140.112448 79.703280 
3142.041264 79.687123 
3143.970080 79.640053 
3145.898896 79.568168 
3147.827712 79.532142 
3149.756528 79.496431 
3151.685344 79.472986 
3153.614160 79.451887 
3155.542976 79.440021 
3157.471792 79.426404 
3159.400608 79.459442 
3161.329424 79.460839 
3163.258240 79.435209 
3165.187056 79.369376 
3167.115872 79.359499 
3169.044688 79.421415 
3170.973504 79.461171 
3172.902320 79.431129 
3174.831136 79.374772 
3176.759952 79.338271 
3178.688768 79.310777 
3180.617584 79.225987 
3182.546400 79.137940 
3184.475216 79.067590 
3186.404032 79.054343 
3188.332848 79.048479 
3190.261664 79.061268 
3192.190480 79.051894 
3194.119296 79.055227 
3196.048112 79.015375 
3197.976928 78.950078 
3199.905744 78.908393 
3201.834560 78.871721 
3203.763376 78.857050 
3205.692192 78.890335 
3207.621008 78.913559 
3209.549824 78.974894 
3211.478640 79.005092 
3213.407456 78.987694 
3215.336272 78.927788 
3217.265088 78.848370 
3219.193904 78.733976 
3221.122720 78.645740 
3223.051536 78.586675 
3224.980352 78.626780 
3226.909168 78.730143 
3228.837984 78.826156 
3230.766800 78.914653 
3232.695616 79.020526 
3234.624432 79.084726 
3236.553248 79.138054 
3238.482064 79.123511 
3240.410880 79.123264 
3242.339696 79.148232 
3244.268512 79.173702 
3246.197328 79.216297 
3248.126144 79.349100 
3250.054960 79.474131 
3251.983776 79.547949 
3253.912592 79.553198 
3255.841408 79.564230 
3257.770224 79.627388 
3259.699040 79.643794 
3261.627856 79.591830 
3263.556672 79.545037 
3265.485488 79.581641 
3267.414304 79.671703 
3269.343120 79.719982 
3271.271936 79.765120 
3273.200752 79.805237 
3275.129568 79.898990 
3277.058384 79.969196 
3278.987200 80.023062 
3280.916016 80.096214 
3282.844832 80.160452 
3284.773648 80.201097 
3286.702464 80.289639 
3288.631280 80.360041 
3290.560096 80.378977 
3292.488912 80.371185 
3294.417728 80.448157 
3296.346544 80.525021 
3298.275360 80.599938 
3300.204176 80.678955 
3302.132992 80.645173 
3304.061808 80.619977 
3305.990624 80.725600 
3307.919440 80.847070 
3309.848256 80.921453 
3311.777072 80.969133 
3313.705888 81.046487 
3315.634704 81.128078 
3317.563520 81.222371 
3319.492336 81.259832 
3321.421152 81.326157 
3323.349968 81.377868 
3325.278784 81.465081 
3327.207600 81.528977 
3329.136416 81.610011 
3331.065232 81.688167 
3332.994048 81.759911 
3334.922864 81.738342 
3336.851680 81.754530 
3338.780496 81.835304 
3340.709312 81.912753 
3342.638128 81.922844 
3344.566944 81.914082 
3346.495760 81.950606 
3348.424576 82.021209 
3350.353392 82.072053 
3352.282208 82.124994 
3354.211024 82.077347 
3356.139840 82.055340 
3358.068656 82.031182 
3359.997472 81.928538 
3361.926288 81.809876 
3363.855104 81.750588 
3365.783920 81.653410 
3367.712736 81.480970 
3369.641552 81.337168 
3371.570368 81.335774 
3373.499184 81.418175 
3375.428000 81.543976 
3377.356816 81.727343 
3379.285632 81.936452 
3381.214448 82.066216 
3383.143264 82.221153 
3385.072080 82.321318 
3387.000896 82.432073 
3388.929712 82.561565 
3390.858528 82.634402 
3392.787344 82.665279 
3394.716160 82.736015 
3396.644976 82.757644 
3398.573792 82.854776 
3400.502608 82.934282 
3402.431424 82.985907 
3404.360240 83.049652 
3406.289056 83.094560 
3408.217872 83.160588 
3410.146688 83.281717 
3412.075504 83.333286 
3414.004320 83.354533 
3415.933136 83.389246 
3417.861952 83.391623 
3419.790768 83.375021 
3421.719584 83.388630 
3423.648400 83.421039 
3425.577216 83.484406 
3427.506032 83.501892 
3429.434848 83.524880 
3431.363664 83.582358 
3433.292480 83.614547 
3435.221296 83.652321 
3437.150112 83.748278 
3439.078928 83.810719 
3441.007744 83.771262 
3442.936560 83.791028 
3444.865376 83.788405 
3446.794192 83.763742 
3448.723008 83.878795 
3450.651824 83.914560 
3452.580640 83.949367 
3454.509456 83.954830 
3456.438272 83.938311 
3458.367088 83.922437 
3460.295904 83.933951 
3462.224720 83.966906 
3464.153536 84.027865 
3466.082352 84.010110 
3468.011168 84.035032 
3469.939984 84.070564 
3471.868800 84.101825 
3473.797616 84.126289 
3475.726432 84.171988 
3477.655248 84.217993 
3479.584064 84.180033 
3481.512880 84.104958 
3483.441696 84.128659 
3485.370512 84.206867 
3487.299328 84.215384 
3489.228144 84.212059 
3491.156960 84.256719 
3493.085776 84.288938 
3495.014592 84.309808 
3496.943408 84.296516 
3498.872224 84.253800 
3500.801040 84.135136 
3502.729856 84.083015 
3504.658672 84.232931 
3506.587488 84.340221 
3508.516304 84.219987 
3510.445120 84.259193 
3512.373936 84.345400 
3514.302752 84.411364 
3516.231568 84.467539 
3518.160384 84.490572 
3520.089200 84.418299 
3522.018016 84.253055 
3523.946832 84.169835 
3525.875648 84.153799 
3527.804464 84.162586 
3529.733280 84.293562 
3531.662096 84.351635 
3533.590912 84.386755 
3535.519728 84.411698 
3537.448544 84.513089 
3539.377360 84.506712 
3541.306176 84.382232 
3543.234992 84.194742 
3545.163808 84.012714 
3547.092624 84.064165 
3549.021440 84.212967 
3550.950256 84.174621 
3552.879072 84.247433 
3554.807888 84.439159 
3556.736704 84.561804 
3558.665520 84.630504 
3560.594336 84.540440 
3562.523152 84.287232 
3564.451968 83.818086 
3566.380784 83.416710 
3568.309600 83.989325 
3570.238416 84.382874 
3572.167232 84.434415 
3574.096048 84.343131 
3576.024864 84.393393 
3577.953680 84.513276 
3579.882496 84.508176 
3581.811312 84.417844 
3583.740128 84.258039 
3585.668944 83.966439 
3587.597760 83.936049 
3589.526576 84.336487 
3591.455392 84.368362 
3593.384208 84.125509 
3595.313024 83.981321 
3597.241840 84.089334 
3599.170656 84.290167 
3601.099472 84.384451 
3603.028288 84.355851 
3604.957104 84.182299 
3606.885920 83.905607 
3608.814736 84.022965 
3610.743552 84.170481 
3612.672368 83.947357 
3614.601184 83.809801 
3616.530000 83.682304 
3618.458816 83.873238 
3620.387632 84.458063 
3622.316448 84.489908 
3624.245264 84.264501 
3626.174080 83.792199 
3628.102896 83.036897 
3630.031712 83.567259 
3631.960528 83.871402 
3633.889344 83.822124 
3635.818160 83.902793 
3637.746976 84.047955 
3639.675792 84.207447 
3641.604608 84.127511 
3643.533424 83.888313 
3645.462240 83.478512 
3647.391056 82.833024 
3649.319872 82.621154 
3651.248688 83.317637 
3653.177504 83.638799 
3655.106320 83.427525 
3657.035136 83.638073 
3658.963952 84.005162 
3660.892768 84.229837 
3662.821584 84.258943 
3664.750400 84.170681 
3666.679216 84.092234 
3668.608032 83.725021 
3670.536848 83.733904 
3672.465664 83.794835 
3674.394480 83.039064 
3676.323296 83.298977 
3678.252112 83.888064 
3680.180928 84.214988 
3682.109744 84.324561 
3684.038560 84.140689 
3685.967376 83.766657 
3687.896192 83.275657 
3689.825008 83.384269 
3691.753824 83.931765 
3693.682640 84.206711 
3695.611456 84.156065 
3697.540272 84.125330 
3699.469088 84.074095 
3701.397904 84.189570 
3703.326720 84.430715 
3705.255536 84.256027 
3707.184352 83.931658 
3709.113168 83.551742 
3711.041984 83.383121 
3712.970800 84.025824 
3714.899616 84.279658 
3716.828432 84.224872 
3718.757248 84.107185 
3720.686064 83.993606 
3722.614880 84.050955 
3724.543696 84.112707 
3726.472512 84.263413 
3728.401328 84.441887 
3730.330144 84.180805 
3732.258960 83.698051 
3734.187776 83.416682 
3736.116592 83.836184 
3738.045408 84.217071 
3739.974224 84.317719 
3741.903040 84.149251 
3743.831856 83.617647 
3745.760672 83.750298 
3747.689488 83.635998 
3749.618304 83.291421 
3751.547120 83.597045 
3753.475936 84.038920 
3755.404752 84.062719 
3757.333568 84.007981 
3759.262384 84.068267 
3761.191200 84.352517 
3763.120016 84.272343 
3765.048832 84.032566 
3766.977648 84.060671 
3768.906464 84.041236 
3770.835280 84.254875 
3772.764096 84.371031 
3774.692912 84.357833 
3776.621728 84.263133 
3778.550544 84.074634 
3780.479360 84.197810 
3782.408176 84.190176 
3784.336992 84.100311 
3786.265808 84.272204 
3788.194624 84.403836 
3790.123440 84.460485 
3792.052256 84.462324 
3793.981072 84.238352 
3795.909888 83.963863 
3797.838704 83.939693 
3799.767520 83.490833 
3801.696336 83.297415 
3803.625152 83.859776 
3805.553968 83.862966 
3807.482784 84.085853 
3809.411600 84.303458 
3811.340416 84.369971 
3813.269232 84.271542 
3815.198048 83.938319 
3817.126864 83.994794 
3819.055680 83.695514 
3820.984496 83.639139 
3822.913312 84.411179 
3824.842128 84.358663 
3826.770944 84.279227 
3828.699760 84.262293 
3830.628576 84.104916 
3832.557392 84.062361 
3834.486208 84.014883 
3836.415024 83.658801 
3838.343840 83.380437 
3840.272656 83.690941 
3842.201472 84.067430 
3844.130288 84.348647 
3846.059104 84.333326 
3847.987920 84.103349 
3849.916736 83.817026 
3851.845552 83.078429 
3853.774368 83.231008 
3855.703184 84.034321 
3857.632000 84.079598 
3859.560816 84.041044 
3861.489632 83.875150 
3863.418448 83.729554 
3865.347264 83.850704 
3867.276080 83.771194 
3869.204896 83.350736 
3871.133712 83.778891 
3873.062528 83.911573 
3874.991344 84.160616 
3876.920160 84.192479 
3878.848976 83.778490 
3880.777792 83.688069 
3882.706608 83.782673 
3884.635424 83.623718 
3886.564240 83.993576 
3888.493056 84.099590 
3890.421872 83.799318 
3892.350688 83.880040 
3894.279504 84.046398 
3896.208320 83.957247 
3898.137136 83.578574 
3900.065952 83.282082 
3901.994768 83.166908 
3903.923584 83.253223 
3905.852400 83.687731 
3907.781216 83.868283 
3909.710032 83.858050 
3911.638848 83.861917 
3913.567664 83.865678 
3915.496480 83.678443 
3917.425296 83.565164 
3919.354112 83.734693 
3921.282928 83.886978 
3923.211744 83.782977 
3925.140560 83.772475 
3927.069376 83.926614 
3928.998192 83.779247 
3930.927008 83.596699 
3932.855824 83.636892 
3934.784640 83.864051 
3936.713456 83.923125 
3938.642272 83.964046 
3940.571088 83.920680 
3942.499904 83.826815 
3944.428720 83.966174 
3946.357536 83.962561 
3948.286352 83.903454 
3950.215168 84.040925 
3952.143984 84.101658 
3954.072800 84.120452 
3956.001616 84.122145 
3957.930432 84.107214 
3959.859248 84.068426 
3961.788064 84.061982 
3963.716880 84.148050 
3965.645696 84.221537 
3967.574512 84.191442 
3969.503328 84.149199 
3971.432144 84.132761 
3973.360960 84.098726 
3975.289776 84.112950 
3977.218592 84.188567 
3979.147408 84.178761 
3981.076224 84.127172 
3983.005040 84.135840 
3984.933856 84.142060 
3986.862672 84.098909 
3988.791488 84.082573 
3990.720304 84.039672 
3992.649120 84.010013 
3994.577936 84.018563 
3996.506752 83.964005 
3998.435568 83.892825 
4000.364384 83.865410 