##YUNITS=%T
399.264912 138.388389 
401.193728 129.783340 
403.122544 107.645295 
405.051360 91.422347 
406.980176 42.706508 
408.908992 38.283597 
410.837808 43.659892 
412.766624 75.060990 
414.695440 123.137663 
416.624256 68.902803 
418.553072 43.665569 
420.481888 80.788319 
422.410704 166.088085 
424.339520 133.157769 
426.268336 56.266659 
428.197152 85.941576 
430.125968 103.798701 
432.054784 95.232457 
433.983600 88.354510 
435.912416 93.129590 
437.841232 96.588163 
439.770048 144.062150 
441.698864 136.805946 
443.627680 146.704305 
445.556496 151.808795 
447.485312 89.418027 
449.414128 92.289474 
451.342944 139.804101 
453.271760 166.106158 
455.200576 141.380111 
457.129392 99.221572 
459.058208 96.900883 
460.987024 105.781747 
462.915840 93.150008 
464.844656 88.620799 
466.773472 97.608043 
468.702288 120.485462 
470.631104 103.028193 
472.559920 90.231409 
474.488736 98.015641 
476.417552 102.151104 
478.346368 98.035928 
480.275184 97.275567 
482.204000 99.385465 
484.132816 90.812839 
486.061632 76.760818 
487.990448 102.168123 
489.919264 104.417849 
491.848080 122.069009 
493.776896 151.904034 
495.705712 143.286794 
497.634528 135.860341 
499.563344 128.038513 
501.492160 96.348638 
503.420976 111.098370 
505.349792 150.624734 
507.278608 123.174941 
509.207424 101.437426 
511.136240 114.512792 
513.065056 91.514488 
514.993872 111.886315 
516.922688 139.611999 
518.851504 113.778948 
520.780320 88.678306 
522.709136 93.760265 
524.637952 89.752174 
526.566768 80.157309 
528.495584 86.931826 
530.424400 115.932738 
532.353216 113.283182 
534.282032 91.426489 
536.210848 68.126766 
538.139664 65.898345 
540.068480 71.621143 
541.997296 60.929998 
543.926112 95.009263 
545.854928 111.846982 
547.783744 86.191639 
549.712560 83.665048 
551.641376 78.754583 
553.570192 87.565196 
555.499008 82.912498 
557.427824 80.186956 
559.356640 77.067030 
561.285456 69.847907 
563.214272 64.296065 
565.143088 65.297190 
567.071904 74.123030 
569.000720 83.738072 
570.929536 92.798574 
572.858352 93.144434 
574.787168 86.767565 
576.715984 83.361891 
578.644800 78.376909 
580.573616 75.194814 
582.502432 77.416791 
584.431248 75.818418 
586.360064 72.750762 
588.288880 71.547852 
590.217696 70.971586 
592.146512 69.234933 
594.075328 67.966977 
596.004144 68.463540 
597.932960 68.672304 
599.861776 68.182658 
601.790592 67.212226 
603.719408 65.394205 
605.648224 65.282185 
607.577040 69.832847 
609.505856 72.066636 
611.434672 70.192848 
613.363488 70.629390 
615.292304 69.681156 
617.221120 66.947023 
619.149936 62.282570 
621.078752 63.275179 
623.007568 65.483967 
624.936384 67.390322 
626.865200 66.488828 
628.794016 64.328707 
630.722832 64.592091 
632.651648 64.684828 
634.580464 61.132804 
636.509280 56.704989 
638.438096 55.836657 
640.366912 58.842811 
642.295728 60.039716 
644.224544 58.733133 
646.153360 57.243006 
648.082176 57.631985 
650.010992 61.713103 
651.939808 63.814980 
653.868624 64.371803 
655.797440 63.988281 
657.726256 62.169802 
659.655072 60.837675 
661.583888 59.983423 
663.512704 59.776920 
665.441520 58.452010 
667.370336 58.848404 
669.299152 59.556247 
671.227968 58.857550 
673.156784 58.988779 
675.085600 58.979141 
677.014416 58.401160 
678.943232 57.673003 
680.872048 56.612177 
682.800864 54.802591 
684.729680 52.564945 
686.658496 49.842528 
688.587312 46.460208 
690.516128 44.224925 
692.444944 43.887672 
694.373760 44.824042 
696.302576 46.137885 
698.231392 47.457485 
700.160208 47.729018 
702.089024 48.054740 
704.017840 48.642091 
705.946656 51.454459 
707.875472 55.915132 
709.804288 58.257439 
711.733104 58.317639 
713.661920 57.790984 
715.590736 56.859581 
717.519552 55.883173 
719.448368 55.059995 
721.377184 54.061905 
723.306000 52.795146 
725.234816 51.589130 
727.163632 49.996856 
729.092448 48.102031 
731.021264 46.027923 
732.950080 43.704878 
734.878896 40.926322 
736.807712 37.595346 
738.736528 33.965108 
740.665344 30.044230 
742.594160 26.243219 
744.522976 24.927236 
746.451792 26.080045 
748.380608 27.290236 
750.309424 26.894119 
752.238240 25.020206 
754.167056 24.812773 
756.095872 25.777048 
758.024688 25.659900 
759.953504 25.979780 
761.882320 28.520317 
763.811136 32.099759 
765.739952 35.697658 
767.668768 40.241760 
769.597584 44.658477 
771.526400 47.280837 
773.455216 48.371770 
775.384032 48.712771 
777.312848 48.446041 
779.241664 47.742951 
781.170480 46.057614 
783.099296 42.912108 
785.028112 39.461564 
786.956928 38.690839 
788.885744 41.231854 
790.814560 44.320119 
792.743376 46.748554 
794.672192 48.852632 
796.601008 51.537469 
798.529824 55.872129 
800.458640 58.660119 
802.387456 58.777535 
804.316272 57.822956 
806.245088 56.468489 
808.173904 54.636152 
810.102720 52.684047 
812.031536 50.291652 
813.960352 47.007325 
815.889168 43.867140 
817.817984 42.040221 
819.746800 42.071713 
821.675616 43.147049 
823.604432 44.765769 
825.533248 49.202251 
827.462064 57.801942 
829.390880 65.613973 
831.319696 68.836141 
833.248512 69.242103 
835.177328 68.676490 
837.106144 67.473990 
839.034960 65.579364 
840.963776 63.263069 
842.892592 60.458373 
844.821408 57.490378 
846.750224 55.044063 
848.679040 54.352937 
850.607856 56.329206 
852.536672 60.331227 
854.465488 64.321328 
856.394304 67.108860 
858.323120 68.405368 
860.251936 68.489972 
862.180752 67.418101 
864.109568 64.982302 
866.038384 62.320659 
867.967200 62.046814 
869.896016 63.641867 
871.824832 64.173480 
873.753648 63.566305 
875.682464 63.898161 
877.611280 65.717923 
879.540096 67.357569 
881.468912 67.226251 
883.397728 65.603654 
885.326544 63.720755 
887.255360 62.548382 
889.184176 62.153448 
891.112992 62.538393 
893.041808 63.718730 
894.970624 64.302161 
896.899440 63.470745 
898.828256 61.697427 
900.757072 59.618263 
902.685888 57.717461 
904.614704 56.844302 
906.543520 57.814160 
908.472336 59.731990 
910.401152 61.188582 
912.329968 61.964007 
914.258784 61.991115 
916.187600 61.610439 
918.116416 60.916671 
920.045232 59.818690 
921.974048 58.433667 
923.902864 57.124709 
925.831680 55.862343 
927.760496 54.762718 
929.689312 53.709636 
931.618128 52.322141 
933.546944 50.312087 
935.475760 47.636867 
937.404576 44.925214 
939.333392 43.520090 
941.262208 44.021064 
943.191024 45.985515 
945.119840 48.110904 
947.048656 48.884838 
948.977472 47.863831 
950.906288 46.596819 
952.835104 46.023396 
954.763920 45.521740 
956.692736 45.691563 
958.621552 47.599795 
960.550368 49.777876 
962.479184 51.034808 
964.408000 51.903815 
966.336816 53.862945 
968.265632 57.444396 
970.194448 60.675263 
972.123264 61.860119 
974.052080 61.376291 
975.980896 60.751930 
977.909712 60.593484 
979.838528 60.349969 
981.767344 59.826838 
983.696160 59.718045 
985.624976 60.237108 
987.553792 60.316201 
989.482608 59.727038 
991.411424 58.618666 
993.340240 56.832339 
995.269056 54.412950 
997.197872 51.460631 
999.126688 48.005489 
1001.055504 43.871737 
1002.984320 39.285010 
1004.913136 35.524840 
1006.841952 33.733246 
1008.770768 33.862089 
1010.699584 35.393946 
1012.628400 38.801843 
1014.557216 44.331573 
1016.486032 50.392453 
1018.414848 54.279573 
1020.343664 55.184211 
1022.272480 54.195901 
1024.201296 53.340025 
1026.130112 52.898553 
1028.058928 52.433415 
1029.987744 52.837576 
1031.916560 53.771271 
1033.845376 54.154559 
1035.774192 53.782248 
1037.703008 53.215568 
1039.631824 53.417033 
1041.560640 54.583289 
1043.489456 55.536475 
1045.418272 54.952477 
1047.347088 52.856169 
1049.275904 49.650596 
1051.204720 46.998136 
1053.133536 46.290236 
1055.062352 46.689378 
1056.991168 47.828892 
1058.919984 50.153138 
1060.848800 52.507366 
1062.777616 53.641782 
1064.706432 53.575536 
1066.635248 52.891240 
1068.564064 51.904568 
1070.492880 51.193435 
1072.421696 51.357615 
1074.350512 52.689621 
1076.279328 54.197630 
1078.208144 54.668650 
1080.136960 53.501426 
1082.065776 50.775799 
1083.994592 48.469722 
1085.923408 49.100434 
1087.852224 52.147226 
1089.781040 55.582650 
1091.709856 57.476176 
1093.638672 57.039062 
1095.567488 54.637018 
1097.496304 50.716428 
1099.425120 45.846688 
1101.353936 42.563749 
1103.282752 42.916226 
1105.211568 45.187306 
1107.140384 46.832523 
1109.069200 47.491138 
1110.998016 47.264768 
1112.926832 47.004762 
1114.855648 48.885484 
1116.784464 53.259062 
1118.713280 57.355854 
1120.642096 59.803343 
1122.570912 61.168147 
1124.499728 62.323521 
1126.428544 63.566082 
1128.357360 64.603714 
1130.286176 65.133384 
1132.214992 65.243592 
1134.143808 64.984851 
1136.072624 64.700688 
1138.001440 64.051940 
1139.930256 62.797127 
1141.859072 60.318634 
1143.787888 56.316491 
1145.716704 51.553645 
1147.645520 49.057927 
1149.574336 50.524639 
1151.503152 54.184819 
1153.431968 58.592616 
1155.360784 62.729962 
1157.289600 64.962090 
1159.218416 65.637292 
1161.147232 65.733070 
1163.076048 65.648863 
1165.004864 65.024055 
1166.933680 64.064684 
1168.862496 63.166112 
1170.791312 62.313957 
1172.720128 60.874660 
1174.648944 59.472248 
1176.577760 58.393006 
1178.506576 57.814321 
1180.435392 57.673148 
1182.364208 57.586093 
1184.293024 57.037732 
1186.221840 55.945602 
1188.150656 54.305373 
1190.079472 52.101924 
1192.008288 49.542139 
1193.937104 47.387956 
1195.865920 46.248171 
1197.794736 46.198708 
1199.723552 46.665874 
1201.652368 46.248652 
1203.581184 44.357255 
1205.510000 42.493652 
1207.438816 41.926650 
1209.367632 42.882269 
1211.296448 44.929253 
1213.225264 46.669449 
1215.154080 46.624914 
1217.082896 45.050917 
1219.011712 43.118329 
1220.940528 41.613334 
1222.869344 40.142055 
1224.798160 38.950085 
1226.726976 39.490550 
1228.655792 42.190641 
1230.584608 45.625791 
1232.513424 48.694509 
1234.442240 51.282811 
1236.371056 53.558016 
1238.299872 55.533815 
1240.228688 57.104072 
1242.157504 57.841226 
1244.086320 57.829693 
1246.015136 57.312838 
1247.943952 56.352568 
1249.872768 54.794691 
1251.801584 52.629674 
1253.730400 49.616616 
1255.659216 45.748165 
1257.588032 41.848989 
1259.516848 39.639581 
1261.445664 39.918131 
1263.374480 41.109455 
1265.303296 41.024796 
1267.232112 39.052934 
1269.160928 35.742533 
1271.089744 32.522620 
1273.018560 30.384785 
1274.947376 28.303986 
1276.876192 25.787200 
1278.805008 23.873933 
1280.733824 23.132489 
1282.662640 23.930845 
1284.591456 26.154741 
1286.520272 29.253653 
1288.449088 32.599695 
1290.377904 36.193543 
1292.306720 40.082007 
1294.235536 43.977687 
1296.164352 47.667116 
1298.093168 50.807882 
1300.021984 52.816440 
1301.950800 54.348193 
1303.879616 55.641229 
1305.808432 56.070201 
1307.737248 55.604158 
1309.666064 55.074998 
1311.594880 55.035697 
1313.523696 55.215131 
1315.452512 55.171918 
1317.381328 55.656193 
1319.310144 57.578676 
1321.238960 59.493339 
1323.167776 59.776784 
1325.096592 58.792332 
1327.025408 57.432461 
1328.954224 56.090219 
1330.883040 54.448484 
1332.811856 53.130337 
1334.740672 53.360600 
1336.669488 55.143819 
1338.598304 57.679494 
1340.527120 60.313376 
1342.455936 61.461866 
1344.384752 60.949074 
1346.313568 59.387548 
1348.242384 57.609808 
1350.171200 56.098730 
1352.100016 54.155724 
1354.028832 51.539022 
1355.957648 49.318795 
1357.886464 48.029480 
1359.815280 46.890340 
1361.744096 45.178697 
1363.672912 43.522160 
1365.601728 42.941900 
1367.530544 42.443516 
1369.459360 41.127049 
1371.388176 39.427578 
1373.316992 37.658050 
1375.245808 36.823060 
1377.174624 39.353997 
1379.103440 45.607123 
1381.032256 52.457991 
1382.961072 56.635467 
1384.889888 57.680617 
1386.818704 56.624363 
1388.747520 54.519312 
1390.676336 52.267897 
1392.605152 49.363065 
1394.533968 45.502021 
1396.462784 42.092925 
1398.391600 40.922343 
1400.320416 41.527776 
1402.249232 43.843582 
1404.178048 47.819870 
1406.106864 53.001299 
1408.035680 56.393680 
1409.964496 57.979940 
1411.893312 58.073694 
1413.822128 57.370122 
1415.750944 56.155595 
1417.679760 54.921878 
1419.608576 54.364387 
1421.537392 54.173604 
1423.466208 53.349093 
1425.395024 52.792326 
1427.323840 52.874414 
1429.252656 52.917042 
1431.181472 52.326574 
1433.110288 50.739776 
1435.039104 48.460821 
1436.967920 45.082353 
1438.896736 42.516395 
1440.825552 40.626235 
1442.754368 39.088338 
1444.683184 39.032102 
1446.612000 40.855164 
1448.540816 44.556495 
1450.469632 46.677459 
1452.398448 46.172406 
1454.327264 43.601619 
1456.256080 38.102676 
1458.184896 29.065570 
1460.113712 24.594513 
1462.042528 23.979712 
1463.971344 28.045188 
1465.900160 39.050970 
1467.828976 48.383990 
1469.757792 54.165870 
1471.686608 54.245120 
1473.615424 49.724824 
1475.544240 49.184222 
1477.473056 51.886220 
1479.401872 53.591659 
1481.330688 52.672796 
1483.259504 50.937033 
1485.188320 50.850225 
1487.117136 54.484674 
1489.045952 60.089899 
1490.974768 64.239054 
1492.903584 65.232229 
1494.832400 64.038620 
1496.761216 60.990418 
1498.690032 57.543731 
1500.618848 53.842077 
1502.547664 50.143509 
1504.476480 47.026396 
1506.405296 44.651154 
1508.334112 45.716601 
1510.262928 48.008429 
1512.191744 50.229684 
1514.120560 52.530808 
1516.049376 54.933900 
1517.978192 58.902151 
1519.907008 60.454099 
1521.835824 61.530914 
1523.764640 61.842220 
1525.693456 60.987474 
1527.622272 59.081966 
1529.551088 57.107612 
1531.479904 54.521692 
1533.408720 50.728455 
1535.337536 48.574125 
1537.266352 47.835148 
1539.195168 46.662574 
1541.123984 46.411048 
1543.052800 46.322661 
1544.981616 45.248132 
1546.910432 43.853379 
1548.839248 41.697290 
1550.768064 38.790621 
1552.696880 36.851060 
1554.625696 34.812243 
1556.554512 33.377508 
1558.483328 34.667671 
1560.412144 37.188253 
1562.340960 38.934919 
1564.269776 41.820814 
1566.198592 45.192655 
1568.127408 46.709655 
1570.056224 46.426040 
1571.985040 44.583212 
1573.913856 41.939976 
1575.842672 38.645000 
1577.771488 37.166434 
1579.700304 37.345119 
1581.629120 36.910272 
1583.557936 36.226910 
1585.486752 36.711700 
1587.415568 38.928135 
1589.344384 41.898867 
1591.273200 44.666219 
1593.202016 46.954553 
1595.130832 48.437962 
1597.059648 47.734562 
1598.988464 44.358498 
1600.917280 40.119571 
1602.846096 37.730861 
1604.774912 38.417092 
1606.703728 40.824926 
1608.632544 43.676779 
1610.561360 46.292390 
1612.490176 48.521570 
1614.418992 50.221513 
1616.347808 52.438030 
1618.276624 54.686726 
1620.205440 55.412063 
1622.134256 55.621121 
1624.063072 55.831615 
1625.991888 55.251545 
1627.920704 52.626652 
1629.849520 48.786802 
1631.778336 44.517380 
1633.707152 40.002752 
1635.635968 33.498166 
1637.564784 29.335859 
1639.493600 28.542910 
1641.422416 29.459946 
1643.351232 31.430866 
1645.280048 34.174149 
1647.208864 40.202794 
1649.137680 44.722266 
1651.066496 46.692775 
1652.995312 53.785730 
1654.924128 63.703550 
1656.852944 68.422500 
1658.781760 73.697857 
1660.710576 77.573029 
1662.639392 80.836605 
1664.568208 83.444952 
1666.497024 84.474827 
1668.425840 84.370445 
1670.354656 85.072611 
1672.283472 85.920679 
1674.212288 86.200465 
1676.141104 86.323190 
1678.069920 86.332406 
1679.998736 85.272497 
1681.927552 84.222886 
1683.856368 82.711464 
1685.785184 83.290000 
1687.714000 83.076437 
1689.642816 82.353691 
1691.571632 81.996615 
1693.500448 81.774569 
1695.429264 81.505243 
1697.358080 82.503418 
1699.286896 83.018584 
1701.215712 84.244234 
1703.144528 84.502700 
1705.073344 84.283647 
1707.002160 84.694691 
1708.930976 85.270009 
1710.859792 85.253389 
1712.788608 84.910735 
1714.717424 83.857011 
1716.646240 83.522478 
1718.575056 85.267116 
1720.503872 86.818367 
1722.432688 87.227186 
1724.361504 87.697192 
1726.290320 88.016289 
1728.219136 87.825193 
1730.147952 87.172182 
1732.076768 86.584295 
1734.005584 86.219743 
1735.934400 87.433017 
1737.863216 87.453674 
1739.792032 87.200763 
1741.720848 87.133602 
1743.649664 86.889135 
1745.578480 86.611957 
1747.507296 86.060073 
1749.436112 85.792748 
1751.364928 86.567306 
1753.293744 87.252755 
1755.222560 87.156555 
1757.151376 86.796250 
1759.080192 86.852361 
1761.009008 86.531282 
1762.937824 86.770201 
1764.866640 86.999596 
1766.795456 86.646752 
1768.724272 86.117890 
1770.653088 85.468824 
1772.581904 85.163989 
1774.510720 85.987124 
1776.439536 86.319484 
1778.368352 86.283734 
1780.297168 86.003173 
1782.225984 86.208188 
1784.154800 86.194482 
1786.083616 86.401873 
1788.012432 86.377170 
1789.941248 85.731166 
1791.870064 85.105164 
1793.798880 85.676677 
1795.727696 85.912686 
1797.656512 85.983541 
1799.585328 85.704759 
1801.514144 85.727000 
1803.442960 86.133859 
1805.371776 86.305115 
1807.300592 86.034344 
1809.229408 85.686712 
1811.158224 85.472158 
1813.087040 85.812228 
1815.015856 85.929161 
1816.944672 85.745951 
1818.873488 85.572451 
1820.802304 85.416259 
1822.731120 84.933690 
1824.659936 84.534368 
1826.588752 84.434827 
1828.517568 84.052841 
1830.446384 84.070768 
1832.375200 84.722955 
1834.304016 84.723218 
1836.232832 84.482899 
1838.161648 84.304468 
1840.090464 84.204693 
1842.019280 83.559015 
1843.948096 83.130381 
1845.876912 83.523852 
1847.805728 84.037270 
1849.734544 84.445529 
1851.663360 84.800817 
1853.592176 84.943688 
1855.520992 85.101828 
1857.449808 85.111723 
1859.378624 85.184704 
1861.307440 85.241620 
1863.236256 85.310545 
1865.165072 84.820685 
1867.093888 83.950875 
1869.022704 83.670061 
1870.951520 84.310487 
1872.880336 84.487182 
1874.809152 84.385825 
1876.737968 84.074447 
1878.666784 83.840083 
1880.595600 83.683586 
1882.524416 83.667911 
1884.453232 83.748517 
1886.382048 83.863026 
1888.310864 83.564040 
1890.239680 83.635234 
1892.168496 83.818678 
1894.097312 83.682713 
1896.026128 83.596161 
1897.954944 83.733615 
1899.883760 83.634730 
1901.812576 83.534315 
1903.741392 83.313534 
1905.670208 83.103431 
1907.599024 82.703025 
1909.527840 82.583168 
1911.456656 82.705680 
1913.385472 82.704449 
1915.314288 82.258930 
1917.243104 81.851116 
1919.171920 81.708645 
1921.100736 81.491326 
1923.029552 81.216363 
1924.958368 81.587741 
1926.887184 81.818518 
1928.816000 82.048664 
1930.744816 82.061755 
1932.673632 82.151152 
1934.602448 82.227949 
1936.531264 82.356100 
1938.460080 82.195415 
1940.388896 81.932493 
1942.317712 81.613603 
1944.246528 81.697717 
1946.175344 81.598379 
1948.104160 81.566873 
1950.032976 81.504313 
1951.961792 81.570244 
1953.890608 81.584337 
1955.819424 81.857240 
1957.748240 81.870963 
1959.677056 81.814126 
1961.605872 81.511397 
1963.534688 81.393536 
1965.463504 81.125886 
1967.392320 81.408071 
1969.321136 81.798111 
1971.249952 82.137344 
1973.178768 82.190347 
1975.107584 82.195029 
1977.036400 81.960604 
1978.965216 82.072173 
1980.894032 82.105644 
1982.822848 82.129455 
1984.751664 81.990393 
1986.680480 81.993223 
1988.609296 81.969997 
1990.538112 81.943216 
1992.466928 81.674748 
1994.395744 81.879054 
1996.324560 81.829382 
1998.253376 81.819418 
2000.182192 81.894284 
2002.111008 82.100686 
2004.039824 82.100247 
2005.968640 82.163357 
2007.897456 81.940517 
2009.826272 82.035435 
2011.755088 82.006337 
2013.683904 81.994721 
2015.612720 81.832477 
2017.541536 81.969873 
2019.470352 82.100570 
2021.399168 82.246133 
2023.327984 82.146819 
2025.256800 82.347536 
2027.185616 82.252893 
2029.114432 82.261838 
2031.043248 82.123074 
2032.972064 82.104994 
2034.900880 81.947516 
2036.829696 82.017256 
2038.758512 81.936177 
2040.687328 81.856246 
2042.616144 81.882645 
2044.544960 82.138143 
2046.473776 82.095559 
2048.402592 81.960349 
2050.331408 81.866132 
2052.260224 82.058773 
2054.189040 82.139747 
2056.117856 82.261620 
2058.046672 82.272431 
2059.975488 82.316480 
2061.904304 82.104458 
2063.833120 81.906214 
2065.761936 81.820112 
2067.690752 81.870035 
2069.619568 81.875014 
2071.548384 81.946909 
2073.477200 81.926430 
2075.406016 81.937795 
2077.334832 81.889882 
2079.263648 81.881302 
2081.192464 81.837231 
2083.121280 82.000501 
2085.050096 82.083503 
2086.978912 82.164552 
2088.907728 82.174226 
2090.836544 82.267617 
2092.765360 82.439146 
2094.694176 82.553673 
2096.622992 82.416191 
2098.551808 82.401987 
2100.480624 82.358753 
2102.409440 82.414799 
2104.338256 82.424278 
2106.267072 82.392409 
2108.195888 82.281084 
2110.124704 82.249234 
2112.053520 82.145895 
2113.982336 82.159047 
2115.911152 82.228857 
2117.839968 82.303156 
2119.768784 82.342678 
2121.697600 82.464694 
2123.626416 82.488302 
2125.555232 82.478423 
2127.484048 82.405760 
2129.412864 82.403706 
2131.341680 82.338331 
2133.270496 82.255931 
2135.199312 82.099182 
2137.128128 82.185813 
2139.056944 82.201065 
2140.985760 82.187703 
2142.914576 82.016770 
2144.843392 81.947609 
2146.772208 81.803517 
2148.701024 81.874499 
2150.629840 81.960650 
2152.558656 82.247489 
2154.487472 82.343628 
2156.416288 82.387609 
2158.345104 81.941184 
2160.273920 81.471242 
2162.202736 81.153431 
2164.131552 81.076089 
2166.060368 81.048520 
2167.989184 81.188130 
2169.918000 81.125793 
2171.846816 81.027924 
2173.775632 80.864509 
2175.704448 80.889673 
2177.633264 80.823903 
2179.562080 80.947473 
2181.490896 80.897351 
2183.419712 81.001873 
2185.348528 81.025631 
2187.277344 81.116477 
2189.206160 81.035559 
2191.134976 80.943725 
2193.063792 80.862144 
2194.992608 81.021090 
2196.921424 81.103026 
2198.850240 81.292394 
2200.779056 81.192684 
2202.707872 81.132383 
2204.636688 81.127322 
2206.565504 81.119716 
2208.494320 80.973749 
2210.423136 80.900785 
2212.351952 80.971369 
2214.280768 81.230585 
2216.209584 81.377590 
2218.138400 81.509378 
2220.067216 81.509120 
2221.996032 81.522741 
2223.924848 81.469607 
2225.853664 81.495660 
2227.782480 81.448577 
2229.711296 81.514317 
2231.640112 81.524019 
2233.568928 81.629105 
2235.497744 81.691815 
2237.426560 81.768232 
2239.355376 81.730187 
2241.284192 81.706718 
2243.213008 81.632759 
2245.141824 81.644458 
2247.070640 81.614247 
2248.999456 81.677787 
2250.928272 81.637813 
2252.857088 81.579510 
2254.785904 81.476417 
2256.714720 81.428731 
2258.643536 81.394327 
2260.572352 81.330793 
2262.501168 81.249154 
2264.429984 81.327418 
2266.358800 81.401396 
2268.287616 81.486313 
2270.216432 81.551493 
2272.145248 81.641352 
2274.074064 81.622937 
2276.002880 81.666856 
2277.931696 81.676884 
2279.860512 81.759565 
2281.789328 81.830133 
2283.718144 81.934473 
2285.646960 82.083496 
2287.575776 82.294751 
2289.504592 82.405464 
2291.433408 82.495340 
2293.362224 82.524598 
2295.291040 82.599310 
2297.219856 82.622794 
2299.148672 82.644999 
2301.077488 82.752605 
2303.006304 82.893830 
2304.935120 82.981113 
2306.863936 83.206319 
2308.792752 83.366699 
2310.721568 83.511564 
2312.650384 83.716819 
2314.579200 83.950875 
2316.508016 84.157016 
2318.436832 84.426096 
2320.365648 84.702753 
2322.294464 84.990524 
2324.223280 85.270521 
2326.152096 85.752539 
2328.080912 86.042375 
2330.009728 86.278739 
2331.938544 86.383570 
2333.867360 86.485594 
2335.796176 86.617947 
2337.724992 86.707329 
2339.653808 86.679256 
2341.582624 86.698003 
2343.511440 86.479189 
2345.440256 86.101878 
2347.369072 85.578804 
2349.297888 85.510546 
2351.226704 86.004639 
2353.155520 86.801374 
2355.084336 87.532956 
2357.013152 88.121663 
2358.941968 88.315510 
2360.870784 88.316604 
2362.799600 87.968820 
2364.728416 87.571657 
2366.657232 87.104169 
2368.586048 86.487889 
2370.514864 85.766793 
2372.443680 85.175451 
2374.372496 84.583131 
2376.301312 83.998402 
2378.230128 83.427361 
2380.158944 82.982304 
2382.087760 82.600850 
2384.016576 82.381536 
2385.945392 82.237450 
2387.874208 82.176456 
2389.803024 82.148730 
2391.731840 82.147156 
2393.660656 82.119321 
2395.589472 82.080364 
2397.518288 81.992188 
2399.447104 81.898230 
2401.375920 81.808414 
2403.304736 81.723378 
2405.233552 81.579338 
2407.162368 81.498035 
2409.091184 81.491194 
2411.020000 81.501684 
2412.948816 81.431554 
2414.877632 81.339981 
2416.806448 81.248468 
2418.735264 81.206399 
2420.664080 81.197358 
2422.592896 81.256568 
2424.521712 81.314891 
2426.450528 81.370910 
2428.379344 81.396591 
2430.308160 81.461031 
2432.236976 81.499311 
2434.165792 81.555804 
2436.094608 81.567740 
2438.023424 81.592860 
2439.952240 81.592046 
2441.881056 81.630241 
2443.809872 81.637763 
2445.738688 81.628843 
2447.667504 81.594014 
2449.596320 81.523805 
2451.525136 81.480214 
2453.453952 81.457122 
2455.382768 81.368922 
2457.311584 81.293098 
2459.240400 81.206617 
2461.169216 81.116172 
2463.098032 81.103781 
2465.026848 81.207538 
2466.955664 81.263293 
2468.884480 81.319560 
2470.813296 81.385875 
2472.742112 81.464267 
2474.670928 81.491051 
2476.599744 81.531983 
2478.528560 81.555756 
2480.457376 81.549339 
2482.386192 81.491038 
2484.315008 81.510938 
2486.243824 81.514946 
2488.172640 81.529196 
2490.101456 81.471079 
2492.030272 81.413404 
2493.959088 81.338379 
2495.887904 81.301229 
2497.816720 81.259910 
2499.745536 81.252767 
2501.674352 81.215919 
2503.603168 81.217173 
2505.531984 81.155228 
2507.460800 81.123056 
2509.389616 81.110011 
2511.318432 81.165767 
2513.247248 81.200763 
2515.176064 81.215782 
2517.104880 81.177614 
2519.033696 81.120959 
2520.962512 81.049513 
2522.891328 81.008524 
2524.820144 80.930221 
2526.748960 80.887906 
2528.677776 80.855984 
2530.606592 80.874664 
2532.535408 80.904729 
2534.464224 80.988859 
2536.393040 81.005316 
2538.321856 80.992321 
2540.250672 80.940457 
2542.179488 80.966860 
2544.108304 81.031539 
2546.037120 81.065945 
2547.965936 81.073237 
2549.894752 81.090669 
2551.823568 81.071019 
2553.752384 81.076297 
2555.681200 81.000725 
2557.610016 80.945879 
2559.538832 80.894477 
2561.467648 80.877610 
2563.396464 80.829769 
2565.325280 80.811645 
2567.254096 80.783925 
2569.182912 80.800624 
2571.111728 80.781777 
2573.040544 80.756649 
2574.969360 80.662927 
2576.898176 80.567615 
2578.826992 80.496619 
2580.755808 80.522745 
2582.684624 80.556140 
2584.613440 80.613520 
2586.542256 80.663963 
2588.471072 80.754905 
2590.399888 80.780052 
2592.328704 80.764069 
2594.257520 80.763511 
2596.186336 80.824933 
2598.115152 80.826581 
2600.043968 80.804169 
2601.972784 80.804352 
2603.901600 80.823033 
2605.830416 80.807038 
2607.759232 80.798755 
2609.688048 80.819306 
2611.616864 80.877017 
2613.545680 80.856458 
2615.474496 80.831331 
2617.403312 80.841299 
2619.332128 80.892900 
2621.260944 80.922071 
2623.189760 80.976892 
2625.118576 81.005941 
2627.047392 81.043153 
2628.976208 81.069157 
2630.905024 81.117722 
2632.833840 81.136007 
2634.762656 81.175787 
2636.691472 81.235444 
2638.620288 81.308713 
2640.549104 81.364088 
2642.477920 81.404669 
2644.406736 81.406515 
2646.335552 81.399128 
2648.264368 81.359377 
2650.193184 81.349151 
2652.122000 81.344610 
2654.050816 81.381538 
2655.979632 81.444084 
2657.908448 81.506846 
2659.837264 81.548472 
2661.766080 81.599740 
2663.694896 81.641707 
2665.623712 81.652738 
2667.552528 81.626046 
2669.481344 81.582913 
2671.410160 81.504670 
2673.338976 81.451789 
2675.267792 81.418254 
2677.196608 81.401659 
2679.125424 81.380256 
2681.054240 81.370677 
2682.983056 81.407613 
2684.911872 81.438891 
2686.840688 81.443221 
2688.769504 81.438668 
2690.698320 81.437854 
2692.627136 81.471047 
2694.555952 81.481179 
2696.484768 81.508686 
2698.413584 81.530682 
2700.342400 81.542360 
2702.271216 81.535007 
2704.200032 81.523429 
2706.128848 81.502781 
2708.057664 81.503309 
2709.986480 81.518964 
2711.915296 81.530694 
2713.844112 81.513375 
2715.772928 81.499932 
2717.701744 81.466024 
2719.630560 81.427665 
2721.559376 81.398804 
2723.488192 81.367255 
2725.417008 81.320532 
2727.345824 81.311307 
2729.274640 81.314972 
2731.203456 81.343121 
2733.132272 81.369057 
2735.061088 81.395678 
2736.989904 81.426367 
2738.918720 81.441828 
2740.847536 81.418767 
2742.776352 81.417684 
2744.705168 81.383485 
2746.633984 81.351767 
2748.562800 81.354159 
2750.491616 81.400312 
2752.420432 81.417929 
2754.349248 81.399920 
2756.278064 81.362942 
2758.206880 81.312550 
2760.135696 81.205404 
2762.064512 81.098490 
2763.993328 80.982957 
2765.922144 80.878149 
2767.850960 80.780297 
2769.779776 80.743579 
2771.708592 80.770031 
2773.637408 80.834012 
2775.566224 80.890619 
2777.495040 80.953650 
2779.423856 81.011354 
2781.352672 81.067095 
2783.281488 81.079663 
2785.210304 81.039942 
2787.139120 80.968317 
2789.067936 80.911788 
2790.996752 80.882504 
2792.925568 80.858975 
2794.854384 80.779734 
2796.783200 80.723924 
2798.712016 80.704889 
2800.640832 80.663366 
2802.569648 80.589408 
2804.498464 80.522942 
2806.427280 80.444387 
2808.356096 80.371582 
2810.284912 80.281540 
2812.213728 80.215473 
2814.142544 80.164722 
2816.071360 80.097084 
2818.000176 80.010751 
2819.928992 79.952130 
2821.857808 79.875003 
2823.786624 79.791289 
2825.715440 79.728458 
2827.644256 79.690171 
2829.573072 79.661271 
2831.501888 79.668670 
2833.430704 79.627178 
2835.359520 79.547833 
2837.288336 79.444094 
2839.217152 79.354712 
2841.145968 79.268961 
2843.074784 79.180226 
2845.003600 79.035612 
2846.932416 78.929091 
2848.861232 78.819598 
2850.790048 78.713363 
2852.718864 78.588462 
2854.647680 78.449374 
2856.576496 78.254550 
2858.505312 77.978741 
2860.434128 77.618296 
2862.362944 77.200320 
2864.291760 76.689945 
2866.220576 76.156539 
2868.149392 75.667036 
2870.078208 75.381503 
2872.007024 75.460387 
2873.935840 75.901328 
2875.864656 76.513204 
2877.793472 77.088389 
2879.722288 77.482967 
2881.651104 77.722841 
2883.579920 77.846365 
2885.508736 77.901330 
2887.437552 77.860664 
2889.366368 77.759414 
2891.295184 77.583190 
2893.224000 77.345935 
2895.152816 77.078730 
2897.081632 76.824510 
2899.010448 76.507563 
2900.939264 76.204234 
2902.868080 76.079571 
2904.796896 76.208352 
2906.725712 76.436285 
2908.654528 76.687919 
2910.583344 76.945417 
2912.512160 77.218469 
2914.440976 77.465053 
2916.369792 77.623890 
2918.298608 77.672714 
2920.227424 77.699375 
2922.156240 77.653874 
2924.085056 77.575105 
2926.013872 77.413890 
2927.942688 77.300998 
2929.871504 77.327692 
2931.800320 77.397200 
2933.729136 77.442360 
2935.657952 77.479132 
2937.586768 77.454018 
2939.515584 77.402975 
2941.444400 77.421222 
2943.373216 77.488011 
2945.302032 77.547805 
2947.230848 77.584491 
2949.159664 77.505033 
2951.088480 77.383050 
2953.017296 77.269369 
2954.946112 77.165052 
2956.874928 77.000275 
2958.803744 76.799599 
2960.732560 76.584159 
2962.661376 76.348553 
2964.590192 76.102518 
2966.519008 75.915946 
2968.447824 75.828139 
2970.376640 75.780822 
2972.305456 75.633390 
2974.234272 75.428082 
2976.163088 75.152365 
2978.091904 74.928790 
2980.020720 75.112396 
2981.949536 75.688111 
2983.878352 76.223780 
2985.807168 76.552898 
2987.735984 76.698415 
2989.664800 76.858522 
2991.593616 77.068832 
2993.522432 77.239017 
2995.451248 77.345493 
2997.380064 77.361172 
2999.308880 77.264752 
3001.237696 77.128111 
3003.166512 76.979264 
3005.095328 76.885453 
3007.024144 76.842182 
3008.952960 76.785646 
3010.881776 76.684660 
3012.810592 76.647045 
3014.739408 76.634215 
3016.668224 76.656264 
3018.597040 76.645568 
3020.525856 76.521961 
3022.454672 76.333266 
3024.383488 76.159994 
3026.312304 75.929372 
3028.241120 75.571348 
3030.169936 75.130852 
3032.098752 74.763967 
3034.027568 74.445747 
3035.956384 74.130645 
3037.885200 73.814150 
3039.814016 73.558987 
3041.742832 73.513239 
3043.671648 73.628128 
3045.600464 73.780095 
3047.529280 73.906986 
3049.458096 73.962142 
3051.386912 73.916952 
3053.315728 73.732980 
3055.244544 73.421127 
3057.173360 73.037443 
3059.102176 72.661537 
3061.030992 72.370749 
3062.959808 72.407795 
3064.888624 72.837720 
3066.817440 73.519984 
3068.746256 74.226529 
3070.675072 74.782260 
3072.603888 75.210960 
3074.532704 75.514314 
3076.461520 75.720180 
3078.390336 75.917931 
3080.319152 76.118047 
3082.247968 76.326855 
3084.176784 76.576343 
3086.105600 76.866109 
3088.034416 77.023472 
3089.963232 77.122291 
3091.892048 77.221958 
3093.820864 77.278197 
3095.749680 77.310375 
3097.678496 77.393042 
3099.607312 77.397050 
3101.536128 77.430993 
3103.464944 77.500254 
3105.393760 77.522212 
3107.322576 77.532371 
3109.251392 77.632099 
3111.180208 77.708429 
3113.109024 77.701314 
3115.037840 77.617925 
3116.966656 77.552979 
3118.895472 77.540152 
3120.824288 77.536349 
3122.753104 77.489245 
3124.681920 77.512435 
3126.610736 77.496609 
3128.539552 77.477088 
3130.468368 77.452721 
3132.397184 77.415742 
3134.326000 77.417250 
3136.254816 77.363484 
3138.183632 77.252384 
3140.112448 77.214055 
3142.041264 77.162122 
3143.970080 77.091371 
3145.898896 77.040370 
3147.827712 76.982047 
3149.756528 76.867944 
3151.685344 76.804396 
3153.614160 76.790003 
3155.542976 76.788704 
3157.471792 76.741030 
3159.400608 76.703645 
3161.329424 76.658085 
3163.258240 76.626644 
3165.187056 76.596288 
3167.115872 76.621795 
3169.044688 76.653740 
3170.973504 76.693867 
3172.902320 76.686991 
3174.831136 76.637457 
3176.759952 76.524317 
3178.688768 76.453659 
3180.617584 76.396813 
3182.546400 76.288671 
3184.475216 76.191029 
3186.404032 76.190410 
3188.332848 76.226710 
3190.261664 76.249816 
3192.190480 76.238466 
3194.119296 76.203376 
3196.048112 76.158542 
3197.976928 76.150265 
3199.905744 76.161902 
3201.834560 76.147905 
3203.763376 76.143175 
3205.692192 76.197864 
3207.621008 76.244566 
3209.549824 76.271487 
3211.478640 76.270649 
3213.407456 76.211369 
3215.336272 76.217130 
3217.265088 76.258667 
3219.193904 76.189046 
3221.122720 76.151433 
3223.051536 76.179606 
3224.980352 76.232310 
3226.909168 76.239867 
3228.837984 76.283565 
3230.766800 76.325366 
3232.695616 76.405813 
3234.624432 76.488156 
3236.553248 76.547187 
3238.482064 76.545512 
3240.410880 76.554208 
3242.339696 76.512271 
3244.268512 76.469838 
3246.197328 76.526600 
3248.126144 76.668073 
3250.054960 76.783617 
3251.983776 76.826636 
3253.912592 76.795621 
3255.841408 76.850641 
3257.770224 76.910986 
3259.699040 76.909694 
3261.627856 76.896581 
3263.556672 76.916677 
3265.485488 76.988707 
3267.414304 77.080674 
3269.343120 77.089967 
3271.271936 77.069632 
3273.200752 77.059851 
3275.129568 77.093954 
3277.058384 77.120663 
3278.987200 77.199692 
3280.916016 77.234115 
3282.844832 77.258285 
3284.773648 77.302595 
3286.702464 77.320423 
3288.631280 77.317950 
3290.560096 77.288433 
3292.488912 77.266216 
3294.417728 77.356504 
3296.346544 77.362362 
3298.275360 77.395899 
3300.204176 77.432671 
3302.132992 77.407244 
3304.061808 77.392844 
3305.990624 77.451031 
3307.919440 77.424250 
3309.848256 77.412921 
3311.777072 77.483101 
3313.705888 77.528005 
3315.634704 77.485616 
3317.563520 77.473310 
3319.492336 77.457643 
3321.421152 77.433010 
3323.349968 77.342841 
3325.278784 77.290165 
3327.207600 77.285241 
3329.136416 77.297114 
3331.065232 77.245218 
3332.994048 77.112219 
3334.922864 76.927465 
3336.851680 76.782773 
3338.780496 76.655782 
3340.709312 76.481849 
3342.638128 76.230481 
3344.566944 76.014016 
3346.495760 75.854310 
3348.424576 75.733825 
3350.353392 75.728896 
3352.282208 75.963940 
3354.211024 76.409528 
3356.139840 76.906667 
3358.068656 77.237578 
3359.997472 77.265356 
3361.926288 76.939036 
3363.855104 76.316358 
3365.783920 75.584349 
3367.712736 75.324323 
3369.641552 75.831882 
3371.570368 76.757270 
3373.499184 77.482443 
3375.428000 77.886736 
3377.356816 78.178847 
3379.285632 78.400333 
3381.214448 78.496400 
3383.143264 78.584415 
3385.072080 78.624721 
3387.000896 78.677519 
3388.929712 78.660792 
3390.858528 78.508919 
3392.787344 78.404352 
3394.716160 78.593641 
3396.644976 78.790274 
3398.573792 79.127579 
3400.502608 79.479284 
3402.431424 79.711318 
3404.360240 79.874569 
3406.289056 80.038742 
3408.217872 80.192185 
3410.146688 80.309663 
3412.075504 80.410575 
3414.004320 80.499976 
3415.933136 80.504144 
3417.861952 80.389296 
3419.790768 80.164984 
3421.719584 80.150532 
3423.648400 80.279903 
3425.577216 80.362619 
3427.506032 80.324811 
3429.434848 80.301207 
3431.363664 80.255512 
3433.292480 80.233399 
3435.221296 80.156382 
3437.150112 80.068691 
3439.078928 79.998599 
3441.007744 79.702446 
3442.936560 79.324662 
3444.865376 78.978491 
3446.794192 78.483638 
3448.723008 78.387836 
3450.651824 78.516092 
3452.580640 78.876864 
3454.509456 79.460016 
3456.438272 79.951289 
3458.367088 80.258204 
3460.295904 80.383654 
3462.224720 80.415261 
3464.153536 80.547167 
3466.082352 80.596540 
3468.011168 80.668376 
3469.939984 80.755801 
3471.868800 80.812278 
3473.797616 80.827532 
3475.726432 80.908346 
3477.655248 81.013055 
3479.584064 80.895137 
3481.512880 80.728062 
3483.441696 80.911464 
3485.370512 81.199139 
3487.299328 81.322828 
3489.228144 81.484399 
3491.156960 81.719194 
3493.085776 81.805653 
3495.014592 81.809074 
3496.943408 81.882781 
3498.872224 81.937705 
3500.801040 81.663982 
3502.729856 81.374185 
3504.658672 81.614992 
3506.587488 81.968800 
3508.516304 81.833718 
3510.445120 81.882376 
3512.373936 82.288477 
3514.302752 82.529372 
3516.231568 82.523571 
3518.160384 82.459651 
3520.089200 82.304698 
3522.018016 81.841847 
3523.946832 81.532580 
3525.875648 81.620122 
3527.804464 81.684498 
3529.733280 81.995177 
3531.662096 82.345955 
3533.590912 82.509783 
3535.519728 82.412526 
3537.448544 82.586950 
3539.377360 82.757581 
3541.306176 82.503149 
3543.234992 82.007686 
3545.163808 81.532755 
3547.092624 81.641422 
3549.021440 82.169989 
3550.950256 82.203771 
3552.879072 82.112602 
3554.807888 82.508692 
3556.736704 82.873140 
3558.665520 82.875726 
3560.594336 82.542888 
3562.523152 82.057637 
3564.451968 81.065389 
3566.380784 79.813143 
3568.309600 80.787887 
3570.238416 82.204160 
3572.167232 82.603170 
3574.096048 82.459704 
3576.024864 82.478287 
3577.953680 82.658456 
3579.882496 82.728760 
3581.811312 82.631581 
3583.740128 82.285504 
3585.668944 81.407344 
3587.597760 80.871408 
3589.526576 82.017053 
3591.455392 82.503691 
3593.384208 82.008116 
3595.313024 81.589989 
3597.241840 81.813692 
3599.170656 82.092359 
3601.099472 82.325185 
3603.028288 82.639299 
3604.957104 82.482241 
3606.885920 81.660453 
3608.814736 81.434782 
3610.743552 81.605807 
3612.672368 81.076492 
3614.601184 80.954805 
3616.530000 80.927490 
3618.458816 80.715239 
3620.387632 81.678870 
3622.316448 82.519304 
3624.245264 82.562010 
3626.174080 81.652478 
3628.102896 79.785017 
3630.031712 80.334224 
3631.960528 81.543700 
3633.889344 81.897387 
3635.818160 82.296174 
3637.746976 82.554896 
3639.675792 82.632279 
3641.604608 82.420075 
3643.533424 82.056364 
3645.462240 81.180977 
3647.391056 79.095977 
3649.319872 78.114930 
3651.248688 80.112365 
3653.177504 81.602706 
3655.106320 81.429386 
3657.035136 81.574332 
3658.963952 82.470499 
3660.892768 83.001308 
3662.821584 83.104372 
3664.750400 82.989615 
3666.679216 82.615479 
3668.608032 81.352782 
3670.536848 80.767381 
3672.465664 81.258634 
3674.394480 79.979841 
3676.323296 79.824529 
3678.252112 81.464429 
3680.180928 82.515680 
3682.109744 83.061331 
3684.038560 82.850889 
3685.967376 82.121295 
3687.896192 80.768460 
3689.825008 80.321627 
3691.753824 81.731275 
3693.682640 82.783521 
3695.611456 83.029984 
3697.540272 83.080106 
3699.469088 82.915878 
3701.397904 82.673489 
3703.326720 83.033950 
3705.255536 83.129838 
3707.184352 82.552332 
3709.113168 81.285095 
3711.041984 80.318727 
3712.970800 81.629400 
3714.899616 82.621188 
3716.828432 82.787361 
3718.757248 82.508608 
3720.686064 82.092353 
3722.614880 81.843142 
3724.543696 81.906648 
3726.472512 82.250182 
3728.401328 82.727993 
3730.330144 82.377455 
3732.258960 81.084383 
3734.187776 79.872003 
3736.116592 80.156894 
3738.045408 81.322191 
3739.974224 81.813624 
3741.903040 81.664983 
3743.831856 80.782138 
3745.760672 80.418600 
3747.689488 80.217827 
3749.618304 79.119780 
3751.547120 79.343483 
3753.475936 80.955715 
3755.404752 81.655811 
3757.333568 81.525708 
3759.262384 81.540387 
3761.191200 82.210320 
3763.120016 82.381923 
3765.048832 81.920207 
3766.977648 81.870862 
3768.906464 81.793362 
3770.835280 82.186364 
3772.764096 82.853198 
3774.692912 83.036600 
3776.621728 82.819134 
3778.550544 82.213107 
3780.479360 82.278955 
3782.408176 82.557079 
3784.336992 82.321051 
3786.265808 82.543410 
3788.194624 82.960989 
3790.123440 83.104846 
3792.052256 83.151508 
3793.981072 82.809639 
3795.909888 82.004319 
3797.838704 81.673166 
3799.767520 81.063875 
3801.696336 80.297701 
3803.625152 81.412981 
3805.553968 81.678208 
3807.482784 81.929957 
3809.411600 82.681712 
3811.340416 82.940703 
3813.269232 82.576848 
3815.198048 81.491026 
3817.126864 81.106954 
3819.055680 80.740455 
3820.984496 80.168942 
3822.913312 81.584094 
3824.842128 82.097615 
3826.770944 82.074311 
3828.699760 82.303874 
3830.628576 82.175429 
3832.557392 81.831597 
3834.486208 81.486993 
3836.415024 80.569607 
3838.343840 79.765251 
3840.272656 80.394530 
3842.201472 81.461588 
3844.130288 82.096435 
3846.059104 82.480155 
3847.987920 82.313394 
3849.916736 81.459021 
3851.845552 79.476333 
3853.774368 79.054107 
3855.703184 81.024300 
3857.632000 81.772913 
3859.560816 82.115824 
3861.489632 81.647767 
3863.418448 80.921109 
3865.347264 81.076404 
3867.276080 81.307713 
3869.204896 80.464848 
3871.133712 80.755769 
3873.062528 81.417018 
3874.991344 82.030716 
3876.920160 82.506237 
3878.848976 81.865059 
3880.777792 81.239670 
3882.706608 81.488477 
3884.635424 81.305322 
3886.564240 81.740798 
3888.493056 82.192166 
3890.421872 81.635136 
3892.350688 81.598472 
3894.279504 82.238013 
3896.208320 82.285197 
3898.137136 81.487421 
3900.065952 80.657202 
3901.994768 80.313913 
3903.923584 80.352924 
3905.852400 81.437737 
3907.781216 82.406991 
3909.710032 82.734022 
3911.638848 82.727949 
3913.567664 82.589045 
3915.496480 82.108158 
3917.425296 81.684889 
3919.354112 81.927504 
3921.282928 82.162653 
3923.211744 81.956033 
3925.140560 81.916257 
3927.069376 82.312709 
3928.998192 82.065001 
3930.927008 81.616957 
3932.855824 81.785080 
3934.784640 82.400642 
3936.713456 82.644350 
3938.642272 82.644267 
3940.571088 82.437369 
3942.499904 82.091483 
3944.428720 82.273887 
3946.357536 82.278957 
3948.286352 81.965332 
3950.215168 82.159419 
3952.143984 82.439096 
3954.072800 82.561425 
3956.001616 82.575163 
3957.930432 82.588420 
3959.859248 82.540760 
3961.788064 82.482502 
3963.716880 82.649978 
3965.645696 82.873278 
3967.574512 82.844245 
3969.503328 82.771337 
3971.432144 82.751476 
3973.360960 82.655845 
3975.289776 82.607533 
3977.218592 82.741601 
3979.147408 82.821536 
3981.076224 82.804425 
3983.005040 82.812362 
3984.933856 82.839262 
3986.862672 82.820854 
3988.791488 82.760665 
3990.720304 82.716404 
3992.649120 82.746766 
3994.577936 82.745984 
3996.506752 82.764359 
3998.435568 82.773633 
4000.364384 82.761552 