##YUNITS=%T
399.264912 168.862256 
401.193728 191.377999 
403.122544 126.011598 
405.051360 81.291758 
406.980176 51.719990 
408.908992 50.265158 
410.837808 39.505645 
412.766624 72.877895 
414.695440 119.969521 
416.624256 69.469682 
418.553072 38.128542 
420.481888 71.040773 
422.410704 124.323538 
424.339520 127.429105 
426.268336 147.858419 
428.197152 190.055611 
430.125968 168.635861 
432.054784 143.103368 
433.983600 112.044324 
435.912416 118.636507 
437.841232 118.777787 
439.770048 102.402085 
441.698864 80.925796 
443.627680 119.999067 
445.556496 143.909214 
447.485312 86.847521 
449.414128 88.239455 
451.342944 168.759819 
453.271760 197.490261 
455.200576 139.953960 
457.129392 74.873529 
459.058208 59.971239 
460.987024 73.020324 
462.915840 91.569371 
464.844656 100.056625 
466.773472 89.332672 
468.702288 100.331875 
470.631104 105.306767 
472.559920 123.581528 
474.488736 108.656094 
476.417552 91.988613 
478.346368 96.208871 
480.275184 110.180213 
482.204000 107.217028 
484.132816 88.231630 
486.061632 82.258180 
487.990448 105.461888 
489.919264 104.324141 
491.848080 120.476662 
493.776896 100.539932 
495.705712 120.952302 
497.634528 134.823308 
499.563344 126.386534 
501.492160 79.786667 
503.420976 97.390979 
505.349792 156.201920 
507.278608 148.947285 
509.207424 130.918790 
511.136240 115.673179 
513.065056 77.951166 
514.993872 102.888867 
516.922688 126.730964 
518.851504 74.706598 
520.780320 61.060514 
522.709136 84.215198 
524.637952 93.645963 
526.566768 63.079707 
528.495584 54.571556 
530.424400 83.139181 
532.353216 94.229732 
534.282032 95.585091 
536.210848 68.642714 
538.139664 51.319423 
540.068480 60.349161 
541.997296 68.302040 
543.926112 66.720929 
545.854928 64.514968 
547.783744 50.347902 
549.712560 44.922889 
551.641376 50.874588 
553.570192 82.663064 
555.499008 89.623068 
557.427824 69.120726 
559.356640 67.029532 
561.285456 69.366175 
563.214272 70.858584 
565.143088 70.179865 
567.071904 73.766885 
569.000720 84.485879 
570.929536 87.529797 
572.858352 81.570141 
574.787168 68.464464 
576.715984 65.301236 
578.644800 71.742499 
580.573616 73.481933 
582.502432 73.291102 
584.431248 72.664537 
586.360064 73.563973 
588.288880 72.659649 
590.217696 70.937780 
592.146512 69.454521 
594.075328 68.618702 
596.004144 69.065500 
597.932960 66.841485 
599.861776 63.993306 
601.790592 64.267114 
603.719408 64.527352 
605.648224 64.450003 
607.577040 68.058029 
609.505856 71.198552 
611.434672 70.571738 
613.363488 72.257024 
615.292304 72.024699 
617.221120 68.827047 
619.149936 64.241611 
621.078752 62.321077 
623.007568 62.176175 
624.936384 61.148356 
626.865200 64.805068 
628.794016 65.883062 
630.722832 63.543858 
632.651648 63.604800 
634.580464 63.121644 
636.509280 59.579164 
638.438096 57.073274 
640.366912 59.824441 
642.295728 61.423378 
644.224544 59.599840 
646.153360 56.505037 
648.082176 58.569122 
650.010992 62.359383 
651.939808 62.701908 
653.868624 62.653513 
655.797440 63.496438 
657.726256 62.678846 
659.655072 60.689848 
661.583888 59.552878 
663.512704 59.116285 
665.441520 58.397636 
667.370336 59.396472 
669.299152 59.927503 
671.227968 58.827783 
673.156784 58.788907 
675.085600 58.734743 
677.014416 58.045339 
678.943232 57.129829 
680.872048 56.083512 
682.800864 54.394171 
684.729680 52.107067 
686.658496 49.271906 
688.587312 46.027532 
690.516128 44.079196 
692.444944 44.024542 
694.373760 44.629230 
696.302576 45.786465 
698.231392 47.312589 
700.160208 47.686659 
702.089024 48.033542 
704.017840 48.710299 
705.946656 51.443394 
707.875472 55.701011 
709.804288 57.951890 
711.733104 57.967625 
713.661920 57.446195 
715.590736 56.588351 
717.519552 55.710866 
719.448368 55.048018 
721.377184 54.015234 
723.306000 52.617431 
725.234816 51.271056 
727.163632 49.745827 
729.092448 47.835275 
731.021264 45.724435 
732.950080 43.422251 
734.878896 40.762260 
736.807712 37.578024 
738.736528 33.805028 
740.665344 29.728996 
742.594160 25.935604 
744.522976 24.606460 
746.451792 25.800003 
748.380608 27.063477 
750.309424 26.591647 
752.238240 24.554732 
754.167056 24.318461 
756.095872 25.416998 
758.024688 25.399878 
759.953504 25.852575 
761.882320 28.384059 
763.811136 31.820418 
765.739952 35.454120 
767.668768 40.176988 
769.597584 44.593384 
771.526400 47.150229 
773.455216 48.104278 
775.384032 48.375230 
777.312848 48.211297 
779.241664 47.739363 
781.170480 46.022269 
783.099296 42.754206 
785.028112 39.358466 
786.956928 38.674616 
788.885744 41.181422 
790.814560 44.233956 
792.743376 46.620729 
794.672192 48.674588 
796.601008 51.379263 
798.529824 55.696901 
800.458640 58.493910 
802.387456 58.806170 
804.316272 57.934429 
806.245088 56.439965 
808.173904 54.602778 
810.102720 52.779715 
812.031536 50.303818 
813.960352 47.013855 
815.889168 43.944030 
817.817984 42.113225 
819.746800 41.993876 
821.675616 42.898793 
823.604432 44.498334 
825.533248 48.953192 
827.462064 57.586665 
829.390880 65.447369 
831.319696 68.765878 
833.248512 69.231688 
835.177328 68.596578 
837.106144 67.411832 
839.034960 65.470866 
840.963776 62.957535 
842.892592 60.084508 
844.821408 57.177516 
846.750224 54.747343 
848.679040 54.053409 
850.607856 56.102899 
852.536672 60.162825 
854.465488 64.235732 
856.394304 66.919839 
858.323120 68.172980 
860.251936 68.338732 
862.180752 67.261049 
864.109568 64.911913 
866.038384 62.256734 
867.967200 61.889210 
869.896016 63.483822 
871.824832 64.102820 
873.753648 63.511734 
875.682464 63.747220 
877.611280 65.560436 
879.540096 67.208692 
881.468912 67.036737 
883.397728 65.406407 
885.326544 63.470444 
887.255360 62.299453 
889.184176 61.903247 
891.112992 62.349960 
893.041808 63.614708 
894.970624 64.184667 
896.899440 63.377884 
898.828256 61.720800 
900.757072 59.585821 
902.685888 57.499539 
904.614704 56.688195 
906.543520 57.753357 
908.472336 59.604286 
910.401152 61.068226 
912.329968 61.675611 
914.258784 61.699609 
916.187600 61.376521 
918.116416 60.701879 
920.045232 59.725914 
921.974048 58.369041 
923.902864 57.006811 
925.831680 55.749618 
927.760496 54.632863 
929.689312 53.533566 
931.618128 52.109837 
933.546944 50.068045 
935.475760 47.354521 
937.404576 44.562994 
939.333392 43.184327 
941.262208 43.784202 
943.191024 45.767407 
945.119840 47.953714 
947.048656 48.723308 
948.977472 47.595315 
950.906288 46.317800 
952.835104 45.883887 
954.763920 45.400172 
956.692736 45.503207 
958.621552 47.367416 
960.550368 49.619370 
962.479184 50.839305 
964.408000 51.708988 
966.336816 53.762247 
968.265632 57.284796 
970.194448 60.536610 
972.123264 61.796513 
974.052080 61.305942 
975.980896 60.627515 
977.909712 60.443646 
979.838528 60.173840 
981.767344 59.599290 
983.696160 59.507292 
985.624976 60.062442 
987.553792 60.209885 
989.482608 59.600151 
991.411424 58.437148 
993.340240 56.631284 
995.269056 54.137005 
997.197872 51.180223 
999.126688 47.752137 
1001.055504 43.667843 
1002.984320 39.059708 
1004.913136 35.264678 
1006.841952 33.471678 
1008.770768 33.605839 
1010.699584 35.168845 
1012.628400 38.598772 
1014.557216 44.155264 
1016.486032 50.246242 
1018.414848 54.140943 
1020.343664 55.039967 
1022.272480 54.025886 
1024.201296 53.145347 
1026.130112 52.696443 
1028.058928 52.231352 
1029.987744 52.647235 
1031.916560 53.612584 
1033.845376 54.009351 
1035.774192 53.661933 
1037.703008 53.048007 
1039.631824 53.212978 
1041.560640 54.411836 
1043.489456 55.431473 
1045.418272 54.878185 
1047.347088 52.761876 
1049.275904 49.491300 
1051.204720 46.824761 
1053.133536 46.113728 
1055.062352 46.490519 
1056.991168 47.608124 
1058.919984 49.904987 
1060.848800 52.274725 
1062.777616 53.492464 
1064.706432 53.454722 
1066.635248 52.725230 
1068.564064 51.727725 
1070.492880 51.012912 
1072.421696 51.163816 
1074.350512 52.579648 
1076.279328 54.196574 
1078.208144 54.663111 
1080.136960 53.401002 
1082.065776 50.625342 
1083.994592 48.244325 
1085.923408 48.877472 
1087.852224 52.007805 
1089.781040 55.422014 
1091.709856 57.374343 
1093.638672 56.965627 
1095.567488 54.480472 
1097.496304 50.489427 
1099.425120 45.566579 
1101.353936 42.236428 
1103.282752 42.729384 
1105.211568 45.081028 
1107.140384 46.669719 
1109.069200 47.304642 
1110.998016 47.098474 
1112.926832 46.895183 
1114.855648 48.805520 
1116.784464 53.128485 
1118.713280 57.277239 
1120.642096 59.794496 
1122.570912 61.178632 
1124.499728 62.405659 
1126.428544 63.634510 
1128.357360 64.657809 
1130.286176 65.181412 
1132.214992 65.289050 
1134.143808 64.997620 
1136.072624 64.681367 
1138.001440 64.005367 
1139.930256 62.734354 
1141.859072 60.223932 
1143.787888 56.149513 
1145.716704 51.321865 
1147.645520 48.854425 
1149.574336 50.280192 
1151.503152 53.933584 
1153.431968 58.439360 
1155.360784 62.578630 
1157.289600 64.841783 
1159.218416 65.573720 
1161.147232 65.703768 
1163.076048 65.603710 
1165.004864 64.885062 
1166.933680 63.863753 
1168.862496 63.029096 
1170.791312 62.193390 
1172.720128 60.716853 
1174.648944 59.309098 
1176.577760 58.301369 
1178.506576 57.684179 
1180.435392 57.506472 
1182.364208 57.448195 
1184.293024 56.882744 
1186.221840 55.792249 
1188.150656 54.084261 
1190.079472 51.848766 
1192.008288 49.326282 
1193.937104 47.208401 
1195.865920 46.084506 
1197.794736 46.015641 
1199.723552 46.449792 
1201.652368 46.032029 
1203.581184 44.143069 
1205.510000 42.254939 
1207.438816 41.719924 
1209.367632 42.670308 
1211.296448 44.702473 
1213.225264 46.443383 
1215.154080 46.425059 
1217.082896 44.864723 
1219.011712 42.915268 
1220.940528 41.394887 
1222.869344 39.906527 
1224.798160 38.722055 
1226.726976 39.252999 
1228.655792 41.979480 
1230.584608 45.468760 
1232.513424 48.549363 
1234.442240 51.130171 
1236.371056 53.405170 
1238.299872 55.379460 
1240.228688 56.957011 
1242.157504 57.698319 
1244.086320 57.710118 
1246.015136 57.183325 
1247.943952 56.209972 
1249.872768 54.667911 
1251.801584 52.490185 
1253.730400 49.447470 
1255.659216 45.576528 
1257.588032 41.635362 
1259.516848 39.373166 
1261.445664 39.674209 
1263.374480 40.952301 
1265.303296 40.901778 
1267.232112 38.896800 
1269.160928 35.570504 
1271.089744 32.330775 
1273.018560 30.203567 
1274.947376 28.160317 
1276.876192 25.597411 
1278.805008 23.618356 
1280.733824 22.864476 
1282.662640 23.703960 
1284.591456 25.974456 
1286.520272 29.086824 
1288.449088 32.440289 
1290.377904 36.017411 
1292.306720 39.904978 
1294.235536 43.851887 
1296.164352 47.560863 
1298.093168 50.679326 
1300.021984 52.672876 
1301.950800 54.217270 
1303.879616 55.549347 
1305.808432 55.973683 
1307.737248 55.463297 
1309.666064 54.914751 
1311.594880 54.875499 
1313.523696 55.077721 
1315.452512 55.049513 
1317.381328 55.536877 
1319.310144 57.469245 
1321.238960 59.407926 
1323.167776 59.719753 
1325.096592 58.722361 
1327.025408 57.312111 
1328.954224 55.942537 
1330.883040 54.290031 
1332.811856 52.973831 
1334.740672 53.214519 
1336.669488 55.020060 
1338.598304 57.571952 
1340.527120 60.206171 
1342.455936 61.334325 
1344.384752 60.798381 
1346.313568 59.226774 
1348.242384 57.456450 
1350.171200 55.962183 
1352.100016 54.030307 
1354.028832 51.406359 
1355.957648 49.158984 
1357.886464 47.838698 
1359.815280 46.692363 
1361.744096 45.011169 
1363.672912 43.361218 
1365.601728 42.763376 
1367.530544 42.298845 
1369.459360 40.983519 
1371.388176 39.248604 
1373.316992 37.514810 
1375.245808 36.692634 
1377.174624 39.206772 
1379.103440 45.496047 
1381.032256 52.374418 
1382.961072 56.539288 
1384.889888 57.585237 
1386.818704 56.523682 
1388.747520 54.379391 
1390.676336 52.117278 
1392.605152 49.236036 
1394.533968 45.353047 
1396.462784 41.899561 
1398.391600 40.727098 
1400.320416 41.349710 
1402.249232 43.689793 
1404.178048 47.684617 
1406.106864 52.887287 
1408.035680 56.300289 
1409.964496 57.870666 
1411.893312 57.946130 
1413.822128 57.219571 
1415.750944 55.993794 
1417.679760 54.768178 
1419.608576 54.222198 
1421.537392 54.041340 
1423.466208 53.232966 
1425.395024 52.671892 
1427.323840 52.724154 
1429.252656 52.773266 
1431.181472 52.172674 
1433.110288 50.565075 
1435.039104 48.250397 
1436.967920 44.863067 
1438.896736 42.313097 
1440.825552 40.404065 
1442.754368 38.862357 
1444.683184 38.816359 
1446.612000 40.660734 
1448.540816 44.406930 
1450.469632 46.554339 
1452.398448 46.036117 
1454.327264 43.468718 
1456.256080 37.949010 
1458.184896 28.815992 
1460.113712 24.335137 
1462.042528 23.778864 
1463.971344 27.889136 
1465.900160 38.902998 
1467.828976 48.279302 
1469.757792 54.096280 
1471.686608 54.205929 
1473.615424 49.643128 
1475.544240 49.069680 
1477.473056 51.766144 
1479.401872 53.456910 
1481.330688 52.542103 
1483.259504 50.808984 
1485.188320 50.720793 
1487.117136 54.378624 
1489.045952 60.040309 
1490.974768 64.185190 
1492.903584 65.161521 
1494.832400 63.990705 
1496.761216 60.966730 
1498.690032 57.487876 
1500.618848 53.783235 
1502.547664 50.067031 
1504.476480 46.948069 
1506.405296 44.730125 
1508.334112 45.672054 
1510.262928 47.917679 
1512.191744 50.142225 
1514.120560 52.455365 
1516.049376 54.902065 
1517.978192 58.891119 
1519.907008 60.419961 
1521.835824 61.448061 
1523.764640 61.759643 
1525.693456 60.913982 
1527.622272 58.961065 
1529.551088 56.945708 
1531.479904 54.360239 
1533.408720 50.552105 
1535.337536 48.357003 
1537.266352 47.649705 
1539.195168 46.610598 
1541.123984 46.475624 
1543.052800 46.298883 
1544.981616 45.144200 
1546.910432 43.703494 
1548.839248 41.541887 
1550.768064 38.632016 
1552.696880 36.696348 
1554.625696 34.669502 
1556.554512 33.210157 
1558.483328 34.394317 
1560.412144 37.000812 
1562.340960 38.822417 
1564.269776 41.729267 
1566.198592 45.073908 
1568.127408 46.594545 
1570.056224 46.317129 
1571.985040 44.456660 
1573.913856 41.804444 
1575.842672 38.501340 
1577.771488 36.999322 
1579.700304 37.174746 
1581.629120 36.729594 
1583.557936 36.055368 
1585.486752 36.549314 
1587.415568 38.785836 
1589.344384 41.778477 
1591.273200 44.559413 
1593.202016 46.841538 
1595.130832 48.310048 
1597.059648 47.606247 
1598.988464 44.188236 
1600.917280 39.917100 
1602.846096 37.557180 
1604.774912 38.273082 
1606.703728 40.687072 
1608.632544 43.567774 
1610.561360 46.199565 
1612.490176 48.382451 
1614.418992 50.086084 
1616.347808 52.334228 
1618.276624 54.585050 
1620.205440 55.308787 
1622.134256 55.492909 
1624.063072 55.689332 
1625.991888 55.119661 
1627.920704 52.490739 
1629.849520 48.648232 
1631.778336 44.355771 
1633.707152 39.803247 
1635.635968 33.296023 
1637.564784 29.150220 
1639.493600 28.328463 
1641.422416 29.242405 
1643.351232 31.276128 
1645.280048 34.094987 
1647.208864 40.125178 
1649.137680 44.634795 
1651.066496 46.609508 
1652.995312 53.745123 
1654.924128 63.687824 
1656.852944 68.458100 
1658.781760 73.734101 
1660.710576 77.568621 
1662.639392 80.823211 
1664.568208 83.456734 
1666.497024 84.487912 
1668.425840 84.398242 
1670.354656 85.105439 
1672.283472 85.960052 
1674.212288 86.258318 
1676.141104 86.352877 
1678.069920 86.353911 
1679.998736 85.304005 
1681.927552 84.286885 
1683.856368 82.763505 
1685.785184 83.241361 
1687.714000 83.054163 
1689.642816 82.370599 
1691.571632 82.010079 
1693.500448 81.757484 
1695.429264 81.486129 
1697.358080 82.594636 
1699.286896 83.139701 
1701.215712 84.293479 
1703.144528 84.518192 
1705.073344 84.305293 
1707.002160 84.734407 
1708.930976 85.334320 
1710.859792 85.320567 
1712.788608 84.987989 
1714.717424 83.941841 
1716.646240 83.601174 
1718.575056 85.312061 
1720.503872 86.850621 
1722.432688 87.281164 
1724.361504 87.797181 
1726.290320 88.122499 
1728.219136 87.920021 
1730.147952 87.297839 
1732.076768 86.707495 
1734.005584 86.333720 
1735.934400 87.488212 
1737.863216 87.500745 
1739.792032 87.268635 
1741.720848 87.160611 
1743.649664 86.910532 
1745.578480 86.658514 
1747.507296 86.115894 
1749.436112 85.864151 
1751.364928 86.617606 
1753.293744 87.280949 
1755.222560 87.166343 
1757.151376 86.795545 
1759.080192 86.870759 
1761.009008 86.574345 
1762.937824 86.792557 
1764.866640 87.040116 
1766.795456 86.717570 
1768.724272 86.176640 
1770.653088 85.530504 
1772.581904 85.225118 
1774.510720 85.990213 
1776.439536 86.295567 
1778.368352 86.277105 
1780.297168 86.034300 
1782.225984 86.240345 
1784.154800 86.237283 
1786.083616 86.449392 
1788.012432 86.412296 
1789.941248 85.789497 
1791.870064 85.201498 
1793.798880 85.706298 
1795.727696 85.896173 
1797.656512 86.018989 
1799.585328 85.786160 
1801.514144 85.795508 
1803.442960 86.147803 
1805.371776 86.292254 
1807.300592 86.024711 
1809.229408 85.679694 
1811.158224 85.456198 
1813.087040 85.780900 
1815.015856 85.891721 
1816.944672 85.715791 
1818.873488 85.594966 
1820.802304 85.463033 
1822.731120 84.961451 
1824.659936 84.570518 
1826.588752 84.466350 
1828.517568 84.057555 
1830.446384 84.118055 
1832.375200 84.771422 
1834.304016 84.762397 
1836.232832 84.493068 
1838.161648 84.297319 
1840.090464 84.197222 
1842.019280 83.549898 
1843.948096 83.143254 
1845.876912 83.568379 
1847.805728 84.081468 
1849.734544 84.507887 
1851.663360 84.872384 
1853.592176 85.026508 
1855.520992 85.167526 
1857.449808 85.186303 
1859.378624 85.260293 
1861.307440 85.329236 
1863.236256 85.411427 
1865.165072 84.930848 
1867.093888 84.070703 
1869.022704 83.765417 
1870.951520 84.341959 
1872.880336 84.509606 
1874.809152 84.423656 
1876.737968 84.128051 
1878.666784 83.916383 
1880.595600 83.718089 
1882.524416 83.702308 
1884.453232 83.779132 
1886.382048 83.883458 
1888.310864 83.579774 
1890.239680 83.664898 
1892.168496 83.863682 
1894.097312 83.746344 
1896.026128 83.692657 
1897.954944 83.823635 
1899.883760 83.657592 
1901.812576 83.542356 
1903.741392 83.318898 
1905.670208 83.076328 
1907.599024 82.729276 
1909.527840 82.629540 
1911.456656 82.697361 
1913.385472 82.668578 
1915.314288 82.240570 
1917.243104 81.870692 
1919.171920 81.780048 
1921.100736 81.568949 
1923.029552 81.314646 
1924.958368 81.701927 
1926.887184 81.832436 
1928.816000 81.973358 
1930.744816 82.062043 
1932.673632 82.175020 
1934.602448 82.157205 
1936.531264 82.287473 
1938.460080 82.224345 
1940.388896 81.935202 
1942.317712 81.570653 
1944.246528 81.683136 
1946.175344 81.561933 
1948.104160 81.500665 
1950.032976 81.596341 
1951.961792 81.837338 
1953.890608 81.853017 
1955.819424 82.018020 
1957.748240 81.963992 
1959.677056 81.933824 
1961.605872 81.629830 
1963.534688 81.405856 
1965.463504 81.156172 
1967.392320 81.460344 
1969.321136 81.770489 
1971.249952 82.051248 
1973.178768 82.145631 
1975.107584 82.408439 
1977.036400 82.215241 
1978.965216 82.137786 
1980.894032 82.179556 
1982.822848 82.274496 
1984.751664 82.109468 
1986.680480 82.030586 
1988.609296 81.882172 
1990.538112 81.922231 
1992.466928 81.780737 
1994.395744 81.926798 
1996.324560 81.870622 
1998.253376 81.986754 
2000.182192 82.040476 
2002.111008 82.190189 
2004.039824 82.234997 
2005.968640 82.368704 
2007.897456 82.130860 
2009.826272 82.123088 
2011.755088 82.029268 
2013.683904 82.027457 
2015.612720 81.928676 
2017.541536 82.069770 
2019.470352 82.345764 
2021.399168 82.706680 
2023.327984 82.425044 
2025.256800 82.375498 
2027.185616 82.380054 
2029.114432 82.582284 
2031.043248 82.528714 
2032.972064 82.317275 
2034.900880 82.032881 
2036.829696 82.138738 
2038.758512 82.105238 
2040.687328 82.123828 
2042.616144 82.179656 
2044.544960 82.353569 
2046.473776 82.284995 
2048.402592 82.179392 
2050.331408 82.056302 
2052.260224 82.197935 
2054.189040 82.252533 
2056.117856 82.310844 
2058.046672 82.215649 
2059.975488 82.299844 
2061.904304 82.268690 
2063.833120 82.080567 
2065.761936 81.942793 
2067.690752 82.041036 
2069.619568 81.978482 
2071.548384 82.050211 
2073.477200 82.011641 
2075.406016 81.988756 
2077.334832 81.928630 
2079.263648 82.007112 
2081.192464 82.044865 
2083.121280 82.209762 
2085.050096 82.274374 
2086.978912 82.333003 
2088.907728 82.306958 
2090.836544 82.432284 
2092.765360 82.583334 
2094.694176 82.646360 
2096.622992 82.554029 
2098.551808 82.496305 
2100.480624 82.452710 
2102.409440 82.522791 
2104.338256 82.491862 
2106.267072 82.448085 
2108.195888 82.389592 
2110.124704 82.407566 
2112.053520 82.306370 
2113.982336 82.329565 
2115.911152 82.349814 
2117.839968 82.416386 
2119.768784 82.444729 
2121.697600 82.551857 
2123.626416 82.593785 
2125.555232 82.572949 
2127.484048 82.408006 
2129.412864 82.454319 
2131.341680 82.483774 
2133.270496 82.391312 
2135.199312 82.209810 
2137.128128 82.300834 
2139.056944 82.272718 
2140.985760 82.259919 
2142.914576 82.127732 
2144.843392 82.056910 
2146.772208 81.937711 
2148.701024 82.097246 
2150.629840 82.161881 
2152.558656 82.322124 
2154.487472 82.417898 
2156.416288 82.450978 
2158.345104 82.083961 
2160.273920 81.652797 
2162.202736 81.426854 
2164.131552 81.379404 
2166.060368 81.287898 
2167.989184 81.443440 
2169.918000 81.332072 
2171.846816 81.240436 
2173.775632 81.159383 
2175.704448 81.169711 
2177.633264 81.057565 
2179.562080 81.105214 
2181.490896 81.055348 
2183.419712 81.200766 
2185.348528 81.285119 
2187.277344 81.431137 
2189.206160 81.433214 
2191.134976 81.361248 
2193.063792 81.241898 
2194.992608 81.354023 
2196.921424 81.338811 
2198.850240 81.386974 
2200.779056 81.346502 
2202.707872 81.366635 
2204.636688 81.294026 
2206.565504 81.141173 
2208.494320 80.988275 
2210.423136 81.038801 
2212.351952 81.158405 
2214.280768 81.363191 
2216.209584 81.483090 
2218.138400 81.627027 
2220.067216 81.716147 
2221.996032 81.791525 
2223.924848 81.688266 
2225.853664 81.720756 
2227.782480 81.674155 
2229.711296 81.719591 
2231.640112 81.710793 
2233.568928 81.836249 
2235.497744 81.932209 
2237.426560 81.978426 
2239.355376 81.975401 
2241.284192 81.948734 
2243.213008 81.872756 
2245.141824 81.826245 
2247.070640 81.752733 
2248.999456 81.816396 
2250.928272 81.777050 
2252.857088 81.795695 
2254.785904 81.683326 
2256.714720 81.578294 
2258.643536 81.517758 
2260.572352 81.443581 
2262.501168 81.415828 
2264.429984 81.535200 
2266.358800 81.568516 
2268.287616 81.654816 
2270.216432 81.759937 
2272.145248 81.873896 
2274.074064 81.824473 
2276.002880 81.870136 
2277.931696 81.910027 
2279.860512 81.976106 
2281.789328 82.028275 
2283.718144 82.100390 
2285.646960 82.225314 
2287.575776 82.389021 
2289.504592 82.454874 
2291.433408 82.591566 
2293.362224 82.725779 
2295.291040 82.756555 
2297.219856 82.699651 
2299.148672 82.728547 
2301.077488 82.822309 
2303.006304 82.989306 
2304.935120 83.119505 
2306.863936 83.315509 
2308.792752 83.461146 
2310.721568 83.615307 
2312.650384 83.806770 
2314.579200 84.019277 
2316.508016 84.253775 
2318.436832 84.607557 
2320.365648 84.847073 
2322.294464 85.024883 
2324.223280 85.307299 
2326.152096 85.831682 
2328.080912 86.175211 
2330.009728 86.401009 
2331.938544 86.531983 
2333.867360 86.669269 
2335.796176 86.726272 
2337.724992 86.771754 
2339.653808 86.759887 
2341.582624 86.790992 
2343.511440 86.593249 
2345.440256 86.207180 
2347.369072 85.651084 
2349.297888 85.615994 
2351.226704 86.198374 
2353.155520 86.986770 
2355.084336 87.576811 
2357.013152 88.106767 
2358.941968 88.448410 
2360.870784 88.623003 
2362.799600 88.183195 
2364.728416 87.654712 
2366.657232 87.198111 
2368.586048 86.681577 
2370.514864 85.936022 
2372.443680 85.286219 
2374.372496 84.715183 
2376.301312 84.127375 
2378.230128 83.556766 
2380.158944 83.135344 
2382.087760 82.768972 
2384.016576 82.528669 
2385.945392 82.351669 
2387.874208 82.312567 
2389.803024 82.302210 
2391.731840 82.298469 
2393.660656 82.296420 
2395.589472 82.264133 
2397.518288 82.163515 
2399.447104 82.093778 
2401.375920 81.966479 
2403.304736 81.850149 
2405.233552 81.732814 
2407.162368 81.676221 
2409.091184 81.635108 
2411.020000 81.595222 
2412.948816 81.550785 
2414.877632 81.505829 
2416.806448 81.420413 
2418.735264 81.385645 
2420.664080 81.361077 
2422.592896 81.401996 
2424.521712 81.478437 
2426.450528 81.556243 
2428.379344 81.599272 
2430.308160 81.646990 
2432.236976 81.674082 
2434.165792 81.712723 
2436.094608 81.707498 
2438.023424 81.708949 
2439.952240 81.722609 
2441.881056 81.835760 
2443.809872 81.841837 
2445.738688 81.787902 
2447.667504 81.726088 
2449.596320 81.696442 
2451.525136 81.633636 
2453.453952 81.570182 
2455.382768 81.512558 
2457.311584 81.481160 
2459.240400 81.369005 
2461.169216 81.276564 
2463.098032 81.262274 
2465.026848 81.355027 
2466.955664 81.434952 
2468.884480 81.504736 
2470.813296 81.545397 
2472.742112 81.586999 
2474.670928 81.623134 
2476.599744 81.693162 
2478.528560 81.751120 
2480.457376 81.776737 
2482.386192 81.686821 
2484.315008 81.651999 
2486.243824 81.641224 
2488.172640 81.653505 
2490.101456 81.627108 
2492.030272 81.606911 
2493.959088 81.520103 
2495.887904 81.433663 
2497.816720 81.391325 
2499.745536 81.392039 
2501.674352 81.368993 
2503.603168 81.377273 
2505.531984 81.319292 
2507.460800 81.327366 
2509.389616 81.327939 
2511.318432 81.358936 
2513.247248 81.376313 
2515.176064 81.394978 
2517.104880 81.335146 
2519.033696 81.289347 
2520.962512 81.197676 
2522.891328 81.153681 
2524.820144 81.078079 
2526.748960 81.063962 
2528.677776 81.064099 
2530.606592 81.064456 
2532.535408 81.078570 
2534.464224 81.135466 
2536.393040 81.139895 
2538.321856 81.148490 
2540.250672 81.144748 
2542.179488 81.131949 
2544.108304 81.132429 
2546.037120 81.203023 
2547.965936 81.198905 
2549.894752 81.208147 
2551.823568 81.246016 
2553.752384 81.242315 
2555.681200 81.161791 
2557.610016 81.134749 
2559.538832 81.088506 
2561.467648 81.023296 
2563.396464 80.963896 
2565.325280 80.975396 
2567.254096 80.947816 
2569.182912 80.893410 
2571.111728 80.875937 
2573.040544 80.882311 
2574.969360 80.852244 
2576.898176 80.790159 
2578.826992 80.689989 
2580.755808 80.707657 
2582.684624 80.706634 
2584.613440 80.750549 
2586.542256 80.820211 
2588.471072 80.864878 
2590.399888 80.882831 
2592.328704 80.913936 
2594.257520 80.928780 
2596.186336 80.961144 
2598.115152 80.939334 
2600.043968 80.947476 
2601.972784 80.963226 
2603.901600 81.010932 
2605.830416 81.022065 
2607.759232 80.985319 
2609.688048 80.970140 
2611.616864 81.026720 
2613.545680 81.014842 
2615.474496 80.983386 
2617.403312 80.988069 
2619.332128 81.056867 
2621.260944 81.086831 
2623.189760 81.117152 
2625.118576 81.155810 
2627.047392 81.222660 
2628.976208 81.242694 
2630.905024 81.266118 
2632.833840 81.277923 
2634.762656 81.308887 
2636.691472 81.355144 
2638.620288 81.464003 
2640.549104 81.532833 
2642.477920 81.548302 
2644.406736 81.542332 
2646.335552 81.552099 
2648.264368 81.514521 
2650.193184 81.504075 
2652.122000 81.508302 
2654.050816 81.553382 
2655.979632 81.609413 
2657.908448 81.671729 
2659.837264 81.682039 
2661.766080 81.708222 
2663.694896 81.751142 
2665.623712 81.762201 
2667.552528 81.738237 
2669.481344 81.689848 
2671.410160 81.631215 
2673.338976 81.595152 
2675.267792 81.542269 
2677.196608 81.509977 
2679.125424 81.496733 
2681.054240 81.511571 
2682.983056 81.524954 
2684.911872 81.546605 
2686.840688 81.575754 
2688.769504 81.582453 
2690.698320 81.596109 
2692.627136 81.619944 
2694.555952 81.624554 
2696.484768 81.645893 
2698.413584 81.659428 
2700.342400 81.680779 
2702.271216 81.676519 
2704.200032 81.658019 
2706.128848 81.633452 
2708.057664 81.629260 
2709.986480 81.645982 
2711.915296 81.657003 
2713.844112 81.647943 
2715.772928 81.654561 
2717.701744 81.614469 
2719.630560 81.567529 
2721.559376 81.538916 
2723.488192 81.489461 
2725.417008 81.449826 
2727.345824 81.459247 
2729.274640 81.465858 
2731.203456 81.486897 
2733.132272 81.508725 
2735.061088 81.528935 
2736.989904 81.543007 
2738.918720 81.563490 
2740.847536 81.544353 
2742.776352 81.542542 
2744.705168 81.534490 
2746.633984 81.492069 
2748.562800 81.465342 
2750.491616 81.519687 
2752.420432 81.550371 
2754.349248 81.534723 
2756.278064 81.498575 
2758.206880 81.454328 
2760.135696 81.347309 
2762.064512 81.224044 
2763.993328 81.086025 
2765.922144 80.969691 
2767.850960 80.877824 
2769.779776 80.852888 
2771.708592 80.910066 
2773.637408 81.004585 
2775.566224 81.057958 
2777.495040 81.088643 
2779.423856 81.118878 
2781.352672 81.148400 
2783.281488 81.149207 
2785.210304 81.123536 
2787.139120 81.092967 
2789.067936 81.032900 
2790.996752 80.972084 
2792.925568 80.935291 
2794.854384 80.898999 
2796.783200 80.859571 
2798.712016 80.819742 
2800.640832 80.793752 
2802.569648 80.726630 
2804.498464 80.645546 
2806.427280 80.560044 
2808.356096 80.475676 
2810.284912 80.403793 
2812.213728 80.356328 
2814.142544 80.293739 
2816.071360 80.230000 
2818.000176 80.157208 
2819.928992 80.080299 
2821.857808 79.992396 
2823.786624 79.913579 
2825.715440 79.852448 
2827.644256 79.814327 
2829.573072 79.782243 
2831.501888 79.783064 
2833.430704 79.752840 
2835.359520 79.682517 
2837.288336 79.572275 
2839.217152 79.451175 
2841.145968 79.366684 
2843.074784 79.298357 
2845.003600 79.166900 
2846.932416 79.050726 
2848.861232 78.979795 
2850.790048 78.896401 
2852.718864 78.759879 
2854.647680 78.585925 
2856.576496 78.383820 
2858.505312 78.109832 
2860.434128 77.757636 
2862.362944 77.340949 
2864.291760 76.830884 
2866.220576 76.284497 
2868.149392 75.800929 
2870.078208 75.498339 
2872.007024 75.584413 
2873.935840 76.055056 
2875.864656 76.662218 
2877.793472 77.211758 
2879.722288 77.604009 
2881.651104 77.885098 
2883.579920 78.022293 
2885.508736 78.059740 
2887.437552 77.996116 
2889.366368 77.899610 
2891.295184 77.745861 
2893.224000 77.528195 
2895.152816 77.256607 
2897.081632 76.959445 
2899.010448 76.625763 
2900.939264 76.320944 
2902.868080 76.178740 
2904.796896 76.300814 
2906.725712 76.560580 
2908.654528 76.865286 
2910.583344 77.129960 
2912.512160 77.389625 
2914.440976 77.606980 
2916.369792 77.786355 
2918.298608 77.871994 
2920.227424 77.895185 
2922.156240 77.825537 
2924.085056 77.740595 
2926.013872 77.600907 
2927.942688 77.483867 
2929.871504 77.474167 
2931.800320 77.526138 
2933.729136 77.588866 
2935.657952 77.636001 
2937.586768 77.591824 
2939.515584 77.525983 
2941.444400 77.549533 
2943.373216 77.652218 
2945.302032 77.728476 
2947.230848 77.767074 
2949.159664 77.686888 
2951.088480 77.533164 
2953.017296 77.403772 
2954.946112 77.303914 
2956.874928 77.168037 
2958.803744 76.988373 
2960.732560 76.740486 
2962.661376 76.468708 
2964.590192 76.226546 
2966.519008 76.066346 
2968.447824 76.008895 
2970.376640 75.962823 
2972.305456 75.798056 
2974.234272 75.562429 
2976.163088 75.256484 
2978.091904 75.038523 
2980.020720 75.224563 
2981.949536 75.810855 
2983.878352 76.370023 
2985.807168 76.678187 
2987.735984 76.841632 
2989.664800 77.016617 
2991.593616 77.197508 
2993.522432 77.358031 
2995.451248 77.490387 
2997.380064 77.521248 
2999.308880 77.420947 
3001.237696 77.265692 
3003.166512 77.099985 
3005.095328 77.045957 
3007.024144 77.019124 
3008.952960 76.955702 
3010.881776 76.849505 
3012.810592 76.796129 
3014.739408 76.790845 
3016.668224 76.803031 
3018.597040 76.770262 
3020.525856 76.667902 
3022.454672 76.512884 
3024.383488 76.312417 
3026.312304 76.053952 
3028.241120 75.731360 
3030.169936 75.251312 
3032.098752 74.849713 
3034.027568 74.547615 
3035.956384 74.225827 
3037.885200 73.894224 
3039.814016 73.650326 
3041.742832 73.597375 
3043.671648 73.697226 
3045.600464 73.863073 
3047.529280 74.005817 
3049.458096 74.054743 
3051.386912 74.020772 
3053.315728 73.843958 
3055.244544 73.499262 
3057.173360 73.099415 
3059.102176 72.751715 
3061.030992 72.502540 
3062.959808 72.525773 
3064.888624 72.934754 
3066.817440 73.632319 
3068.746256 74.338340 
3070.675072 74.899961 
3072.603888 75.319109 
3074.532704 75.617823 
3076.461520 75.842632 
3078.390336 76.053937 
3080.319152 76.257660 
3082.247968 76.494657 
3084.176784 76.746076 
3086.105600 76.973730 
3088.034416 77.139505 
3089.963232 77.272089 
3091.892048 77.360975 
3093.820864 77.442466 
3095.749680 77.492477 
3097.678496 77.523665 
3099.607312 77.483903 
3101.536128 77.535842 
3103.464944 77.626692 
3105.393760 77.668265 
3107.322576 77.692134 
3109.251392 77.762007 
3111.180208 77.823951 
3113.109024 77.827412 
3115.037840 77.748466 
3116.966656 77.697819 
3118.895472 77.669216 
3120.824288 77.643077 
3122.753104 77.640950 
3124.681920 77.686680 
3126.610736 77.655216 
3128.539552 77.647104 
3130.468368 77.611071 
3132.397184 77.556666 
3134.326000 77.521900 
3136.254816 77.468939 
3138.183632 77.392782 
3140.112448 77.346670 
3142.041264 77.305566 
3143.970080 77.238722 
3145.898896 77.155229 
3147.827712 77.097198 
3149.756528 76.991804 
3151.685344 76.974638 
3153.614160 76.954921 
3155.542976 76.862614 
3157.471792 76.816549 
3159.400608 76.821529 
3161.329424 76.801925 
3163.258240 76.808622 
3165.187056 76.745264 
3167.115872 76.725345 
3169.044688 76.779784 
3170.973504 76.816293 
3172.902320 76.780985 
3174.831136 76.706384 
3176.759952 76.594281 
3178.688768 76.542191 
3180.617584 76.480139 
3182.546400 76.339211 
3184.475216 76.247900 
3186.404032 76.275208 
3188.332848 76.332563 
3190.261664 76.384163 
3192.190480 76.378336 
3194.119296 76.332223 
3196.048112 76.280329 
3197.976928 76.243472 
3199.905744 76.252803 
3201.834560 76.288460 
3203.763376 76.305920 
3205.692192 76.319982 
3207.621008 76.328209 
3209.549824 76.375703 
3211.478640 76.399781 
3213.407456 76.353438 
3215.336272 76.331443 
3217.265088 76.334060 
3219.193904 76.273899 
3221.122720 76.292342 
3223.051536 76.287346 
3224.980352 76.301058 
3226.909168 76.333889 
3228.837984 76.400960 
3230.766800 76.481208 
3232.695616 76.541515 
3234.624432 76.578309 
3236.553248 76.612365 
3238.482064 76.618178 
3240.410880 76.628974 
3242.339696 76.583473 
3244.268512 76.602329 
3246.197328 76.686488 
3248.126144 76.817845 
3250.054960 76.943456 
3251.983776 76.969291 
3253.912592 76.915543 
3255.841408 76.951499 
3257.770224 77.001747 
3259.699040 77.036251 
3261.627856 77.058523 
3263.556672 77.070873 
3265.485488 77.089194 
3267.414304 77.166720 
3269.343120 77.192351 
3271.271936 77.209353 
3273.200752 77.236172 
3275.129568 77.286629 
3277.058384 77.280122 
3278.987200 77.308157 
3280.916016 77.320674 
3282.844832 77.305212 
3284.773648 77.368459 
3286.702464 77.457626 
3288.631280 77.463477 
3290.560096 77.436254 
3292.488912 77.407866 
3294.417728 77.434979 
3296.346544 77.448106 
3298.275360 77.507642 
3300.204176 77.558930 
3302.132992 77.531857 
3304.061808 77.514818 
3305.990624 77.554170 
3307.919440 77.521403 
3309.848256 77.519519 
3311.777072 77.598438 
3313.705888 77.677630 
3315.634704 77.694211 
3317.563520 77.668704 
3319.492336 77.602612 
3321.421152 77.565003 
3323.349968 77.528795 
3325.278784 77.516171 
3327.207600 77.504430 
3329.136416 77.482856 
3331.065232 77.410186 
3332.994048 77.275990 
3334.922864 77.081829 
3336.851680 76.908478 
3338.780496 76.791066 
3340.709312 76.645507 
3342.638128 76.435062 
3344.566944 76.207786 
3346.495760 75.985420 
3348.424576 75.863778 
3350.353392 75.857605 
3352.282208 76.101614 
3354.211024 76.547121 
3356.139840 77.058701 
3358.068656 77.402884 
3359.997472 77.450293 
3361.926288 77.148541 
3363.855104 76.526819 
3365.783920 75.782540 
3367.712736 75.492230 
3369.641552 75.974102 
3371.570368 76.904728 
3373.499184 77.652075 
3375.428000 78.086817 
3377.356816 78.384368 
3379.285632 78.582107 
3381.214448 78.703407 
3383.143264 78.818488 
3385.072080 78.830660 
3387.000896 78.873673 
3388.929712 78.855381 
3390.858528 78.718311 
3392.787344 78.636143 
3394.716160 78.775241 
3396.644976 78.963114 
3398.573792 79.301613 
3400.502608 79.644385 
3402.431424 79.867555 
3404.360240 80.070290 
3406.289056 80.215402 
3408.217872 80.389197 
3410.146688 80.576040 
3412.075504 80.665446 
3414.004320 80.662196 
3415.933136 80.610345 
3417.861952 80.570771 
3419.790768 80.424079 
3421.719584 80.412449 
3423.648400 80.551126 
3425.577216 80.628851 
3427.506032 80.598860 
3429.434848 80.536466 
3431.363664 80.483473 
3433.292480 80.467682 
3435.221296 80.386717 
3437.150112 80.307155 
3439.078928 80.229979 
3441.007744 79.944683 
3442.936560 79.576923 
3444.865376 79.203692 
3446.794192 78.680339 
3448.723008 78.574841 
3450.651824 78.726497 
3452.580640 79.111083 
3454.509456 79.698276 
3456.438272 80.157120 
3458.367088 80.436496 
3460.295904 80.618344 
3462.224720 80.668186 
3464.153536 80.763215 
3466.082352 80.834906 
3468.011168 80.910658 
3469.939984 80.959361 
3471.868800 81.021606 
3473.797616 81.041123 
3475.726432 81.102388 
3477.655248 81.190411 
3479.584064 81.102550 
3481.512880 80.962739 
3483.441696 81.137574 
3485.370512 81.430868 
3487.299328 81.530373 
3489.228144 81.659165 
3491.156960 81.906277 
3493.085776 82.046710 
3495.014592 82.048805 
3496.943408 82.062739 
3498.872224 82.114743 
3500.801040 81.880712 
3502.729856 81.660715 
3504.658672 81.940146 
3506.587488 82.252214 
3508.516304 82.095349 
3510.445120 82.121998 
3512.373936 82.441390 
3514.302752 82.710996 
3516.231568 82.772463 
3518.160384 82.703305 
3520.089200 82.589630 
3522.018016 82.143167 
3523.946832 81.794710 
3525.875648 81.875840 
3527.804464 81.931953 
3529.733280 82.250020 
3531.662096 82.591183 
3533.590912 82.723524 
3535.519728 82.611304 
3537.448544 82.777853 
3539.377360 82.956656 
3541.306176 82.781560 
3543.234992 82.305606 
3545.163808 81.797750 
3547.092624 81.931173 
3549.021440 82.443464 
3550.950256 82.427221 
3552.879072 82.321044 
3554.807888 82.730445 
3556.736704 83.053194 
3558.665520 83.022940 
3560.594336 82.741324 
3562.523152 82.255543 
3564.451968 81.249776 
3566.380784 80.170893 
3568.309600 81.171385 
3570.238416 82.451753 
3572.167232 82.833714 
3574.096048 82.744546 
3576.024864 82.768822 
3577.953680 82.925463 
3579.882496 82.961131 
3581.811312 82.828821 
3583.740128 82.480270 
3585.668944 81.644730 
3587.597760 81.152363 
3589.526576 82.247120 
3591.455392 82.710790 
3593.384208 82.203783 
3595.313024 81.836422 
3597.241840 82.090686 
3599.170656 82.289963 
3601.099472 82.467248 
3603.028288 82.755720 
3604.957104 82.654997 
3606.885920 81.930221 
3608.814736 81.686247 
3610.743552 81.907213 
3612.672368 81.434421 
3614.601184 81.229164 
3616.530000 81.329844 
3618.458816 81.168432 
3620.387632 81.955974 
3622.316448 82.709265 
3624.245264 82.753647 
3626.174080 81.888619 
3628.102896 80.143247 
3630.031712 80.718013 
3631.960528 81.859651 
3633.889344 82.212376 
3635.818160 82.574052 
3637.746976 82.802942 
3639.675792 82.905891 
3641.604608 82.767865 
3643.533424 82.441636 
3645.462240 81.505206 
3647.391056 79.428040 
3649.319872 78.457582 
3651.248688 80.382879 
3653.177504 81.819092 
3655.106320 81.679448 
3657.035136 81.895522 
3658.963952 82.720966 
3660.892768 83.220967 
3662.821584 83.365916 
3664.750400 83.261638 
3666.679216 82.891785 
3668.608032 81.614068 
3670.536848 80.936793 
3672.465664 81.494500 
3674.394480 80.285062 
3676.323296 80.258316 
3678.252112 81.860695 
3680.180928 82.817808 
3682.109744 83.297051 
3684.038560 83.144828 
3685.967376 82.518896 
3687.896192 81.120060 
3689.825008 80.562038 
3691.753824 81.962523 
3693.682640 82.984802 
3695.611456 83.213495 
3697.540272 83.322167 
3699.469088 83.194728 
3701.397904 82.961900 
3703.326720 83.286182 
3705.255536 83.335393 
3707.184352 82.772602 
3709.113168 81.645337 
3711.041984 80.704312 
3712.970800 81.875890 
3714.899616 82.828230 
3716.828432 83.030504 
3718.757248 82.779148 
3720.686064 82.420222 
3722.614880 82.239281 
3724.543696 82.272016 
3726.472512 82.557830 
3728.401328 83.013702 
3730.330144 82.629950 
3732.258960 81.340501 
3734.187776 80.150778 
3736.116592 80.381118 
3738.045408 81.635489 
3739.974224 82.167623 
3741.903040 82.031479 
3743.831856 81.097987 
3745.760672 80.689089 
3747.689488 80.605809 
3749.618304 79.655588 
3751.547120 79.841957 
3753.475936 81.245190 
3755.404752 81.947765 
3757.333568 81.854066 
3759.262384 81.816582 
3761.191200 82.503574 
3763.120016 82.684282 
3765.048832 82.232844 
3766.977648 82.166625 
3768.906464 82.063401 
3770.835280 82.430361 
3772.764096 83.124891 
3774.692912 83.352925 
3776.621728 83.063698 
3778.550544 82.383094 
3780.479360 82.486991 
3782.408176 82.802670 
3784.336992 82.565682 
3786.265808 82.811842 
3788.194624 83.283932 
3790.123440 83.455297 
3792.052256 83.462834 
3793.981072 83.101755 
3795.909888 82.339437 
3797.838704 81.986306 
3799.767520 81.346119 
3801.696336 80.537918 
3803.625152 81.598677 
3805.553968 81.904471 
3807.482784 82.137842 
3809.411600 82.842271 
3811.340416 83.173919 
3813.269232 82.883358 
3815.198048 81.807148 
3817.126864 81.438217 
3819.055680 81.155392 
3820.984496 80.477043 
3822.913312 81.724046 
3824.842128 82.246337 
3826.770944 82.316760 
3828.699760 82.592180 
3830.628576 82.472897 
3832.557392 82.119715 
3834.486208 81.753755 
3836.415024 80.853350 
3838.343840 80.074542 
3840.272656 80.636255 
3842.201472 81.703663 
3844.130288 82.381976 
3846.059104 82.781957 
3847.987920 82.627277 
3849.916736 81.807166 
3851.845552 79.937298 
3853.774368 79.484469 
3855.703184 81.239795 
3857.632000 81.978125 
3859.560816 82.371247 
3861.489632 81.934510 
3863.418448 81.217999 
3865.347264 81.393447 
3867.276080 81.656134 
3869.204896 80.826396 
3871.133712 81.099847 
3873.062528 81.626643 
3874.991344 82.181334 
3876.920160 82.738830 
3878.848976 82.218344 
3880.777792 81.676241 
3882.706608 81.901146 
3884.635424 81.642426 
3886.564240 82.043013 
3888.493056 82.520845 
3890.421872 81.967957 
3892.350688 81.873197 
3894.279504 82.463261 
3896.208320 82.548043 
3898.137136 81.812996 
3900.065952 81.014547 
3901.994768 80.649914 
3903.923584 80.656502 
3905.852400 81.688133 
3907.781216 82.648750 
3909.710032 83.017638 
3911.638848 83.022109 
3913.567664 82.876946 
3915.496480 82.389510 
3917.425296 81.982489 
3919.354112 82.196497 
3921.282928 82.444077 
3923.211744 82.268318 
3925.140560 82.176664 
3927.069376 82.516029 
3928.998192 82.265886 
3930.927008 81.857604 
3932.855824 82.074050 
3934.784640 82.658373 
3936.713456 82.859407 
3938.642272 82.857894 
3940.571088 82.665626 
3942.499904 82.329154 
3944.428720 82.495593 
3946.357536 82.535300 
3948.286352 82.267864 
3950.215168 82.440779 
3952.143984 82.736029 
3954.072800 82.872489 
3956.001616 82.821762 
3957.930432 82.805381 
3959.859248 82.803632 
3961.788064 82.786847 
3963.716880 82.979350 
3965.645696 83.184458 
3967.574512 83.116359 
3969.503328 82.988856 
3971.432144 82.994052 
3973.360960 82.968365 
3975.289776 82.937085 
3977.218592 83.051931 
3979.147408 83.119158 
3981.076224 83.074098 
3983.005040 83.105651 
3984.933856 83.171752 
3986.862672 83.141108 
3988.791488 83.039348 
3990.720304 82.930609 
3992.649120 83.011590 
3994.577936 83.074173 
3996.506752 83.091646 
3998.435568 83.116796 
4000.364384 83.108315 