##YUNITS=%T
399.264912 73.030071 
401.193728 120.832805 
403.122544 126.856748 
405.051360 114.771081 
406.980176 72.139518 
408.908992 69.892720 
410.837808 75.297670 
412.766624 72.049669 
414.695440 64.594673 
416.624256 56.070555 
418.553072 50.063547 
420.481888 75.709842 
422.410704 135.215964 
424.339520 158.133293 
426.268336 153.137265 
428.197152 103.188001 
430.125968 145.292448 
432.054784 194.920409 
433.983600 121.129066 
435.912416 93.017331 
437.841232 87.565738 
439.770048 112.035822 
441.698864 126.123409 
443.627680 154.661293 
445.556496 139.712858 
447.485312 103.742934 
449.414128 83.091494 
451.342944 124.970884 
453.271760 175.233309 
455.200576 155.854219 
457.129392 109.570804 
459.058208 114.273910 
460.987024 105.172687 
462.915840 104.512658 
464.844656 112.413592 
466.773472 112.705072 
468.702288 132.502038 
470.631104 115.284141 
472.559920 106.273986 
474.488736 87.289037 
476.417552 85.764030 
478.346368 103.922247 
480.275184 111.524076 
482.204000 111.435554 
484.132816 100.105568 
486.061632 86.169863 
487.990448 109.362291 
489.919264 107.788991 
491.848080 130.787962 
493.776896 131.261070 
495.705712 105.389895 
497.634528 79.502054 
499.563344 99.406764 
501.492160 85.742670 
503.420976 124.853558 
505.349792 161.328723 
507.278608 93.555668 
509.207424 88.483602 
511.136240 137.133202 
513.065056 100.280334 
514.993872 104.756832 
516.922688 113.936408 
518.851504 96.803128 
520.780320 84.755436 
522.709136 79.108935 
524.637952 77.714907 
526.566768 92.915289 
528.495584 103.099115 
530.424400 96.842299 
532.353216 104.308063 
534.282032 97.126873 
536.210848 81.296622 
538.139664 66.686720 
540.068480 57.539930 
541.997296 62.920958 
543.926112 80.243645 
545.854928 85.590803 
547.783744 64.437291 
549.712560 64.471383 
551.641376 71.268133 
553.570192 82.239599 
555.499008 72.432143 
557.427824 49.853509 
559.356640 66.965315 
561.285456 80.620872 
563.214272 80.365129 
565.143088 84.893463 
567.071904 86.579138 
569.000720 90.494453 
570.929536 92.708894 
572.858352 84.422842 
574.787168 73.743513 
576.715984 71.114987 
578.644800 69.926265 
580.573616 74.615458 
582.502432 76.788383 
584.431248 74.038797 
586.360064 74.906156 
588.288880 75.289100 
590.217696 74.023698 
592.146512 69.773856 
594.075328 68.838311 
596.004144 70.326014 
597.932960 69.104673 
599.861776 65.812701 
601.790592 64.179089 
603.719408 63.782143 
605.648224 66.141329 
607.577040 71.185565 
609.505856 72.454263 
611.434672 70.174839 
613.363488 69.137544 
615.292304 68.459673 
617.221120 67.226676 
619.149936 62.205731 
621.078752 60.167437 
623.007568 61.399583 
624.936384 62.397007 
626.865200 60.935224 
628.794016 61.553630 
630.722832 62.284422 
632.651648 62.246809 
634.580464 62.473646 
636.509280 60.847599 
638.438096 56.452956 
640.366912 55.481106 
642.295728 58.450028 
644.224544 58.060140 
646.153360 55.731321 
648.082176 58.282634 
650.010992 62.612472 
651.939808 64.143367 
653.868624 63.867674 
655.797440 63.066032 
657.726256 61.043315 
659.655072 59.578103 
661.583888 59.850044 
663.512704 59.915881 
665.441520 59.108605 
667.370336 59.358440 
669.299152 59.695022 
671.227968 58.882608 
673.156784 58.910650 
675.085600 58.927334 
677.014416 58.349467 
678.943232 57.750932 
680.872048 56.583661 
682.800864 54.632427 
684.729680 52.416594 
686.658496 49.690627 
688.587312 46.347873 
690.516128 44.357117 
692.444944 44.254185 
694.373760 44.944573 
696.302576 46.218050 
698.231392 47.729839 
700.160208 48.172477 
702.089024 48.346051 
704.017840 48.914111 
705.946656 51.578793 
707.875472 55.817225 
709.804288 58.163985 
711.733104 58.345228 
713.661920 57.846958 
715.590736 57.021707 
717.519552 56.024923 
719.448368 55.241564 
721.377184 54.269625 
723.306000 53.004463 
725.234816 51.719005 
727.163632 50.228879 
729.092448 48.384244 
731.021264 46.183509 
732.950080 43.802178 
734.878896 41.175146 
736.807712 37.931730 
738.736528 34.161958 
740.665344 30.089717 
742.594160 26.324306 
744.522976 25.026044 
746.451792 26.155055 
748.380608 27.318544 
750.309424 26.758513 
752.238240 24.785368 
754.167056 24.700565 
756.095872 25.892747 
758.024688 25.756533 
759.953504 25.952659 
761.882320 28.362930 
763.811136 31.871773 
765.739952 35.636582 
767.668768 40.510089 
769.597584 44.974231 
771.526400 47.632950 
773.455216 48.684048 
775.384032 48.953702 
777.312848 48.819093 
779.241664 48.273906 
781.170480 46.614097 
783.099296 43.383605 
785.028112 39.755086 
786.956928 38.830346 
788.885744 41.315319 
790.814560 44.517280 
792.743376 46.926906 
794.672192 48.928111 
796.601008 51.668629 
798.529824 55.976253 
800.458640 58.713672 
802.387456 58.931182 
804.316272 58.033425 
806.245088 56.613463 
808.173904 54.876731 
810.102720 53.070818 
812.031536 50.699413 
813.960352 47.525504 
815.889168 44.328783 
817.817984 42.302581 
819.746800 42.142832 
821.675616 43.157339 
823.604432 44.786236 
825.533248 49.278786 
827.462064 57.806665 
829.390880 65.544668 
831.319696 68.851108 
833.248512 69.467908 
835.177328 68.910262 
837.106144 67.688450 
839.034960 65.897772 
840.963776 63.366665 
842.892592 60.332805 
844.821408 57.291356 
846.750224 54.908392 
848.679040 54.292813 
850.607856 56.401598 
852.536672 60.502842 
854.465488 64.582667 
856.394304 67.380653 
858.323120 68.624386 
860.251936 68.599820 
862.180752 67.600220 
864.109568 65.304414 
866.038384 62.621561 
867.967200 62.185177 
869.896016 63.658858 
871.824832 64.306882 
873.753648 63.823553 
875.682464 64.121323 
877.611280 65.849546 
879.540096 67.493357 
881.468912 67.377122 
883.397728 65.728449 
885.326544 63.839678 
887.255360 62.622241 
889.184176 62.232197 
891.112992 62.754917 
893.041808 63.935010 
894.970624 64.392364 
896.899440 63.582171 
898.828256 61.828970 
900.757072 59.677497 
902.685888 57.687924 
904.614704 56.817308 
906.543520 57.886592 
908.472336 59.803857 
910.401152 61.283626 
912.329968 62.006936 
914.258784 62.099474 
916.187600 61.670679 
918.116416 60.895151 
920.045232 59.853000 
921.974048 58.499943 
923.902864 57.139606 
925.831680 55.864444 
927.760496 54.801897 
929.689312 53.757013 
931.618128 52.357157 
933.546944 50.303024 
935.475760 47.620687 
937.404576 44.923601 
939.333392 43.482928 
941.262208 43.937696 
943.191024 45.926597 
945.119840 48.095440 
947.048656 48.836003 
948.977472 47.798026 
950.906288 46.536703 
952.835104 46.014513 
954.763920 45.546644 
956.692736 45.633124 
958.621552 47.470414 
960.550368 49.713124 
962.479184 50.981974 
964.408000 51.848649 
966.336816 53.854859 
968.265632 57.421631 
970.194448 60.744162 
972.123264 62.054006 
974.052080 61.601752 
975.980896 60.962159 
977.909712 60.774564 
979.838528 60.441704 
981.767344 59.892412 
983.696160 59.901844 
985.624976 60.503532 
987.553792 60.523627 
989.482608 59.837585 
991.411424 58.721039 
993.340240 57.044389 
995.269056 54.573677 
997.197872 51.597014 
999.126688 48.180100 
1001.055504 43.990674 
1002.984320 39.231796 
1004.913136 35.311728 
1006.841952 33.434324 
1008.770768 33.564514 
1010.699584 35.186908 
1012.628400 38.678651 
1014.557216 44.264736 
1016.486032 50.411369 
1018.414848 54.342026 
1020.343664 55.265183 
1022.272480 54.283003 
1024.201296 53.401811 
1026.130112 52.927414 
1028.058928 52.429620 
1029.987744 52.822960 
1031.916560 53.791118 
1033.845376 54.234280 
1035.774192 53.944011 
1037.703008 53.384418 
1039.631824 53.542203 
1041.560640 54.699521 
1043.489456 55.665744 
1045.418272 55.065748 
1047.347088 52.990084 
1049.275904 49.799678 
1051.204720 47.110548 
1053.133536 46.399696 
1055.062352 46.792081 
1056.991168 47.840813 
1058.919984 50.057261 
1060.848800 52.447210 
1062.777616 53.664539 
1064.706432 53.632444 
1066.635248 52.853510 
1068.564064 51.721107 
1070.492880 50.938381 
1072.421696 51.183793 
1074.350512 52.683385 
1076.279328 54.314690 
1078.208144 54.904171 
1080.136960 53.656728 
1082.065776 50.883738 
1083.994592 48.571130 
1085.923408 49.242448 
1087.852224 52.348752 
1089.781040 55.781608 
1091.709856 57.767715 
1093.638672 57.356575 
1095.567488 54.864320 
1097.496304 50.899687 
1099.425120 45.963353 
1101.353936 42.559792 
1103.282752 42.958354 
1105.211568 45.193121 
1107.140384 46.807235 
1109.069200 47.511618 
1110.998016 47.297717 
1112.926832 47.127100 
1114.855648 49.079385 
1116.784464 53.409486 
1118.713280 57.542393 
1120.642096 60.028378 
1122.570912 61.416883 
1124.499728 62.722429 
1126.428544 63.906667 
1128.357360 64.819611 
1130.286176 65.314560 
1132.214992 65.365265 
1134.143808 65.057834 
1136.072624 64.824323 
1138.001440 64.190251 
1139.930256 62.919468 
1141.859072 60.351538 
1143.787888 56.205323 
1145.716704 51.449354 
1147.645520 49.019022 
1149.574336 50.478191 
1151.503152 54.159717 
1153.431968 58.605981 
1155.360784 62.727995 
1157.289600 65.027910 
1159.218416 65.781705 
1161.147232 65.913836 
1163.076048 65.813471 
1165.004864 65.160244 
1166.933680 64.153287 
1168.862496 63.264616 
1170.791312 62.395235 
1172.720128 60.937356 
1174.648944 59.559768 
1176.577760 58.504264 
1178.506576 57.920964 
1180.435392 57.811259 
1182.364208 57.790346 
1184.293024 57.238595 
1186.221840 56.101714 
1188.150656 54.382280 
1190.079472 52.162084 
1192.008288 49.597565 
1193.937104 47.468790 
1195.865920 46.382561 
1197.794736 46.346742 
1199.723552 46.814922 
1201.652368 46.374756 
1203.581184 44.411055 
1205.510000 42.512457 
1207.438816 42.003103 
1209.367632 42.966003 
1211.296448 44.989539 
1213.225264 46.739742 
1215.154080 46.705996 
1217.082896 45.117376 
1219.011712 43.160059 
1220.940528 41.624168 
1222.869344 40.098737 
1224.798160 38.888608 
1226.726976 39.410047 
1228.655792 42.114917 
1230.584608 45.628910 
1232.513424 48.752537 
1234.442240 51.375197 
1236.371056 53.659553 
1238.299872 55.622016 
1240.228688 57.197109 
1242.157504 57.963868 
1244.086320 58.014131 
1246.015136 57.519973 
1247.943952 56.557704 
1249.872768 55.012933 
1251.801584 52.838665 
1253.730400 49.780890 
1255.659216 45.890078 
1257.588032 41.947717 
1259.516848 39.673554 
1261.445664 39.963592 
1263.374480 41.204546 
1265.303296 41.150501 
1267.232112 39.145600 
1269.160928 35.761575 
1271.089744 32.472886 
1273.018560 30.287277 
1274.947376 28.135459 
1276.876192 25.546115 
1278.805008 23.592196 
1280.733824 22.841419 
1282.662640 23.662599 
1284.591456 25.911044 
1286.520272 29.024567 
1288.449088 32.383918 
1290.377904 35.973388 
1292.306720 39.892504 
1294.235536 43.836123 
1296.164352 47.550101 
1298.093168 50.712289 
1300.021984 52.742410 
1301.950800 54.294051 
1303.879616 55.606233 
1305.808432 56.012871 
1307.737248 55.504509 
1309.666064 54.957650 
1311.594880 54.929932 
1313.523696 55.187100 
1315.452512 55.216181 
1317.381328 55.711982 
1319.310144 57.632846 
1321.238960 59.550305 
1323.167776 59.839654 
1325.096592 58.849486 
1327.025408 57.493901 
1328.954224 56.152094 
1330.883040 54.510342 
1332.811856 53.225440 
1334.740672 53.512864 
1336.669488 55.335084 
1338.598304 57.857700 
1340.527120 60.420596 
1342.455936 61.514238 
1344.384752 60.967677 
1346.313568 59.399601 
1348.242384 57.660963 
1350.171200 56.238926 
1352.100016 54.350839 
1354.028832 51.742420 
1355.957648 49.529935 
1357.886464 48.238764 
1359.815280 47.098699 
1361.744096 45.447818 
1363.672912 43.867017 
1365.601728 43.291108 
1367.530544 42.787966 
1369.459360 41.425324 
1371.388176 39.626206 
1373.316992 37.763420 
1375.245808 36.895347 
1377.174624 39.385877 
1379.103440 45.600997 
1381.032256 52.462041 
1382.961072 56.657038 
1384.889888 57.723548 
1386.818704 56.669630 
1388.747520 54.545421 
1390.676336 52.286149 
1392.605152 49.395275 
1394.533968 45.564685 
1396.462784 42.111533 
1398.391600 40.897766 
1400.320416 41.517817 
1402.249232 43.811756 
1404.178048 47.810112 
1406.106864 53.083385 
1408.035680 56.549000 
1409.964496 58.165617 
1411.893312 58.229677 
1413.822128 57.460134 
1415.750944 56.213552 
1417.679760 55.023300 
1419.608576 54.560244 
1421.537392 54.361785 
1423.466208 53.545426 
1425.395024 53.016587 
1427.323840 53.085869 
1429.252656 53.140408 
1431.181472 52.519387 
1433.110288 50.868365 
1435.039104 48.530364 
1436.967920 45.207451 
1438.896736 42.621734 
1440.825552 40.602354 
1442.754368 38.945975 
1444.683184 38.851008 
1446.612000 40.724015 
1448.540816 44.544660 
1450.469632 46.714241 
1452.398448 46.232101 
1454.327264 43.660140 
1456.256080 38.085931 
1458.184896 28.873834 
1460.113712 24.344370 
1462.042528 23.740799 
1463.971344 27.888689 
1465.900160 39.058958 
1467.828976 48.511563 
1469.757792 54.394576 
1471.686608 54.575002 
1473.615424 49.960877 
1475.544240 49.260719 
1477.473056 51.954125 
1479.401872 53.657749 
1481.330688 52.743946 
1483.259504 50.970125 
1485.188320 50.843904 
1487.117136 54.557349 
1489.045952 60.296189 
1490.974768 64.518783 
1492.903584 65.494036 
1494.832400 64.305977 
1496.761216 61.357327 
1498.690032 57.905690 
1500.618848 54.160158 
1502.547664 50.430841 
1504.476480 47.351692 
1506.405296 45.154350 
1508.334112 45.939489 
1510.262928 48.035185 
1512.191744 50.190291 
1514.120560 52.453389 
1516.049376 54.917900 
1517.978192 58.947715 
1519.907008 60.512431 
1521.835824 61.720886 
1523.764640 61.979595 
1525.693456 61.133874 
1527.622272 59.222655 
1529.551088 57.161149 
1531.479904 54.519572 
1533.408720 50.767257 
1535.337536 48.532575 
1537.266352 47.694465 
1539.195168 46.668033 
1541.123984 46.630799 
1543.052800 46.421054 
1544.981616 45.243593 
1546.910432 43.757787 
1548.839248 41.568887 
1550.768064 38.629531 
1552.696880 36.637064 
1554.625696 34.583689 
1556.554512 33.167494 
1558.483328 34.510003 
1560.412144 36.911311 
1562.340960 38.592643 
1564.269776 41.560354 
1566.198592 45.057003 
1568.127408 46.621113 
1570.056224 46.383461 
1571.985040 44.485538 
1573.913856 41.811770 
1575.842672 38.568069 
1577.771488 37.139743 
1579.700304 37.309817 
1581.629120 36.833974 
1583.557936 36.109214 
1585.486752 36.600152 
1587.415568 38.859521 
1589.344384 41.880502 
1591.273200 44.684495 
1593.202016 46.991216 
1595.130832 48.492381 
1597.059648 47.813740 
1598.988464 44.405990 
1600.917280 40.122450 
1602.846096 37.687851 
1604.774912 38.358937 
1606.703728 40.763277 
1608.632544 43.647431 
1610.561360 46.283757 
1612.490176 48.511505 
1614.418992 50.231900 
1616.347808 52.597470 
1618.276624 54.898034 
1620.205440 55.518118 
1622.134256 55.669230 
1624.063072 55.903012 
1625.991888 55.285139 
1627.920704 52.638851 
1629.849520 48.740815 
1631.778336 44.373610 
1633.707152 39.796838 
1635.635968 33.329387 
1637.564784 29.055074 
1639.493600 28.078041 
1641.422416 28.921237 
1643.351232 30.885131 
1645.280048 33.710851 
1647.208864 39.884762 
1649.137680 44.312209 
1651.066496 46.224907 
1652.995312 53.562611 
1654.924128 63.570204 
1656.852944 68.245168 
1658.781760 73.570275 
1660.710576 77.494544 
1662.639392 80.828867 
1664.568208 83.446258 
1666.497024 84.481639 
1668.425840 84.471554 
1670.354656 85.260425 
1672.283472 86.101657 
1674.212288 86.379127 
1676.141104 86.532151 
1678.069920 86.487825 
1679.998736 85.453533 
1681.927552 84.454606 
1683.856368 82.969947 
1685.785184 83.446296 
1687.714000 83.163118 
1689.642816 82.405879 
1691.571632 81.963637 
1693.500448 81.730413 
1695.429264 81.622868 
1697.358080 82.758997 
1699.286896 83.272375 
1701.215712 84.419686 
1703.144528 84.581278 
1705.073344 84.431487 
1707.002160 84.883676 
1708.930976 85.420334 
1710.859792 85.425148 
1712.788608 85.146120 
1714.717424 84.248179 
1716.646240 84.045952 
1718.575056 85.749356 
1720.503872 87.198837 
1722.432688 87.585279 
1724.361504 88.057019 
1726.290320 88.360643 
1728.219136 88.179266 
1730.147952 87.581165 
1732.076768 87.034852 
1734.005584 86.705886 
1735.934400 87.763912 
1737.863216 87.695362 
1739.792032 87.476383 
1741.720848 87.348676 
1743.649664 87.073196 
1745.578480 86.821869 
1747.507296 86.317638 
1749.436112 86.087568 
1751.364928 86.833043 
1753.293744 87.434365 
1755.222560 87.340968 
1757.151376 86.999369 
1759.080192 87.018594 
1761.009008 86.708399 
1762.937824 86.978133 
1764.866640 87.204440 
1766.795456 86.888329 
1768.724272 86.364023 
1770.653088 85.747492 
1772.581904 85.537223 
1774.510720 86.241460 
1776.439536 86.478171 
1778.368352 86.420874 
1780.297168 86.167281 
1782.225984 86.382713 
1784.154800 86.376915 
1786.083616 86.581005 
1788.012432 86.520994 
1789.941248 85.900651 
1791.870064 85.397015 
1793.798880 85.924984 
1795.727696 86.065876 
1797.656512 86.119798 
1799.585328 85.881793 
1801.514144 85.959544 
1803.442960 86.326652 
1805.371776 86.453199 
1807.300592 86.181931 
1809.229408 85.870440 
1811.158224 85.661039 
1813.087040 85.946050 
1815.015856 86.011195 
1816.944672 85.824758 
1818.873488 85.678130 
1820.802304 85.569182 
1822.731120 85.132148 
1824.659936 84.801355 
1826.588752 84.678125 
1828.517568 84.232360 
1830.446384 84.282400 
1832.375200 84.944623 
1834.304016 84.918078 
1836.232832 84.643270 
1838.161648 84.435204 
1840.090464 84.345156 
1842.019280 83.704343 
1843.948096 83.333424 
1845.876912 83.738252 
1847.805728 84.255233 
1849.734544 84.679065 
1851.663360 84.990561 
1853.592176 85.102796 
1855.520992 85.265515 
1857.449808 85.260774 
1859.378624 85.333723 
1861.307440 85.444348 
1863.236256 85.562790 
1865.165072 85.102006 
1867.093888 84.267533 
1869.022704 83.992694 
1870.951520 84.570531 
1872.880336 84.671596 
1874.809152 84.542136 
1876.737968 84.238713 
1878.666784 84.048067 
1880.595600 83.920017 
1882.524416 83.919719 
1884.453232 83.964712 
1886.382048 84.048412 
1888.310864 83.746290 
1890.239680 83.793167 
1892.168496 83.979101 
1894.097312 83.861144 
1896.026128 83.782402 
1897.954944 83.926829 
1899.883760 83.800807 
1901.812576 83.676167 
1903.741392 83.486200 
1905.670208 83.274988 
1907.599024 82.932261 
1909.527840 82.903135 
1911.456656 83.010733 
1913.385472 82.939774 
1915.314288 82.455467 
1917.243104 82.053620 
1919.171920 81.950593 
1921.100736 81.743709 
1923.029552 81.539874 
1924.958368 81.922353 
1926.887184 82.098292 
1928.816000 82.273309 
1930.744816 82.311517 
1932.673632 82.399187 
1934.602448 82.372523 
1936.531264 82.419965 
1938.460080 82.320270 
1940.388896 82.104092 
1942.317712 81.820454 
1944.246528 81.883938 
1946.175344 81.741651 
1948.104160 81.672769 
1950.032976 81.628983 
1951.961792 81.799292 
1953.890608 81.825086 
1955.819424 82.128425 
1957.748240 82.173889 
1959.677056 82.115403 
1961.605872 81.700418 
1963.534688 81.536617 
1965.463504 81.343078 
1967.392320 81.701801 
1969.321136 82.101929 
1971.249952 82.477808 
1973.178768 82.448204 
1975.107584 82.389679 
1977.036400 82.130048 
1978.965216 82.197044 
1980.894032 82.301117 
1982.822848 82.347328 
1984.751664 82.243754 
1986.680480 82.308758 
1988.609296 82.195269 
1990.538112 82.118981 
1992.466928 81.908508 
1994.395744 82.072694 
1996.324560 81.971515 
1998.253376 82.031301 
2000.182192 82.166071 
2002.111008 82.401869 
2004.039824 82.497014 
2005.968640 82.577008 
2007.897456 82.354329 
2009.826272 82.398817 
2011.755088 82.330279 
2013.683904 82.253730 
2015.612720 82.064903 
2017.541536 82.349844 
2019.470352 82.533232 
2021.399168 82.620973 
2023.327984 82.558570 
2025.256800 82.666364 
2027.185616 82.570730 
2029.114432 82.651994 
2031.043248 82.588122 
2032.972064 82.534040 
2034.900880 82.332692 
2036.829696 82.341651 
2038.758512 82.209906 
2040.687328 82.259546 
2042.616144 82.378276 
2044.544960 82.648389 
2046.473776 82.539762 
2048.402592 82.395195 
2050.331408 82.306791 
2052.260224 82.419567 
2054.189040 82.482585 
2056.117856 82.630202 
2058.046672 82.598248 
2059.975488 82.609397 
2061.904304 82.463448 
2063.833120 82.327871 
2065.761936 82.242247 
2067.690752 82.317809 
2069.619568 82.259486 
2071.548384 82.322671 
2073.477200 82.276871 
2075.406016 82.228567 
2077.334832 82.173585 
2079.263648 82.181096 
2081.192464 82.164840 
2083.121280 82.327469 
2085.050096 82.427372 
2086.978912 82.536005 
2088.907728 82.531067 
2090.836544 82.588535 
2092.765360 82.701572 
2094.694176 82.776211 
2096.622992 82.731477 
2098.551808 82.733660 
2100.480624 82.643970 
2102.409440 82.648430 
2104.338256 82.623596 
2106.267072 82.652529 
2108.195888 82.594324 
2110.124704 82.565584 
2112.053520 82.489864 
2113.982336 82.581461 
2115.911152 82.615536 
2117.839968 82.660891 
2119.768784 82.630320 
2121.697600 82.724416 
2123.626416 82.700497 
2125.555232 82.696790 
2127.484048 82.626971 
2129.412864 82.679361 
2131.341680 82.691895 
2133.270496 82.572380 
2135.199312 82.355440 
2137.128128 82.453502 
2139.056944 82.470545 
2140.985760 82.542335 
2142.914576 82.463457 
2144.843392 82.369097 
2146.772208 82.209332 
2148.701024 82.305705 
2150.629840 82.264828 
2152.558656 82.418298 
2154.487472 82.529337 
2156.416288 82.784728 
2158.345104 82.552364 
2160.273920 82.050179 
2162.202736 81.613601 
2164.131552 81.554380 
2166.060368 81.636697 
2167.989184 81.721051 
2169.918000 81.548638 
2171.846816 81.543753 
2173.775632 81.477952 
2175.704448 81.371966 
2177.633264 81.220154 
2179.562080 81.240604 
2181.490896 81.246896 
2183.419712 81.498503 
2185.348528 81.541301 
2187.277344 81.559968 
2189.206160 81.529415 
2191.134976 81.581431 
2193.063792 81.509562 
2194.992608 81.481288 
2196.921424 81.484415 
2198.850240 81.702384 
2200.779056 81.666455 
2202.707872 81.533620 
2204.636688 81.444403 
2206.565504 81.395628 
2208.494320 81.269605 
2210.423136 81.349107 
2212.351952 81.478854 
2214.280768 81.618162 
2216.209584 81.638810 
2218.138400 81.790322 
2220.067216 81.906683 
2221.996032 81.978805 
2223.924848 81.862786 
2225.853664 81.859482 
2227.782480 81.883295 
2229.711296 82.014488 
2231.640112 82.046277 
2233.568928 82.083484 
2235.497744 82.148970 
2237.426560 82.152151 
2239.355376 82.079320 
2241.284192 82.090204 
2243.213008 82.043369 
2245.141824 81.971731 
2247.070640 81.884404 
2248.999456 81.997117 
2250.928272 82.038957 
2252.857088 81.975269 
2254.785904 81.790654 
2256.714720 81.726162 
2258.643536 81.646347 
2260.572352 81.581995 
2262.501168 81.579432 
2264.429984 81.683369 
2266.358800 81.685177 
2268.287616 81.840278 
2270.216432 81.986413 
2272.145248 82.030532 
2274.074064 81.935910 
2276.002880 82.018073 
2277.931696 82.125695 
2279.860512 82.168823 
2281.789328 82.188547 
2283.718144 82.310689 
2285.646960 82.435365 
2287.575776 82.615244 
2289.504592 82.696285 
2291.433408 82.786964 
2293.362224 82.844382 
2295.291040 82.877425 
2297.219856 82.819569 
2299.148672 82.812694 
2301.077488 82.946323 
2303.006304 83.130632 
2304.935120 83.273604 
2306.863936 83.471020 
2308.792752 83.593633 
2310.721568 83.770159 
2312.650384 83.934626 
2314.579200 84.167624 
2316.508016 84.399719 
2318.436832 84.698705 
2320.365648 84.913115 
2322.294464 85.095685 
2324.223280 85.431024 
2326.152096 85.932419 
2328.080912 86.220985 
2330.009728 86.436882 
2331.938544 86.558080 
2333.867360 86.750063 
2335.796176 86.853527 
2337.724992 86.956602 
2339.653808 86.922821 
2341.582624 86.917021 
2343.511440 86.737195 
2345.440256 86.371785 
2347.369072 85.825642 
2349.297888 85.744816 
2351.226704 86.255562 
2353.155520 87.083853 
2355.084336 87.791073 
2357.013152 88.349412 
2358.941968 88.639176 
2360.870784 88.734479 
2362.799600 88.340768 
2364.728416 87.926634 
2366.657232 87.411962 
2368.586048 86.784134 
2370.514864 86.030390 
2372.443680 85.377271 
2374.372496 84.793776 
2376.301312 84.275274 
2378.230128 83.723555 
2380.158944 83.261161 
2382.087760 82.882244 
2384.016576 82.624503 
2385.945392 82.481551 
2387.874208 82.453345 
2389.803024 82.421477 
2391.731840 82.403136 
2393.660656 82.385538 
2395.589472 82.366222 
2397.518288 82.271183 
2399.447104 82.185132 
2401.375920 82.032604 
2403.304736 81.933111 
2405.233552 81.825768 
2407.162368 81.767773 
2409.091184 81.738562 
2411.020000 81.749196 
2412.948816 81.702515 
2414.877632 81.624428 
2416.806448 81.539819 
2418.735264 81.503323 
2420.664080 81.491053 
2422.592896 81.557991 
2424.521712 81.621918 
2426.450528 81.655640 
2428.379344 81.700559 
2430.308160 81.783491 
2432.236976 81.797056 
2434.165792 81.850252 
2436.094608 81.846491 
2438.023424 81.855799 
2439.952240 81.894466 
2441.881056 81.968467 
2443.809872 81.992036 
2445.738688 81.982607 
2447.667504 81.896853 
2449.596320 81.817656 
2451.525136 81.764700 
2453.453952 81.742891 
2455.382768 81.700767 
2457.311584 81.634161 
2459.240400 81.493103 
2461.169216 81.427069 
2463.098032 81.422107 
2465.026848 81.505987 
2466.955664 81.590463 
2468.884480 81.661458 
2470.813296 81.689199 
2472.742112 81.763120 
2474.670928 81.814105 
2476.599744 81.845509 
2478.528560 81.870883 
2480.457376 81.904972 
2482.386192 81.876340 
2484.315008 81.868858 
2486.243824 81.866025 
2488.172640 81.872151 
2490.101456 81.802901 
2492.030272 81.779903 
2493.959088 81.706698 
2495.887904 81.627278 
2497.816720 81.580870 
2499.745536 81.576605 
2501.674352 81.500190 
2503.603168 81.463599 
2505.531984 81.418510 
2507.460800 81.455544 
2509.389616 81.472733 
2511.318432 81.510971 
2513.247248 81.514892 
2515.176064 81.517116 
2517.104880 81.470182 
2519.033696 81.457482 
2520.962512 81.385677 
2522.891328 81.319948 
2524.820144 81.239732 
2526.748960 81.265568 
2528.677776 81.241971 
2530.606592 81.197540 
2532.535408 81.222486 
2534.464224 81.267348 
2536.393040 81.249256 
2538.321856 81.263089 
2540.250672 81.248814 
2542.179488 81.251702 
2544.108304 81.280269 
2546.037120 81.334242 
2547.965936 81.340441 
2549.894752 81.380367 
2551.823568 81.340203 
2553.752384 81.348885 
2555.681200 81.328526 
2557.610016 81.276141 
2559.538832 81.226569 
2561.467648 81.172927 
2563.396464 81.107433 
2565.325280 81.104942 
2567.254096 81.068763 
2569.182912 81.082760 
2571.111728 81.076574 
2573.040544 81.049698 
2574.969360 80.960478 
2576.898176 80.900617 
2578.826992 80.880904 
2580.755808 80.896149 
2582.684624 80.890294 
2584.613440 80.903200 
2586.542256 80.965298 
2588.471072 81.053327 
2590.399888 81.063632 
2592.328704 81.077539 
2594.257520 81.083467 
2596.186336 81.115098 
2598.115152 81.117314 
2600.043968 81.128693 
2601.972784 81.141775 
2603.901600 81.200056 
2605.830416 81.189045 
2607.759232 81.153594 
2609.688048 81.160457 
2611.616864 81.194105 
2613.545680 81.144478 
2615.474496 81.147530 
2617.403312 81.176071 
2619.332128 81.218857 
2621.260944 81.265847 
2623.189760 81.334228 
2625.118576 81.342003 
2627.047392 81.363002 
2628.976208 81.375905 
2630.905024 81.396135 
2632.833840 81.413416 
2634.762656 81.486470 
2636.691472 81.540023 
2638.620288 81.613785 
2640.549104 81.689256 
2642.477920 81.692777 
2644.406736 81.669923 
2646.335552 81.672821 
2648.264368 81.643723 
2650.193184 81.634616 
2652.122000 81.646570 
2654.050816 81.690474 
2655.979632 81.736130 
2657.908448 81.807516 
2659.837264 81.846817 
2661.766080 81.874200 
2663.694896 81.901142 
2665.623712 81.905571 
2667.552528 81.870431 
2669.481344 81.827017 
2671.410160 81.756258 
2673.338976 81.701143 
2675.267792 81.645952 
2677.196608 81.613542 
2679.125424 81.595668 
2681.054240 81.623892 
2682.983056 81.654925 
2684.911872 81.667526 
2686.840688 81.711727 
2688.769504 81.739791 
2690.698320 81.728267 
2692.627136 81.754367 
2694.555952 81.774403 
2696.484768 81.784571 
2698.413584 81.793758 
2700.342400 81.823927 
2702.271216 81.830283 
2704.200032 81.808137 
2706.128848 81.782446 
2708.057664 81.781897 
2709.986480 81.776677 
2711.915296 81.785631 
2713.844112 81.788754 
2715.772928 81.786545 
2717.701744 81.740623 
2719.630560 81.693571 
2721.559376 81.678435 
2723.488192 81.650256 
2725.417008 81.611530 
2727.345824 81.605390 
2729.274640 81.591677 
2731.203456 81.614166 
2733.132272 81.625974 
2735.061088 81.651169 
2736.989904 81.672017 
2738.918720 81.691228 
2740.847536 81.685928 
2742.776352 81.671237 
2744.705168 81.637178 
2746.633984 81.609600 
2748.562800 81.603244 
2750.491616 81.643102 
2752.420432 81.672624 
2754.349248 81.672956 
2756.278064 81.622478 
2758.206880 81.570302 
2760.135696 81.496874 
2762.064512 81.387162 
2763.993328 81.232606 
2765.922144 81.105642 
2767.850960 80.999826 
2769.779776 80.964428 
2771.708592 81.002707 
2773.637408 81.087930 
2775.566224 81.182251 
2777.495040 81.245951 
2779.423856 81.273450 
2781.352672 81.308903 
2783.281488 81.312501 
2785.210304 81.267168 
2787.139120 81.207881 
2789.067936 81.153325 
2790.996752 81.121304 
2792.925568 81.097758 
2794.854384 81.059087 
2796.783200 81.017653 
2798.712016 80.983848 
2800.640832 80.909604 
2802.569648 80.800267 
2804.498464 80.749257 
2806.427280 80.699742 
2808.356096 80.621149 
2810.284912 80.526394 
2812.213728 80.462651 
2814.142544 80.419897 
2816.071360 80.363594 
2818.000176 80.265295 
2819.928992 80.189282 
2821.857808 80.096398 
2823.786624 80.009403 
2825.715440 79.944977 
2827.644256 79.906544 
2829.573072 79.858637 
2831.501888 79.857691 
2833.430704 79.843934 
2835.359520 79.790184 
2837.288336 79.673060 
2839.217152 79.567500 
2841.145968 79.497897 
2843.074784 79.426440 
2845.003600 79.314787 
2846.932416 79.203888 
2848.861232 79.104534 
2850.790048 79.020580 
2852.718864 78.881106 
2854.647680 78.732251 
2856.576496 78.535451 
2858.505312 78.234011 
2860.434128 77.861906 
2862.362944 77.447338 
2864.291760 76.928502 
2866.220576 76.355636 
2868.149392 75.869484 
2870.078208 75.600020 
2872.007024 75.673853 
2873.935840 76.127382 
2875.864656 76.733719 
2877.793472 77.290338 
2879.722288 77.687262 
2881.651104 77.963032 
2883.579920 78.106993 
2885.508736 78.156190 
2887.437552 78.109924 
2889.366368 78.014673 
2891.295184 77.866310 
2893.224000 77.664941 
2895.152816 77.392908 
2897.081632 77.100715 
2899.010448 76.756426 
2900.939264 76.443648 
2902.868080 76.324067 
2904.796896 76.460437 
2906.725712 76.683539 
2908.654528 76.965408 
2910.583344 77.241936 
2912.512160 77.513579 
2914.440976 77.752554 
2916.369792 77.924658 
2918.298608 78.005255 
2920.227424 78.036565 
2922.156240 77.998219 
2924.085056 77.909642 
2926.013872 77.770813 
2927.942688 77.672300 
2929.871504 77.656218 
2931.800320 77.735514 
2933.729136 77.800931 
2935.657952 77.806860 
2937.586768 77.744504 
2939.515584 77.692320 
2941.444400 77.716748 
2943.373216 77.810668 
2945.302032 77.884987 
2947.230848 77.913509 
2949.159664 77.863514 
2951.088480 77.778739 
2953.017296 77.650592 
2954.946112 77.532212 
2956.874928 77.406089 
2958.803744 77.208347 
2960.732560 76.949580 
2962.661376 76.680606 
2964.590192 76.430792 
2966.519008 76.269851 
2968.447824 76.192469 
2970.376640 76.110360 
2972.305456 75.928701 
2974.234272 75.707443 
2976.163088 75.411441 
2978.091904 75.175009 
2980.020720 75.342725 
2981.949536 75.901543 
2983.878352 76.453347 
2985.807168 76.805955 
2987.735984 76.997159 
2989.664800 77.187136 
2991.593616 77.367385 
2993.522432 77.516551 
2995.451248 77.618459 
2997.380064 77.646261 
2999.308880 77.549014 
3001.237696 77.421927 
3003.166512 77.280668 
3005.095328 77.211698 
3007.024144 77.166339 
3008.952960 77.102985 
3010.881776 77.006489 
3012.810592 76.943229 
3014.739408 76.928420 
3016.668224 76.932897 
3018.597040 76.870008 
3020.525856 76.755332 
3022.454672 76.612050 
3024.383488 76.459911 
3026.312304 76.210586 
3028.241120 75.874101 
3030.169936 75.424388 
3032.098752 75.059233 
3034.027568 74.763368 
3035.956384 74.425759 
3037.885200 74.082126 
3039.814016 73.814862 
3041.742832 73.756579 
3043.671648 73.845592 
3045.600464 73.995124 
3047.529280 74.139105 
3049.458096 74.162242 
3051.386912 74.092508 
3053.315728 73.918877 
3055.244544 73.622897 
3057.173360 73.245723 
3059.102176 72.863686 
3061.030992 72.580128 
3062.959808 72.624590 
3064.888624 73.062029 
3066.817440 73.757924 
3068.746256 74.450808 
3070.675072 74.987823 
3072.603888 75.406813 
3074.532704 75.719315 
3076.461520 75.937353 
3078.390336 76.133409 
3080.319152 76.327804 
3082.247968 76.570321 
3084.176784 76.832453 
3086.105600 77.078770 
3088.034416 77.243011 
3089.963232 77.359234 
3091.892048 77.460189 
3093.820864 77.542665 
3095.749680 77.554642 
3097.678496 77.606606 
3099.607312 77.594794 
3101.536128 77.640143 
3103.464944 77.712496 
3105.393760 77.723897 
3107.322576 77.735188 
3109.251392 77.826939 
3111.180208 77.914445 
3113.109024 77.920227 
3115.037840 77.831990 
3116.966656 77.804725 
3118.895472 77.810454 
3120.824288 77.786993 
3122.753104 77.774405 
3124.681920 77.816304 
3126.610736 77.830487 
3128.539552 77.838870 
3130.468368 77.773564 
3132.397184 77.702024 
3134.326000 77.665558 
3136.254816 77.595272 
3138.183632 77.484109 
3140.112448 77.470861 
3142.041264 77.441294 
3143.970080 77.366065 
3145.898896 77.304807 
3147.827712 77.226216 
3149.756528 77.097930 
3151.685344 77.091715 
3153.614160 77.080811 
3155.542976 77.048540 
3157.471792 77.016090 
3159.400608 76.994132 
3161.329424 76.946835 
3163.258240 76.954779 
3165.187056 76.908668 
3167.115872 76.871696 
3169.044688 76.897573 
3170.973504 76.948597 
3172.902320 76.939285 
3174.831136 76.873054 
3176.759952 76.752118 
3178.688768 76.710019 
3180.617584 76.651942 
3182.546400 76.526408 
3184.475216 76.421369 
3186.404032 76.435468 
3188.332848 76.466430 
3190.261664 76.500256 
3192.190480 76.533142 
3194.119296 76.505831 
3196.048112 76.451738 
3197.976928 76.409397 
3199.905744 76.409451 
3201.834560 76.430961 
3203.763376 76.439814 
3205.692192 76.452081 
3207.621008 76.474059 
3209.549824 76.515475 
3211.478640 76.508987 
3213.407456 76.445424 
3215.336272 76.420849 
3217.265088 76.464589 
3219.193904 76.423507 
3221.122720 76.419481 
3223.051536 76.430135 
3224.980352 76.469005 
3226.909168 76.518133 
3228.837984 76.556701 
3230.766800 76.594163 
3232.695616 76.680006 
3234.624432 76.698389 
3236.553248 76.758240 
3238.482064 76.786721 
3240.410880 76.757235 
3242.339696 76.743458 
3244.268512 76.755625 
3246.197328 76.798765 
3248.126144 76.937359 
3250.054960 77.053997 
3251.983776 77.109565 
3253.912592 77.117339 
3255.841408 77.150657 
3257.770224 77.179248 
3259.699040 77.159747 
3261.627856 77.165100 
3263.556672 77.197862 
3265.485488 77.224499 
3267.414304 77.318869 
3269.343120 77.371714 
3271.271936 77.379303 
3273.200752 77.350894 
3275.129568 77.384871 
3277.058384 77.428721 
3278.987200 77.481248 
3280.916016 77.487584 
3282.844832 77.519362 
3284.773648 77.597356 
3286.702464 77.651485 
3288.631280 77.619203 
3290.560096 77.614430 
3292.488912 77.594609 
3294.417728 77.628292 
3296.346544 77.690746 
3298.275360 77.745018 
3300.204176 77.773145 
3302.132992 77.738064 
3304.061808 77.718572 
3305.990624 77.750938 
3307.919440 77.744854 
3309.848256 77.762632 
3311.777072 77.846278 
3313.705888 77.895856 
3315.634704 77.884666 
3317.563520 77.877533 
3319.492336 77.881467 
3321.421152 77.831933 
3323.349968 77.732830 
3325.278784 77.711287 
3327.207600 77.682289 
3329.136416 77.712569 
3331.065232 77.686642 
3332.994048 77.562398 
3334.922864 77.347692 
3336.851680 77.197375 
3338.780496 77.136097 
3340.709312 77.046116 
3342.638128 76.848394 
3344.566944 76.648019 
3346.495760 76.466576 
3348.424576 76.356634 
3350.353392 76.353087 
3352.282208 76.579660 
3354.211024 76.947409 
3356.139840 77.358267 
3358.068656 77.618896 
3359.997472 77.588103 
3361.926288 77.239364 
3363.855104 76.642037 
3365.783920 75.896351 
3367.712736 75.567597 
3369.641552 76.052127 
3371.570368 76.991775 
3373.499184 77.706139 
3375.428000 78.125240 
3377.356816 78.401498 
3379.285632 78.625988 
3381.214448 78.761855 
3383.143264 78.841296 
3385.072080 78.887151 
3387.000896 78.929680 
3388.929712 78.918231 
3390.858528 78.821636 
3392.787344 78.774575 
3394.716160 78.925212 
3396.644976 79.113624 
3398.573792 79.455226 
3400.502608 79.781311 
3402.431424 79.996508 
3404.360240 80.174386 
3406.289056 80.361513 
3408.217872 80.524496 
3410.146688 80.662354 
3412.075504 80.770231 
3414.004320 80.833294 
3415.933136 80.825974 
3417.861952 80.777799 
3419.790768 80.609709 
3421.719584 80.620074 
3423.648400 80.743670 
3425.577216 80.753751 
3427.506032 80.729152 
3429.434848 80.757574 
3431.363664 80.682846 
3433.292480 80.588574 
3435.221296 80.547755 
3437.150112 80.587803 
3439.078928 80.543350 
3441.007744 80.264432 
3442.936560 79.948629 
3444.865376 79.652085 
3446.794192 79.182342 
3448.723008 79.103331 
3450.651824 79.221154 
3452.580640 79.506712 
3454.509456 80.000916 
3456.438272 80.408283 
3458.367088 80.660163 
3460.295904 80.776081 
3462.224720 80.806625 
3464.153536 80.931597 
3466.082352 80.948930 
3468.011168 81.026255 
3469.939984 81.095373 
3471.868800 81.112919 
3473.797616 81.137786 
3475.726432 81.246743 
3477.655248 81.341458 
3479.584064 81.228969 
3481.512880 81.114289 
3483.441696 81.322548 
3485.370512 81.544708 
3487.299328 81.628882 
3489.228144 81.800873 
3491.156960 82.011152 
3493.085776 82.120818 
3495.014592 82.171044 
3496.943408 82.210426 
3498.872224 82.228729 
3500.801040 81.931109 
3502.729856 81.731142 
3504.658672 82.109355 
3506.587488 82.417889 
3508.516304 82.257222 
3510.445120 82.278757 
3512.373936 82.550165 
3514.302752 82.814953 
3516.231568 82.919778 
3518.160384 82.879654 
3520.089200 82.739632 
3522.018016 82.306733 
3523.946832 81.948105 
3525.875648 81.984345 
3527.804464 82.070934 
3529.733280 82.387462 
3531.662096 82.710513 
3533.590912 82.857130 
3535.519728 82.734839 
3537.448544 82.877249 
3539.377360 83.082905 
3541.306176 82.937419 
3543.234992 82.421664 
3545.163808 81.930331 
3547.092624 82.089964 
3549.021440 82.597031 
3550.950256 82.584054 
3552.879072 82.512651 
3554.807888 82.882279 
3556.736704 83.149505 
3558.665520 83.125800 
3560.594336 82.887949 
3562.523152 82.454880 
3564.451968 81.439324 
3566.380784 80.370563 
3568.309600 81.475097 
3570.238416 82.682701 
3572.167232 83.028753 
3574.096048 82.911063 
3576.024864 82.896234 
3577.953680 83.039813 
3579.882496 83.061710 
3581.811312 82.948713 
3583.740128 82.616607 
3585.668944 81.771791 
3587.597760 81.293810 
3589.526576 82.399649 
3591.455392 82.835212 
3593.384208 82.339370 
3595.313024 81.956299 
3597.241840 82.187587 
3599.170656 82.461103 
3601.099472 82.681284 
3603.028288 82.936389 
3604.957104 82.818085 
3606.885920 82.096681 
3608.814736 81.903481 
3610.743552 82.128571 
3612.672368 81.678272 
3614.601184 81.461539 
3616.530000 81.381280 
3618.458816 81.280580 
3620.387632 82.166487 
3622.316448 82.900007 
3624.245264 82.900050 
3626.174080 82.012291 
3628.102896 80.405489 
3630.031712 81.079714 
3631.960528 82.061514 
3633.889344 82.311464 
3635.818160 82.598005 
3637.746976 82.772221 
3639.675792 82.940643 
3641.604608 82.847516 
3643.533424 82.484662 
3645.462240 81.567666 
3647.391056 79.651778 
3649.319872 78.935860 
3651.248688 80.868665 
3653.177504 82.071847 
3655.106320 81.767881 
3657.035136 81.960964 
3658.963952 82.800938 
3660.892768 83.273619 
3662.821584 83.408709 
3664.750400 83.334670 
3666.679216 82.991101 
3668.608032 81.743509 
3670.536848 81.207419 
3672.465664 81.715934 
3674.394480 80.506973 
3676.323296 80.577390 
3678.252112 82.026141 
3680.180928 82.925151 
3682.109744 83.455138 
3684.038560 83.303632 
3685.967376 82.630280 
3687.896192 81.354053 
3689.825008 80.916159 
3691.753824 82.232822 
3693.682640 83.198990 
3695.611456 83.382704 
3697.540272 83.391752 
3699.469088 83.153275 
3701.397904 82.953524 
3703.326720 83.375905 
3705.255536 83.403514 
3707.184352 82.921747 
3709.113168 81.865534 
3711.041984 80.975049 
3712.970800 82.059429 
3714.899616 83.035042 
3716.828432 83.195415 
3718.757248 82.841675 
3720.686064 82.406702 
3722.614880 82.282543 
3724.543696 82.472758 
3726.472512 82.746358 
3728.401328 83.066200 
3730.330144 82.698889 
3732.258960 81.634555 
3734.187776 80.521819 
3736.116592 80.755633 
3738.045408 81.850907 
3739.974224 82.328734 
3741.903040 82.276773 
3743.831856 81.517502 
3745.760672 81.147204 
3747.689488 80.829040 
3749.618304 79.895669 
3751.547120 80.244808 
3753.475936 81.630933 
3755.404752 82.167179 
3757.333568 81.991636 
3759.262384 82.033297 
3761.191200 82.685309 
3763.120016 82.768760 
3765.048832 82.325111 
3766.977648 82.346942 
3768.906464 82.264503 
3770.835280 82.579891 
3772.764096 83.186425 
3774.692912 83.337949 
3776.621728 83.111375 
3778.550544 82.599880 
3780.479360 82.738661 
3782.408176 82.958742 
3784.336992 82.746870 
3786.265808 82.980929 
3788.194624 83.332421 
3790.123440 83.447068 
3792.052256 83.526639 
3793.981072 83.177411 
3795.909888 82.405854 
3797.838704 82.075412 
3799.767520 81.481055 
3801.696336 80.835770 
3803.625152 81.822320 
3805.553968 81.948661 
3807.482784 82.230507 
3809.411600 82.966114 
3811.340416 83.195051 
3813.269232 82.862020 
3815.198048 81.944458 
3817.126864 81.758619 
3819.055680 81.314536 
3820.984496 80.646515 
3822.913312 81.959925 
3824.842128 82.401887 
3826.770944 82.462502 
3828.699760 82.719531 
3830.628576 82.539656 
3832.557392 82.260781 
3834.486208 81.986766 
3836.415024 81.114476 
3838.343840 80.383363 
3840.272656 80.872297 
3842.201472 81.832167 
3844.130288 82.502511 
3846.059104 82.855633 
3847.987920 82.624276 
3849.916736 81.802783 
3851.845552 80.111292 
3853.774368 79.958124 
3855.703184 81.609089 
3857.632000 82.188057 
3859.560816 82.430968 
3861.489632 81.966874 
3863.418448 81.321053 
3865.347264 81.560138 
3867.276080 81.738862 
3869.204896 80.898775 
3871.133712 81.276955 
3873.062528 81.791910 
3874.991344 82.367547 
3876.920160 82.847762 
3878.848976 82.222013 
3880.777792 81.692449 
3882.706608 81.938663 
3884.635424 81.730179 
3886.564240 82.190209 
3888.493056 82.586732 
3890.421872 82.007797 
3892.350688 81.970248 
3894.279504 82.582261 
3896.208320 82.651405 
3898.137136 81.889814 
3900.065952 81.148020 
3901.994768 80.820725 
3903.923584 80.870562 
3905.852400 81.899321 
3907.781216 82.742069 
3909.710032 83.019477 
3911.638848 82.988739 
3913.567664 82.881214 
3915.496480 82.451297 
3917.425296 82.117479 
3919.354112 82.360031 
3921.282928 82.536820 
3923.211744 82.278424 
3925.140560 82.239139 
3927.069376 82.645334 
3928.998192 82.373887 
3930.927008 81.957551 
3932.855824 82.195090 
3934.784640 82.796280 
3936.713456 82.994145 
3938.642272 82.979711 
3940.571088 82.751467 
3942.499904 82.390163 
3944.428720 82.529009 
3946.357536 82.571475 
3948.286352 82.342424 
3950.215168 82.526245 
3952.143984 82.798805 
3954.072800 82.967283 
3956.001616 82.982078 
3957.930432 82.959789 
3959.859248 82.913711 
3961.788064 82.863412 
3963.716880 83.040809 
3965.645696 83.233201 
3967.574512 83.139067 
3969.503328 83.010577 
3971.432144 82.992164 
3973.360960 82.930266 
3975.289776 82.901750 
3977.218592 83.035410 
3979.147408 83.117248 
3981.076224 83.118539 
3983.005040 83.188851 
3984.933856 83.210193 
3986.862672 83.144186 
3988.791488 83.064051 
3990.720304 83.012043 
3992.649120 83.098812 
3994.577936 83.111384 
3996.506752 83.098768 
3998.435568 83.099077 
4000.364384 83.103925 