##YUNITS=%T
399.264912 120.501233 
401.193728 116.641725 
403.122544 117.247645 
405.051360 68.724538 
406.980176 43.764691 
408.908992 44.661517 
410.837808 52.843992 
412.766624 73.907996 
414.695440 73.806660 
416.624256 50.615370 
418.553072 35.262622 
420.481888 68.635782 
422.410704 95.370063 
424.339520 109.773469 
426.268336 114.794864 
428.197152 101.222729 
430.125968 129.946264 
432.054784 121.978170 
433.983600 86.149645 
435.912416 95.122422 
437.841232 106.070745 
439.770048 115.260279 
441.698864 96.389283 
443.627680 80.213440 
445.556496 135.819665 
447.485312 87.020283 
449.414128 70.997067 
451.342944 156.578123 
453.271760 214.778093 
455.200576 213.950405 
457.129392 160.761322 
459.058208 148.738956 
460.987024 116.807386 
462.915840 51.531836 
464.844656 87.230548 
466.773472 105.537811 
468.702288 150.548300 
470.631104 90.469570 
472.559920 85.352605 
474.488736 74.446256 
476.417552 81.424904 
478.346368 78.866939 
480.275184 101.578362 
482.204000 125.270858 
484.132816 127.999411 
486.061632 113.475875 
487.990448 121.517929 
489.919264 115.319959 
491.848080 95.661545 
493.776896 52.949451 
495.705712 48.588297 
497.634528 80.397589 
499.563344 122.696784 
501.492160 81.228747 
503.420976 94.108843 
505.349792 144.412239 
507.278608 164.905074 
509.207424 127.419945 
511.136240 130.670021 
513.065056 98.831317 
514.993872 80.528023 
516.922688 87.167700 
518.851504 90.031772 
520.780320 87.023590 
522.709136 95.202068 
524.637952 92.223903 
526.566768 84.261190 
528.495584 72.756922 
530.424400 79.113730 
532.353216 110.659335 
534.282032 97.221356 
536.210848 78.256113 
538.139664 55.766396 
540.068480 67.518920 
541.997296 57.079285 
543.926112 89.428455 
545.854928 66.207801 
547.783744 57.167480 
549.712560 59.878901 
551.641376 59.413881 
553.570192 66.131993 
555.499008 92.162607 
557.427824 94.100706 
559.356640 74.109001 
561.285456 59.461243 
563.214272 60.833653 
565.143088 76.770693 
567.071904 76.842878 
569.000720 61.401782 
570.929536 74.610351 
572.858352 84.032789 
574.787168 77.427482 
576.715984 73.855006 
578.644800 74.536577 
580.573616 71.174058 
582.502432 67.873357 
584.431248 70.107504 
586.360064 71.054870 
588.288880 71.611777 
590.217696 72.655747 
592.146512 70.236977 
594.075328 66.983096 
596.004144 66.292840 
597.932960 63.530967 
599.861776 62.941884 
601.790592 63.314129 
603.719408 65.300059 
605.648224 66.234410 
607.577040 70.531701 
609.505856 71.449917 
611.434672 70.103909 
613.363488 67.275091 
615.292304 67.664890 
617.221120 64.172708 
619.149936 58.358544 
621.078752 57.570051 
623.007568 61.292387 
624.936384 65.066226 
626.865200 64.819116 
628.794016 62.069999 
630.722832 61.362547 
632.651648 61.520213 
634.580464 63.688133 
636.509280 64.337194 
638.438096 57.709381 
640.366912 55.526095 
642.295728 56.551214 
644.224544 58.653458 
646.153360 58.476555 
648.082176 59.105730 
650.010992 61.620961 
651.939808 63.363172 
653.868624 63.179274 
655.797440 62.624536 
657.726256 61.478868 
659.655072 60.160495 
661.583888 59.633513 
663.512704 59.240963 
665.441520 58.364655 
667.370336 58.708265 
669.299152 59.756479 
671.227968 59.124588 
673.156784 59.061124 
675.085600 58.984322 
677.014416 58.398476 
678.943232 57.588875 
680.872048 56.746316 
682.800864 54.794583 
684.729680 52.261724 
686.658496 49.685063 
688.587312 47.286308 
690.516128 46.386250 
692.444944 46.722812 
694.373760 47.069715 
696.302576 47.612654 
698.231392 48.687891 
700.160208 49.330651 
702.089024 50.380119 
704.017840 51.305800 
705.946656 53.625406 
707.875472 56.786161 
709.804288 58.365997 
711.733104 58.320159 
713.661920 57.807569 
715.590736 57.069257 
717.519552 56.302564 
719.448368 55.550738 
721.377184 54.413378 
723.306000 53.039421 
725.234816 51.881418 
727.163632 50.552376 
729.092448 48.833735 
731.021264 46.649502 
732.950080 44.167923 
734.878896 41.446325 
736.807712 38.418438 
738.736528 34.848576 
740.665344 31.165744 
742.594160 28.072928 
744.522976 26.842734 
746.451792 27.923576 
748.380608 29.840552 
750.309424 30.354618 
752.238240 28.763502 
754.167056 28.465582 
756.095872 29.685053 
758.024688 30.239237 
759.953504 31.121882 
761.882320 33.338781 
763.811136 35.815596 
765.739952 38.386918 
767.668768 42.188418 
769.597584 46.027664 
771.526400 48.737869 
773.455216 49.633455 
775.384032 49.289407 
777.312848 48.226772 
779.241664 46.938257 
781.170480 45.128736 
783.099296 42.474473 
785.028112 39.936054 
786.956928 40.236063 
788.885744 43.579011 
790.814560 47.147778 
792.743376 49.047449 
794.672192 50.347629 
796.601008 52.525059 
798.529824 56.150809 
800.458640 58.473305 
802.387456 58.380306 
804.316272 56.802406 
806.245088 54.836320 
808.173904 53.156573 
810.102720 52.377561 
812.031536 51.257501 
813.960352 48.826221 
815.889168 46.006060 
817.817984 44.355269 
819.746800 44.293015 
821.675616 44.886796 
823.604432 46.493532 
825.533248 51.512033 
827.462064 59.867695 
829.390880 66.976316 
831.319696 69.942168 
833.248512 70.400191 
835.177328 69.920539 
837.106144 68.904886 
839.034960 67.290602 
840.963776 65.218785 
842.892592 62.599025 
844.821408 59.963176 
846.750224 58.055575 
848.679040 57.944791 
850.607856 59.952696 
852.536672 63.176511 
854.465488 66.340207 
856.394304 68.505072 
858.323120 69.271377 
860.251936 68.843440 
862.180752 67.790374 
864.109568 66.080742 
866.038384 64.062909 
867.967200 63.522820 
869.896016 64.405654 
871.824832 64.514872 
873.753648 63.975055 
875.682464 64.257008 
877.611280 65.463969 
879.540096 66.455449 
881.468912 65.920431 
883.397728 64.053976 
885.326544 62.238021 
887.255360 61.748898 
889.184176 62.274939 
891.112992 62.955894 
893.041808 63.665353 
894.970624 63.784254 
896.899440 62.674523 
898.828256 60.949526 
900.757072 58.962318 
902.685888 57.082724 
904.614704 56.243897 
906.543520 57.045000 
908.472336 58.467474 
910.401152 59.351793 
912.329968 59.420725 
914.258784 58.866580 
916.187600 57.886601 
918.116416 56.549272 
920.045232 54.804625 
921.974048 53.094875 
923.902864 51.627185 
925.831680 50.538020 
927.760496 50.262899 
929.689312 50.464497 
931.618128 50.529301 
933.546944 50.177226 
935.475760 49.214344 
937.404576 47.693488 
939.333392 46.842149 
941.262208 47.559639 
943.191024 49.458890 
945.119840 51.237073 
947.048656 51.688545 
948.977472 50.729895 
950.906288 49.959892 
952.835104 49.817920 
954.763920 49.551452 
956.692736 49.805972 
958.621552 51.376979 
960.550368 52.995245 
962.479184 53.768701 
964.408000 54.197823 
966.336816 55.635802 
968.265632 58.280346 
970.194448 60.533392 
972.123264 61.022640 
974.052080 59.904871 
975.980896 58.669763 
977.909712 58.377936 
979.838528 58.619060 
981.767344 59.070981 
983.696160 59.848197 
985.624976 60.912249 
987.553792 61.358137 
989.482608 61.029013 
991.411424 60.151630 
993.340240 58.655706 
995.269056 56.480068 
997.197872 53.794777 
999.126688 50.581518 
1001.055504 46.652841 
1002.984320 42.084937 
1004.913136 38.072304 
1006.841952 35.629747 
1008.770768 34.668869 
1010.699584 35.141661 
1012.628400 38.313496 
1014.557216 44.554320 
1016.486032 51.559703 
1018.414848 56.164603 
1020.343664 57.562033 
1022.272480 56.863775 
1024.201296 55.860478 
1026.130112 54.945223 
1028.058928 54.210110 
1029.987744 54.498877 
1031.916560 55.069951 
1033.845376 55.420847 
1035.774192 55.845936 
1037.703008 56.010930 
1039.631824 56.129116 
1041.560640 56.502578 
1043.489456 56.528720 
1045.418272 55.249026 
1047.347088 52.756700 
1049.275904 49.703423 
1051.204720 47.995210 
1053.133536 48.653860 
1055.062352 50.173597 
1056.991168 51.704467 
1058.919984 53.674103 
1060.848800 55.385653 
1062.777616 55.992367 
1064.706432 55.565384 
1066.635248 54.586454 
1068.564064 53.468053 
1070.492880 52.775209 
1072.421696 52.985375 
1074.350512 54.188819 
1076.279328 55.384333 
1078.208144 55.460904 
1080.136960 53.857636 
1082.065776 50.992433 
1083.994592 48.615038 
1085.923408 49.034750 
1087.852224 51.858388 
1089.781040 55.160096 
1091.709856 57.212738 
1093.638672 57.055494 
1095.567488 54.425628 
1097.496304 49.698581 
1099.425120 44.145852 
1101.353936 40.921515 
1103.282752 42.202497 
1105.211568 45.760537 
1107.140384 48.590549 
1109.069200 49.950347 
1110.998016 49.777809 
1112.926832 49.199103 
1114.855648 50.093866 
1116.784464 52.616923 
1118.713280 54.763125 
1120.642096 55.937168 
1122.570912 57.258004 
1124.499728 59.590096 
1126.428544 62.216137 
1128.357360 64.255038 
1130.286176 65.037825 
1132.214992 65.023534 
1134.143808 64.684140 
1136.072624 64.271627 
1138.001440 63.616691 
1139.930256 62.623825 
1141.859072 60.356054 
1143.787888 56.466815 
1145.716704 51.966419 
1147.645520 50.344360 
1149.574336 52.805202 
1151.503152 56.861455 
1153.431968 61.008866 
1155.360784 64.520510 
1157.289600 66.191948 
1159.218416 66.562908 
1161.147232 66.544004 
1163.076048 66.312054 
1165.004864 65.530235 
1166.933680 64.520630 
1168.862496 63.560712 
1170.791312 62.546187 
1172.720128 61.062432 
1174.648944 59.520292 
1176.577760 57.935527 
1178.506576 56.643763 
1180.435392 56.479602 
1182.364208 57.367881 
1184.293024 57.966708 
1186.221840 57.538072 
1188.150656 56.105758 
1190.079472 54.083158 
1192.008288 51.772367 
1193.937104 49.720100 
1195.865920 48.442935 
1197.794736 48.183420 
1199.723552 48.404451 
1201.652368 47.880235 
1203.581184 46.039048 
1205.510000 44.083132 
1207.438816 43.104465 
1209.367632 43.586915 
1211.296448 45.425999 
1213.225264 47.196926 
1215.154080 47.317696 
1217.082896 46.024369 
1219.011712 44.334794 
1220.940528 42.819082 
1222.869344 41.338020 
1224.798160 40.616799 
1226.726976 41.824042 
1228.655792 44.873493 
1230.584608 48.338590 
1232.513424 51.219485 
1234.442240 53.446130 
1236.371056 55.301150 
1238.299872 56.983287 
1240.228688 58.409243 
1242.157504 59.051844 
1244.086320 59.013049 
1246.015136 58.491896 
1247.943952 57.513860 
1249.872768 55.927785 
1251.801584 53.702967 
1253.730400 50.579033 
1255.659216 46.627577 
1257.588032 42.626907 
1259.516848 40.286222 
1261.445664 40.543047 
1263.374480 41.966035 
1265.303296 42.226709 
1267.232112 40.459714 
1269.160928 37.260953 
1271.089744 33.891652 
1273.018560 31.041674 
1274.947376 28.257276 
1276.876192 25.569206 
1278.805008 24.012473 
1280.733824 24.273234 
1282.662640 26.540833 
1284.591456 30.138429 
1286.520272 34.150924 
1288.449088 37.909290 
1290.377904 41.302495 
1292.306720 44.479123 
1294.235536 47.394607 
1296.164352 50.028527 
1298.093168 52.440208 
1300.021984 54.364929 
1301.950800 56.288338 
1303.879616 58.122706 
1305.808432 59.151264 
1307.737248 59.326028 
1309.666064 59.269433 
1311.594880 59.253117 
1313.523696 59.120422 
1315.452512 58.680099 
1317.381328 58.733335 
1319.310144 60.114228 
1321.238960 61.424189 
1323.167776 61.209035 
1325.096592 59.836235 
1327.025408 58.337695 
1328.954224 57.155528 
1330.883040 55.667002 
1332.811856 54.277168 
1334.740672 54.082218 
1336.669488 55.242209 
1338.598304 57.618392 
1340.527120 61.086557 
1342.455936 62.941257 
1344.384752 62.706669 
1346.313568 61.256695 
1348.242384 59.443007 
1350.171200 57.630900 
1352.100016 55.400682 
1354.028832 52.781162 
1355.957648 50.748447 
1357.886464 49.698206 
1359.815280 49.027228 
1361.744096 48.084038 
1363.672912 46.888249 
1365.601728 46.010932 
1367.530544 44.875113 
1369.459360 42.972258 
1371.388176 41.005872 
1373.316992 39.372147 
1375.245808 38.883158 
1377.174624 41.056080 
1379.103440 46.132697 
1381.032256 51.850583 
1382.961072 55.628463 
1384.889888 56.788308 
1386.818704 56.076944 
1388.747520 54.373059 
1390.676336 52.479726 
1392.605152 50.102660 
1394.533968 46.885174 
1396.462784 43.886424 
1398.391600 42.667057 
1400.320416 42.915627 
1402.249232 44.655610 
1404.178048 48.073327 
1406.106864 52.936186 
1408.035680 56.521182 
1409.964496 58.782422 
1411.893312 59.770545 
1413.822128 59.659671 
1415.750944 58.654155 
1417.679760 57.282738 
1419.608576 55.933639 
1421.537392 54.814720 
1423.466208 53.344343 
1425.395024 52.546510 
1427.323840 53.016163 
1429.252656 53.735738 
1431.181472 53.246691 
1433.110288 51.166098 
1435.039104 48.488157 
1436.967920 45.482379 
1438.896736 43.691225 
1440.825552 42.799424 
1442.754368 42.390876 
1444.683184 42.954245 
1446.612000 44.590792 
1448.540816 47.262189 
1450.469632 48.445874 
1452.398448 47.571939 
1454.327264 45.034157 
1456.256080 39.972607 
1458.184896 31.515916 
1460.113712 27.401526 
1462.042528 27.761183 
1463.971344 33.246567 
1465.900160 44.670318 
1467.828976 53.035229 
1469.757792 57.225608 
1471.686608 55.706644 
1473.615424 49.906339 
1475.544240 48.868139 
1477.473056 51.529460 
1479.401872 54.341004 
1481.330688 55.267355 
1483.259504 54.606114 
1485.188320 54.855182 
1487.117136 58.259027 
1489.045952 63.190248 
1490.974768 66.561597 
1492.903584 67.165297 
1494.832400 65.871908 
1496.761216 62.942060 
1498.690032 59.400602 
1500.618848 55.388403 
1502.547664 51.278593 
1504.476480 47.769956 
1506.405296 44.821534 
1508.334112 44.389188 
1510.262928 45.385693 
1512.191744 46.453845 
1514.120560 47.910722 
1516.049376 50.737395 
1517.978192 56.344226 
1519.907008 59.004571 
1521.835824 62.104154 
1523.764640 63.139592 
1525.693456 62.764671 
1527.622272 61.358785 
1529.551088 59.790190 
1531.479904 57.562207 
1533.408720 54.368678 
1535.337536 52.132281 
1537.266352 51.135018 
1539.195168 49.420036 
1541.123984 47.827585 
1543.052800 46.432934 
1544.981616 44.105861 
1546.910432 41.869433 
1548.839248 39.968050 
1550.768064 38.419931 
1552.696880 37.440851 
1554.625696 36.418634 
1556.554512 35.623619 
1558.483328 38.061302 
1560.412144 41.594041 
1562.340960 42.779940 
1564.269776 45.097495 
1566.198592 47.893448 
1568.127408 48.925559 
1570.056224 48.082372 
1571.985040 45.582806 
1573.913856 42.500462 
1575.842672 39.410598 
1577.771488 38.437961 
1579.700304 39.069820 
1581.629120 39.614484 
1583.557936 40.038720 
1585.486752 41.393146 
1587.415568 44.124372 
1589.344384 47.341687 
1591.273200 49.922269 
1593.202016 51.686340 
1595.130832 52.430526 
1597.059648 51.105053 
1598.988464 47.544467 
1600.917280 43.966616 
1602.846096 42.683352 
1604.774912 43.996059 
1606.703728 46.378371 
1608.632544 49.020579 
1610.561360 51.484748 
1612.490176 53.548683 
1614.418992 54.978433 
1616.347808 56.706891 
1618.276624 58.367738 
1620.205440 58.800180 
1622.134256 58.927306 
1624.063072 59.186659 
1625.991888 58.586963 
1627.920704 56.030104 
1629.849520 52.153026 
1631.778336 47.705403 
1633.707152 42.917244 
1635.635968 36.050033 
1637.564784 31.474448 
1639.493600 30.565779 
1641.422416 31.839703 
1643.351232 34.404730 
1645.280048 37.943660 
1647.208864 45.067523 
1649.137680 49.721786 
1651.066496 51.601634 
1652.995312 58.518339 
1654.924128 67.633763 
1656.852944 71.650821 
1658.781760 76.313095 
1660.710576 79.762088 
1662.639392 82.703205 
1664.568208 84.939039 
1666.497024 85.807770 
1668.425840 85.771438 
1670.354656 86.456568 
1672.283472 87.115937 
1674.212288 87.362744 
1676.141104 87.470109 
1678.069920 87.426318 
1679.998736 86.537594 
1681.927552 85.712797 
1683.856368 84.607790 
1685.785184 85.205263 
1687.714000 85.005278 
1689.642816 84.599520 
1691.571632 84.418630 
1693.500448 84.222241 
1695.429264 83.960702 
1697.358080 84.673517 
1699.286896 85.022275 
1701.215712 86.035070 
1703.144528 86.106889 
1705.073344 85.962566 
1707.002160 86.377598 
1708.930976 86.859063 
1710.859792 86.815167 
1712.788608 86.512136 
1714.717424 85.691773 
1716.646240 85.545980 
1718.575056 86.969180 
1720.503872 88.174824 
1722.432688 88.424556 
1724.361504 88.697628 
1726.290320 88.807210 
1728.219136 88.488526 
1730.147952 87.808015 
1732.076768 87.235179 
1734.005584 86.881484 
1735.934400 87.806656 
1737.863216 87.709514 
1739.792032 87.473926 
1741.720848 87.298961 
1743.649664 87.004980 
1745.578480 86.725888 
1747.507296 86.232899 
1749.436112 86.013017 
1751.364928 86.619182 
1753.293744 87.118283 
1755.222560 87.011483 
1757.151376 86.657691 
1759.080192 86.664473 
1761.009008 86.429260 
1762.937824 86.650549 
1764.866640 86.794236 
1766.795456 86.477541 
1768.724272 86.036263 
1770.653088 85.557237 
1772.581904 85.342301 
1774.510720 85.891684 
1776.439536 86.087042 
1778.368352 86.040673 
1780.297168 85.796452 
1782.225984 85.980373 
1784.154800 85.997298 
1786.083616 86.177691 
1788.012432 86.121793 
1789.941248 85.543173 
1791.870064 85.058999 
1793.798880 85.532759 
1795.727696 85.628159 
1797.656512 85.684703 
1799.585328 85.505920 
1801.514144 85.525514 
1803.442960 85.789751 
1805.371776 85.911969 
1807.300592 85.670820 
1809.229408 85.373140 
1811.158224 85.169767 
1813.087040 85.437277 
1815.015856 85.490504 
1816.944672 85.313886 
1818.873488 85.166525 
1820.802304 85.033310 
1822.731120 84.641227 
1824.659936 84.386121 
1826.588752 84.323455 
1828.517568 83.977312 
1830.446384 83.970484 
1832.375200 84.427472 
1834.304016 84.359603 
1836.232832 84.160871 
1838.161648 84.035546 
1840.090464 83.950186 
1842.019280 83.361176 
1843.948096 83.018002 
1845.876912 83.333581 
1847.805728 83.730474 
1849.734544 84.050246 
1851.663360 84.385905 
1853.592176 84.486340 
1855.520992 84.535989 
1857.449808 84.525590 
1859.378624 84.584277 
1861.307440 84.641481 
1863.236256 84.709288 
1865.165072 84.280422 
1867.093888 83.590538 
1869.022704 83.426218 
1870.951520 83.862329 
1872.880336 83.933184 
1874.809152 83.858833 
1876.737968 83.628883 
1878.666784 83.496772 
1880.595600 83.394502 
1882.524416 83.408782 
1884.453232 83.404414 
1886.382048 83.401573 
1888.310864 83.072313 
1890.239680 83.122568 
1892.168496 83.259102 
1894.097312 83.118241 
1896.026128 83.034406 
1897.954944 83.119810 
1899.883760 82.958926 
1901.812576 82.847539 
1903.741392 82.685820 
1905.670208 82.493727 
1907.599024 82.147593 
1909.527840 82.136829 
1911.456656 82.264586 
1913.385472 82.186234 
1915.314288 81.789568 
1917.243104 81.499549 
1919.171920 81.422436 
1921.100736 81.296069 
1923.029552 81.201194 
1924.958368 81.529442 
1926.887184 81.601351 
1928.816000 81.707503 
1930.744816 81.686983 
1932.673632 81.703114 
1934.602448 81.629679 
1936.531264 81.684953 
1938.460080 81.592330 
1940.388896 81.418262 
1942.317712 81.173957 
1944.246528 81.279931 
1946.175344 81.147163 
1948.104160 81.046596 
1950.032976 80.991453 
1951.961792 81.106491 
1953.890608 81.115811 
1955.819424 81.344648 
1957.748240 81.350136 
1959.677056 81.404237 
1961.605872 81.254383 
1963.534688 81.168625 
1965.463504 81.014191 
1967.392320 81.376908 
1969.321136 81.627806 
1971.249952 81.817705 
1973.178768 81.749099 
1975.107584 81.836844 
1977.036400 81.712694 
1978.965216 81.739286 
1980.894032 81.745680 
1982.822848 81.689430 
1984.751664 81.544981 
1986.680480 81.595424 
1988.609296 81.537396 
1990.538112 81.566845 
1992.466928 81.484464 
1994.395744 81.556423 
1996.324560 81.341495 
1998.253376 81.485325 
2000.182192 81.613896 
2002.111008 81.700244 
2004.039824 81.627857 
2005.968640 81.785934 
2007.897456 81.728311 
2009.826272 81.670803 
2011.755088 81.462743 
2013.683904 81.428298 
2015.612720 81.399783 
2017.541536 81.524117 
2019.470352 81.627815 
2021.399168 81.879438 
2023.327984 81.793083 
2025.256800 81.830825 
2027.185616 81.818192 
2029.114432 81.933076 
2031.043248 81.842162 
2032.972064 81.752754 
2034.900880 81.520359 
2036.829696 81.400696 
2038.758512 81.286772 
2040.687328 81.455708 
2042.616144 81.546647 
2044.544960 81.636787 
2046.473776 81.590772 
2048.402592 81.583299 
2050.331408 81.471751 
2052.260224 81.614128 
2054.189040 81.701347 
2056.117856 81.716139 
2058.046672 81.609730 
2059.975488 81.669242 
2061.904304 81.581112 
2063.833120 81.409660 
2065.761936 81.267975 
2067.690752 81.308733 
2069.619568 81.342621 
2071.548384 81.386623 
2073.477200 81.409236 
2075.406016 81.449647 
2077.334832 81.312419 
2079.263648 81.289632 
2081.192464 81.316266 
2083.121280 81.495370 
2085.050096 81.601379 
2086.978912 81.689639 
2088.907728 81.618732 
2090.836544 81.655117 
2092.765360 81.794352 
2094.694176 81.861856 
2096.622992 81.778542 
2098.551808 81.793350 
2100.480624 81.673232 
2102.409440 81.685353 
2104.338256 81.752122 
2106.267072 81.756989 
2108.195888 81.645518 
2110.124704 81.610057 
2112.053520 81.502246 
2113.982336 81.517328 
2115.911152 81.570323 
2117.839968 81.650176 
2119.768784 81.638719 
2121.697600 81.699395 
2123.626416 81.670825 
2125.555232 81.655978 
2127.484048 81.581735 
2129.412864 81.604801 
2131.341680 81.572554 
2133.270496 81.459436 
2135.199312 81.244053 
2137.128128 81.283780 
2139.056944 81.341818 
2140.985760 81.402267 
2142.914576 81.318674 
2144.843392 81.337620 
2146.772208 81.272442 
2148.701024 81.370219 
2150.629840 81.379841 
2152.558656 81.469122 
2154.487472 81.430914 
2156.416288 81.519378 
2158.345104 81.292222 
2160.273920 81.005324 
2162.202736 80.793006 
2164.131552 80.724371 
2166.060368 80.632612 
2167.989184 80.641060 
2169.918000 80.510814 
2171.846816 80.436071 
2173.775632 80.354644 
2175.704448 80.379578 
2177.633264 80.343425 
2179.562080 80.405902 
2181.490896 80.388353 
2183.419712 80.542888 
2185.348528 80.422406 
2187.277344 80.469764 
2189.206160 80.557801 
2191.134976 80.593102 
2193.063792 80.523045 
2194.992608 80.559891 
2196.921424 80.515148 
2198.850240 80.554482 
2200.779056 80.493524 
2202.707872 80.448464 
2204.636688 80.445921 
2206.565504 80.499746 
2208.494320 80.398116 
2210.423136 80.363156 
2212.351952 80.365160 
2214.280768 80.508340 
2216.209584 80.636506 
2218.138400 80.719887 
2220.067216 80.768558 
2221.996032 80.876140 
2223.924848 80.755525 
2225.853664 80.684885 
2227.782480 80.644111 
2229.711296 80.799519 
2231.640112 80.833158 
2233.568928 80.890474 
2235.497744 80.996726 
2237.426560 81.036909 
2239.355376 81.006233 
2241.284192 81.012404 
2243.213008 80.966849 
2245.141824 80.899190 
2247.070640 80.775496 
2248.999456 80.861820 
2250.928272 80.886920 
2252.857088 80.906139 
2254.785904 80.828026 
2256.714720 80.796385 
2258.643536 80.700383 
2260.572352 80.593189 
2262.501168 80.525499 
2264.429984 80.563379 
2266.358800 80.605633 
2268.287616 80.784671 
2270.216432 80.916064 
2272.145248 80.949533 
2274.074064 80.991197 
2276.002880 81.072399 
2277.931696 81.032690 
2279.860512 81.083733 
2281.789328 81.131108 
2283.718144 81.209607 
2285.646960 81.344832 
2287.575776 81.530706 
2289.504592 81.606979 
2291.433408 81.719861 
2293.362224 81.773430 
2295.291040 81.778897 
2297.219856 81.733104 
2299.148672 81.738199 
2301.077488 81.824829 
2303.006304 81.988032 
2304.935120 82.121619 
2306.863936 82.274007 
2308.792752 82.361375 
2310.721568 82.519993 
2312.650384 82.693201 
2314.579200 82.945985 
2316.508016 83.170762 
2318.436832 83.416855 
2320.365648 83.607538 
2322.294464 83.835431 
2324.223280 84.148447 
2326.152096 84.564892 
2328.080912 84.800394 
2330.009728 85.017065 
2331.938544 85.095150 
2333.867360 85.252407 
2335.796176 85.444096 
2337.724992 85.565591 
2339.653808 85.493383 
2341.582624 85.427194 
2343.511440 85.208192 
2345.440256 84.880180 
2347.369072 84.396514 
2349.297888 84.267356 
2351.226704 84.664102 
2353.155520 85.423173 
2355.084336 86.092311 
2357.013152 86.595436 
2358.941968 86.804052 
2360.870784 86.763083 
2362.799600 86.326087 
2364.728416 85.977016 
2366.657232 85.559326 
2368.586048 85.078018 
2370.514864 84.506075 
2372.443680 84.022865 
2374.372496 83.425759 
2376.301312 82.911383 
2378.230128 82.468820 
2380.158944 82.067196 
2382.087760 81.736614 
2384.016576 81.550004 
2385.945392 81.456666 
2387.874208 81.421785 
2389.803024 81.418161 
2391.731840 81.450676 
2393.660656 81.429524 
2395.589472 81.401364 
2397.518288 81.323729 
2399.447104 81.246633 
2401.375920 81.138353 
2403.304736 81.039092 
2405.233552 80.925611 
2407.162368 80.873712 
2409.091184 80.859109 
2411.020000 80.867793 
2412.948816 80.847165 
2414.877632 80.765624 
2416.806448 80.643473 
2418.735264 80.588463 
2420.664080 80.551278 
2422.592896 80.587012 
2424.521712 80.641225 
2426.450528 80.729083 
2428.379344 80.821184 
2430.308160 80.873147 
2432.236976 80.873384 
2434.165792 80.935636 
2436.094608 80.914887 
2438.023424 80.921530 
2439.952240 80.965289 
2441.881056 81.036070 
2443.809872 80.990923 
2445.738688 80.922315 
2447.667504 80.886309 
2449.596320 80.810170 
2451.525136 80.744936 
2453.453952 80.736572 
2455.382768 80.688072 
2457.311584 80.667389 
2459.240400 80.593227 
2461.169216 80.483507 
2463.098032 80.446730 
2465.026848 80.510353 
2466.955664 80.574151 
2468.884480 80.632283 
2470.813296 80.685822 
2472.742112 80.763203 
2474.670928 80.806299 
2476.599744 80.836749 
2478.528560 80.863941 
2480.457376 80.893445 
2482.386192 80.854746 
2484.315008 80.855043 
2486.243824 80.831650 
2488.172640 80.797627 
2490.101456 80.768363 
2492.030272 80.771187 
2493.959088 80.692671 
2495.887904 80.616672 
2497.816720 80.583169 
2499.745536 80.608963 
2501.674352 80.542085 
2503.603168 80.514223 
2505.531984 80.445797 
2507.460800 80.427489 
2509.389616 80.448537 
2511.318432 80.511487 
2513.247248 80.528073 
2515.176064 80.564622 
2517.104880 80.549995 
2519.033696 80.552981 
2520.962512 80.486499 
2522.891328 80.388207 
2524.820144 80.296596 
2526.748960 80.272112 
2528.677776 80.285521 
2530.606592 80.301785 
2532.535408 80.315393 
2534.464224 80.358569 
2536.393040 80.378762 
2538.321856 80.408959 
2540.250672 80.376321 
2542.179488 80.408759 
2544.108304 80.423455 
2546.037120 80.467961 
2547.965936 80.495464 
2549.894752 80.494723 
2551.823568 80.469586 
2553.752384 80.501921 
2555.681200 80.478473 
2557.610016 80.432952 
2559.538832 80.358026 
2561.467648 80.310271 
2563.396464 80.246610 
2565.325280 80.228330 
2567.254096 80.209723 
2569.182912 80.210613 
2571.111728 80.192730 
2573.040544 80.168961 
2574.969360 80.109991 
2576.898176 80.050705 
2578.826992 79.993414 
2580.755808 80.008023 
2582.684624 79.999916 
2584.613440 80.020708 
2586.542256 80.071828 
2588.471072 80.128057 
2590.399888 80.147460 
2592.328704 80.167775 
2594.257520 80.179706 
2596.186336 80.214603 
2598.115152 80.192895 
2600.043968 80.177981 
2601.972784 80.187652 
2603.901600 80.236547 
2605.830416 80.216459 
2607.759232 80.198498 
2609.688048 80.225443 
2611.616864 80.304991 
2613.545680 80.306279 
2615.474496 80.291268 
2617.403312 80.300468 
2619.332128 80.334264 
2621.260944 80.376148 
2623.189760 80.448179 
2625.118576 80.486188 
2627.047392 80.519676 
2628.976208 80.544705 
2630.905024 80.582215 
2632.833840 80.604575 
2634.762656 80.661071 
2636.691472 80.711161 
2638.620288 80.782536 
2640.549104 80.853578 
2642.477920 80.889124 
2644.406736 80.892195 
2646.335552 80.883120 
2648.264368 80.860240 
2650.193184 80.859810 
2652.122000 80.841497 
2654.050816 80.880263 
2655.979632 80.950623 
2657.908448 81.027410 
2659.837264 81.066694 
2661.766080 81.104777 
2663.694896 81.147477 
2665.623712 81.147955 
2667.552528 81.095128 
2669.481344 81.041052 
2671.410160 81.002083 
2673.338976 80.983340 
2675.267792 80.967647 
2677.196608 80.957297 
2679.125424 80.941943 
2681.054240 80.934194 
2682.983056 80.931204 
2684.911872 80.961918 
2686.840688 80.989790 
2688.769504 80.960025 
2690.698320 80.952195 
2692.627136 80.980617 
2694.555952 80.974318 
2696.484768 80.980275 
2698.413584 81.009801 
2700.342400 81.043497 
2702.271216 81.035835 
2704.200032 81.026845 
2706.128848 81.007851 
2708.057664 81.007334 
2709.986480 81.016440 
2711.915296 81.011703 
2713.844112 80.993544 
2715.772928 80.992015 
2717.701744 80.960741 
2719.630560 80.933515 
2721.559376 80.905785 
2723.488192 80.861221 
2725.417008 80.831369 
2727.345824 80.845405 
2729.274640 80.846035 
2731.203456 80.862402 
2733.132272 80.871442 
2735.061088 80.883290 
2736.989904 80.901282 
2738.918720 80.910705 
2740.847536 80.903056 
2742.776352 80.883700 
2744.705168 80.854596 
2746.633984 80.827178 
2748.562800 80.788434 
2750.491616 80.810473 
2752.420432 80.848324 
2754.349248 80.865363 
2756.278064 80.830821 
2758.206880 80.788560 
2760.135696 80.696966 
2762.064512 80.589130 
2763.993328 80.474777 
2765.922144 80.391988 
2767.850960 80.325482 
2769.779776 80.280687 
2771.708592 80.282076 
2773.637408 80.385416 
2775.566224 80.468722 
2777.495040 80.494905 
2779.423856 80.527147 
2781.352672 80.576910 
2783.281488 80.560837 
2785.210304 80.503079 
2787.139120 80.456100 
2789.067936 80.408975 
2790.996752 80.372008 
2792.925568 80.340470 
2794.854384 80.286562 
2796.783200 80.239702 
2798.712016 80.222230 
2800.640832 80.189434 
2802.569648 80.134005 
2804.498464 80.079586 
2806.427280 80.007081 
2808.356096 79.934759 
2810.284912 79.859436 
2812.213728 79.830881 
2814.142544 79.788564 
2816.071360 79.727478 
2818.000176 79.658245 
2819.928992 79.601796 
2821.857808 79.549669 
2823.786624 79.497906 
2825.715440 79.441291 
2827.644256 79.390514 
2829.573072 79.322056 
2831.501888 79.314018 
2833.430704 79.316983 
2835.359520 79.270459 
2837.288336 79.172793 
2839.217152 79.098281 
2841.145968 79.026737 
2843.074784 78.954709 
2845.003600 78.867317 
2846.932416 78.789118 
2848.861232 78.712982 
2850.790048 78.626423 
2852.718864 78.495846 
2854.647680 78.379659 
2856.576496 78.253888 
2858.505312 78.039227 
2860.434128 77.736100 
2862.362944 77.420313 
2864.291760 77.025857 
2866.220576 76.613910 
2868.149392 76.252529 
2870.078208 76.026089 
2872.007024 76.060612 
2873.935840 76.372336 
2875.864656 76.818458 
2877.793472 77.265405 
2879.722288 77.544370 
2881.651104 77.726827 
2883.579920 77.823917 
2885.508736 77.868063 
2887.437552 77.828389 
2889.366368 77.739548 
2891.295184 77.599150 
2893.224000 77.431216 
2895.152816 77.249852 
2897.081632 77.050280 
2899.010448 76.790015 
2900.939264 76.525618 
2902.868080 76.401293 
2904.796896 76.504545 
2906.725712 76.670582 
2908.654528 76.901114 
2910.583344 77.162472 
2912.512160 77.389488 
2914.440976 77.583911 
2916.369792 77.726611 
2918.298608 77.806584 
2920.227424 77.860548 
2922.156240 77.834787 
2924.085056 77.764238 
2926.013872 77.662477 
2927.942688 77.564796 
2929.871504 77.547689 
2931.800320 77.605573 
2933.729136 77.656112 
2935.657952 77.676537 
2937.586768 77.647087 
2939.515584 77.615582 
2941.444400 77.667650 
2943.373216 77.774176 
2945.302032 77.802253 
2947.230848 77.800970 
2949.159664 77.762085 
2951.088480 77.696252 
2953.017296 77.603781 
2954.946112 77.468565 
2956.874928 77.290056 
2958.803744 77.076915 
2960.732560 76.832290 
2962.661376 76.581991 
2964.590192 76.333196 
2966.519008 76.124346 
2968.447824 75.981686 
2970.376640 75.902414 
2972.305456 75.754964 
2974.234272 75.559560 
2976.163088 75.308218 
2978.091904 75.133871 
2980.020720 75.325825 
2981.949536 75.859809 
2983.878352 76.342946 
2985.807168 76.624607 
2987.735984 76.774855 
2989.664800 76.932407 
2991.593616 77.104648 
2993.522432 77.234973 
2995.451248 77.350939 
2997.380064 77.412158 
2999.308880 77.348452 
3001.237696 77.212798 
3003.166512 77.048863 
3005.095328 76.964044 
3007.024144 76.911065 
3008.952960 76.837226 
3010.881776 76.749206 
3012.810592 76.700952 
3014.739408 76.684523 
3016.668224 76.684204 
3018.597040 76.651446 
3020.525856 76.526263 
3022.454672 76.368046 
3024.383488 76.230454 
3026.312304 76.019978 
3028.241120 75.750764 
3030.169936 75.380337 
3032.098752 75.043084 
3034.027568 74.771004 
3035.956384 74.474910 
3037.885200 74.154681 
3039.814016 73.887943 
3041.742832 73.767903 
3043.671648 73.833326 
3045.600464 73.985108 
3047.529280 74.133783 
3049.458096 74.210399 
3051.386912 74.222440 
3053.315728 74.139771 
3055.244544 73.928491 
3057.173360 73.636520 
3059.102176 73.372927 
3061.030992 73.154463 
3062.959808 73.143173 
3064.888624 73.450846 
3066.817440 74.000888 
3068.746256 74.566127 
3070.675072 75.037668 
3072.603888 75.369239 
3074.532704 75.593044 
3076.461520 75.773093 
3078.390336 75.987389 
3080.319152 76.189267 
3082.247968 76.379926 
3084.176784 76.598056 
3086.105600 76.862734 
3088.034416 77.061952 
3089.963232 77.213278 
3091.892048 77.341671 
3093.820864 77.409288 
3095.749680 77.451035 
3097.678496 77.511131 
3099.607312 77.522874 
3101.536128 77.591080 
3103.464944 77.663309 
3105.393760 77.684614 
3107.322576 77.672002 
3109.251392 77.730458 
3111.180208 77.796255 
3113.109024 77.819656 
3115.037840 77.786943 
3116.966656 77.729162 
3118.895472 77.696872 
3120.824288 77.687669 
3122.753104 77.670148 
3124.681920 77.707336 
3126.610736 77.696845 
3128.539552 77.662469 
3130.468368 77.634040 
3132.397184 77.642642 
3134.326000 77.657805 
3136.254816 77.600725 
3138.183632 77.494844 
3140.112448 77.486334 
3142.041264 77.462133 
3143.970080 77.407807 
3145.898896 77.339840 
3147.827712 77.280337 
3149.756528 77.200161 
3151.685344 77.197724 
3153.614160 77.191484 
3155.542976 77.166901 
3157.471792 77.117868 
3159.400608 77.104282 
3161.329424 77.064831 
3163.258240 77.050074 
3165.187056 76.997342 
3167.115872 76.953769 
3169.044688 77.003130 
3170.973504 77.081999 
3172.902320 77.067690 
3174.831136 77.023257 
3176.759952 76.914251 
3178.688768 76.802520 
3180.617584 76.718126 
3182.546400 76.625862 
3184.475216 76.550574 
3186.404032 76.554108 
3188.332848 76.625027 
3190.261664 76.700305 
3192.190480 76.729399 
3194.119296 76.710108 
3196.048112 76.683753 
3197.976928 76.676896 
3199.905744 76.692362 
3201.834560 76.664111 
3203.763376 76.623954 
3205.692192 76.671674 
3207.621008 76.703576 
3209.549824 76.745776 
3211.478640 76.761905 
3213.407456 76.723972 
3215.336272 76.719413 
3217.265088 76.730614 
3219.193904 76.654449 
3221.122720 76.618632 
3223.051536 76.636870 
3224.980352 76.703065 
3226.909168 76.760128 
3228.837984 76.807656 
3230.766800 76.860879 
3232.695616 76.955835 
3234.624432 77.010551 
3236.553248 77.033277 
3238.482064 77.012435 
3240.410880 77.014982 
3242.339696 76.971475 
3244.268512 76.962737 
3246.197328 77.020776 
3248.126144 77.133745 
3250.054960 77.250143 
3251.983776 77.300681 
3253.912592 77.290446 
3255.841408 77.367377 
3257.770224 77.390719 
3259.699040 77.332506 
3261.627856 77.304786 
3263.556672 77.330937 
3265.485488 77.398590 
3267.414304 77.499074 
3269.343120 77.516843 
3271.271936 77.493163 
3273.200752 77.485046 
3275.129568 77.551946 
3277.058384 77.615149 
3278.987200 77.699543 
3280.916016 77.708964 
3282.844832 77.701313 
3284.773648 77.756544 
3286.702464 77.797315 
3288.631280 77.774593 
3290.560096 77.769436 
3292.488912 77.755397 
3294.417728 77.789955 
3296.346544 77.765251 
3298.275360 77.814155 
3300.204176 77.852421 
3302.132992 77.819554 
3304.061808 77.788783 
3305.990624 77.832426 
3307.919440 77.824034 
3309.848256 77.782567 
3311.777072 77.823227 
3313.705888 77.878478 
3315.634704 77.899108 
3317.563520 77.909686 
3319.492336 77.861309 
3321.421152 77.816066 
3323.349968 77.771167 
3325.278784 77.793549 
3327.207600 77.801592 
3329.136416 77.845428 
3331.065232 77.826167 
3332.994048 77.741337 
3334.922864 77.602562 
3336.851680 77.563511 
3338.780496 77.584060 
3340.709312 77.563303 
3342.638128 77.489512 
3344.566944 77.414702 
3346.495760 77.364499 
3348.424576 77.373602 
3350.353392 77.374286 
3352.282208 77.365210 
3354.211024 77.331972 
3356.139840 77.364105 
3358.068656 77.374525 
3359.997472 77.170991 
3361.926288 76.764631 
3363.855104 76.249285 
3365.783920 75.615167 
3367.712736 75.371531 
3369.641552 75.797525 
3371.570368 76.543846 
3373.499184 77.066491 
3375.428000 77.356759 
3377.356816 77.519580 
3379.285632 77.580121 
3381.214448 77.541757 
3383.143264 77.465058 
3385.072080 77.305729 
3387.000896 77.055120 
3388.929712 76.606203 
3390.858528 76.067727 
3392.787344 75.814076 
3394.716160 76.044492 
3396.644976 76.521390 
3398.573792 77.318139 
3400.502608 78.029935 
3402.431424 78.572165 
3404.360240 78.964390 
3406.289056 79.243187 
3408.217872 79.488502 
3410.146688 79.690788 
3412.075504 79.861853 
3414.004320 79.937606 
3415.933136 79.919062 
3417.861952 79.915295 
3419.790768 79.809072 
3421.719584 79.843535 
3423.648400 79.947671 
3425.577216 79.969526 
3427.506032 79.951165 
3429.434848 79.957848 
3431.363664 79.991195 
3433.292480 80.031048 
3435.221296 80.041483 
3437.150112 80.061928 
3439.078928 80.050268 
3441.007744 79.847578 
3442.936560 79.649440 
3444.865376 79.567209 
3446.794192 79.354443 
3448.723008 79.525464 
3450.651824 79.739650 
3452.580640 79.854795 
3454.509456 79.913429 
3456.438272 79.919955 
3458.367088 79.936090 
3460.295904 79.887403 
3462.224720 79.793208 
3464.153536 79.841687 
3466.082352 79.858529 
3468.011168 79.939837 
3469.939984 80.023983 
3471.868800 80.073574 
3473.797616 80.093788 
3475.726432 80.156846 
3477.655248 80.238009 
3479.584064 80.092298 
3481.512880 79.910538 
3483.441696 80.100469 
3485.370512 80.351160 
3487.299328 80.487175 
3489.228144 80.638632 
3491.156960 80.884578 
3493.085776 80.997414 
3495.014592 80.985085 
3496.943408 81.101521 
3498.872224 81.149378 
3500.801040 80.816403 
3502.729856 80.609113 
3504.658672 80.991240 
3506.587488 81.278735 
3508.516304 81.082347 
3510.445120 81.193735 
3512.373936 81.552627 
3514.302752 81.794622 
3516.231568 81.846705 
3518.160384 81.713351 
3520.089200 81.566773 
3522.018016 81.218051 
3523.946832 80.916996 
3525.875648 80.941595 
3527.804464 81.050377 
3529.733280 81.392465 
3531.662096 81.686412 
3533.590912 81.802298 
3535.519728 81.659585 
3537.448544 81.809654 
3539.377360 81.988444 
3541.306176 81.771941 
3543.234992 81.288133 
3545.163808 80.792786 
3547.092624 80.941109 
3549.021440 81.471769 
3550.950256 81.487906 
3552.879072 81.420503 
3554.807888 81.786200 
3556.736704 82.078772 
3558.665520 82.050683 
3560.594336 81.752790 
3562.523152 81.350009 
3564.451968 80.452746 
3566.380784 79.321894 
3568.309600 80.330506 
3570.238416 81.619158 
3572.167232 81.938378 
3574.096048 81.768870 
3576.024864 81.756576 
3577.953680 81.951730 
3579.882496 81.972066 
3581.811312 81.867123 
3583.740128 81.526615 
3585.668944 80.728181 
3587.597760 80.285936 
3589.526576 81.300033 
3591.455392 81.689685 
3593.384208 81.271619 
3595.313024 80.921170 
3597.241840 81.159838 
3599.170656 81.458322 
3601.099472 81.624283 
3603.028288 81.821613 
3604.957104 81.757745 
3606.885920 81.118084 
3608.814736 80.884611 
3610.743552 81.113997 
3612.672368 80.730463 
3614.601184 80.556575 
3616.530000 80.505065 
3618.458816 80.372847 
3620.387632 81.212134 
3622.316448 81.829422 
3624.245264 81.823301 
3626.174080 81.015511 
3628.102896 79.325806 
3630.031712 79.973142 
3631.960528 81.084789 
3633.889344 81.366810 
3635.818160 81.616026 
3637.746976 81.776500 
3639.675792 81.997476 
3641.604608 81.912559 
3643.533424 81.574887 
3645.462240 80.793525 
3647.391056 79.029981 
3649.319872 78.194334 
3651.248688 79.874255 
3653.177504 81.024293 
3655.106320 80.808712 
3657.035136 81.033371 
3658.963952 81.818183 
3660.892768 82.274528 
3662.821584 82.411603 
3664.750400 82.310833 
3666.679216 81.943240 
3668.608032 80.801777 
3670.536848 80.434340 
3672.465664 80.924251 
3674.394480 79.697720 
3676.323296 79.594486 
3678.252112 81.073854 
3680.180928 81.963445 
3682.109744 82.434559 
3684.038560 82.272511 
3685.967376 81.609475 
3687.896192 80.330125 
3689.825008 79.943918 
3691.753824 81.282418 
3693.682640 82.187958 
3695.611456 82.299517 
3697.540272 82.274497 
3699.469088 82.098115 
3701.397904 81.971233 
3703.326720 82.379673 
3705.255536 82.389982 
3707.184352 81.880033 
3709.113168 80.876985 
3711.041984 80.124028 
3712.970800 81.229634 
3714.899616 82.078239 
3716.828432 82.167186 
3718.757248 81.819304 
3720.686064 81.434103 
3722.614880 81.304294 
3724.543696 81.406007 
3726.472512 81.713504 
3728.401328 82.207178 
3730.330144 81.933443 
3732.258960 80.760975 
3734.187776 79.636427 
3736.116592 80.064879 
3738.045408 81.069173 
3739.974224 81.458934 
3741.903040 81.354829 
3743.831856 80.559782 
3745.760672 80.259573 
3747.689488 80.101530 
3749.618304 79.184777 
3751.547120 79.375239 
3753.475936 80.715583 
3755.404752 81.280309 
3757.333568 81.130914 
3759.262384 81.084213 
3761.191200 81.696064 
3763.120016 81.832728 
3765.048832 81.441897 
3766.977648 81.429764 
3768.906464 81.377752 
3770.835280 81.750561 
3772.764096 82.238302 
3774.692912 82.314637 
3776.621728 82.103308 
3778.550544 81.616419 
3780.479360 81.681394 
3782.408176 81.878155 
3784.336992 81.679534 
3786.265808 81.927939 
3788.194624 82.299221 
3790.123440 82.453127 
3792.052256 82.536124 
3793.981072 82.177791 
3795.909888 81.445651 
3797.838704 81.186353 
3799.767520 80.635645 
3801.696336 80.033258 
3803.625152 81.001859 
3805.553968 81.208654 
3807.482784 81.446224 
3809.411600 82.005756 
3811.340416 82.262764 
3813.269232 82.039284 
3815.198048 81.062944 
3817.126864 80.742080 
3819.055680 80.411672 
3820.984496 79.882378 
3822.913312 81.184795 
3824.842128 81.567991 
3826.770944 81.536215 
3828.699760 81.739401 
3830.628576 81.612052 
3832.557392 81.389690 
3834.486208 81.182569 
3836.415024 80.429638 
3838.343840 79.691460 
3840.272656 80.093455 
3842.201472 80.971785 
3844.130288 81.569371 
3846.059104 81.935632 
3847.987920 81.784252 
3849.916736 81.027152 
3851.845552 79.411078 
3853.774368 79.198836 
3855.703184 80.853695 
3857.632000 81.381817 
3859.560816 81.572159 
3861.489632 81.153270 
3863.418448 80.555845 
3865.347264 80.653244 
3867.276080 80.794462 
3869.204896 80.004242 
3871.133712 80.371805 
3873.062528 80.888467 
3874.991344 81.428520 
3876.920160 81.888962 
3878.848976 81.297911 
3880.777792 80.756136 
3882.706608 80.957159 
3884.635424 80.722039 
3886.564240 81.262251 
3888.493056 81.714596 
3890.421872 81.166452 
3892.350688 81.139138 
3894.279504 81.632797 
3896.208320 81.636732 
3898.137136 80.938696 
3900.065952 80.218193 
3901.994768 79.840722 
3903.923584 79.833449 
3905.852400 80.898302 
3907.781216 81.794838 
3909.710032 82.046603 
3911.638848 82.000047 
3913.567664 81.894233 
3915.496480 81.490536 
3917.425296 81.181999 
3919.354112 81.338685 
3921.282928 81.498861 
3923.211744 81.300977 
3925.140560 81.273221 
3927.069376 81.617355 
3928.998192 81.346881 
3930.927008 80.931747 
3932.855824 81.175088 
3934.784640 81.739942 
3936.713456 81.929761 
3938.642272 81.915128 
3940.571088 81.738032 
3942.499904 81.432952 
3944.428720 81.561141 
3946.357536 81.545042 
3948.286352 81.264350 
3950.215168 81.470773 
3952.143984 81.768071 
3954.072800 81.907897 
3956.001616 81.875518 
3957.930432 81.834712 
3959.859248 81.799777 
3961.788064 81.745532 
3963.716880 81.926065 
3965.645696 82.138444 
3967.574512 82.093831 
3969.503328 81.997527 
3971.432144 81.954022 
3973.360960 81.866646 
3975.289776 81.866673 
3977.218592 81.996172 
3979.147408 82.027035 
3981.076224 81.987352 
3983.005040 82.034335 
3984.933856 82.131735 
3986.862672 82.083540 
3988.791488 81.964168 
3990.720304 81.894845 
3992.649120 81.972525 
3994.577936 82.025136 
3996.506752 82.030652 
3998.435568 82.015467 
4000.364384 82.045488 