##YUNITS=%T
399.264912 106.845368 
401.193728 92.381898 
403.122544 83.558648 
405.051360 87.504644 
406.980176 70.762361 
408.908992 71.516259 
410.837808 67.976372 
412.766624 73.213834 
414.695440 70.361471 
416.624256 28.651923 
418.553072 23.923599 
420.481888 79.114177 
422.410704 154.210210 
424.339520 155.069638 
426.268336 134.449887 
428.197152 123.855933 
430.125968 156.484783 
432.054784 119.717695 
433.983600 115.974627 
435.912416 140.161887 
437.841232 110.182444 
439.770048 85.274668 
441.698864 59.511201 
443.627680 142.178354 
445.556496 186.203155 
447.485312 100.763064 
449.414128 74.991637 
451.342944 108.555133 
453.271760 190.392151 
455.200576 182.894109 
457.129392 117.612770 
459.058208 64.925013 
460.987024 72.456165 
462.915840 89.847122 
464.844656 90.502031 
466.773472 123.478079 
468.702288 194.258604 
470.631104 139.947451 
472.559920 77.360957 
474.488736 81.800644 
476.417552 85.534518 
478.346368 77.190428 
480.275184 71.093320 
482.204000 71.506297 
484.132816 84.151178 
486.061632 96.894165 
487.990448 125.901714 
489.919264 115.601297 
491.848080 126.061376 
493.776896 107.705996 
495.705712 101.147237 
497.634528 97.769005 
499.563344 103.059425 
501.492160 90.206473 
503.420976 123.828026 
505.349792 161.735186 
507.278608 154.822062 
509.207424 131.047893 
511.136240 135.329274 
513.065056 112.686064 
514.993872 109.217007 
516.922688 145.410616 
518.851504 137.218638 
520.780320 94.557182 
522.709136 87.722973 
524.637952 79.980691 
526.566768 70.457549 
528.495584 65.717080 
530.424400 82.324245 
532.353216 89.717140 
534.282032 103.684291 
536.210848 87.082025 
538.139664 66.077686 
540.068480 49.501720 
541.997296 46.470920 
543.926112 84.496430 
545.854928 72.490711 
547.783744 43.421206 
549.712560 58.550888 
551.641376 60.935794 
553.570192 62.843696 
555.499008 66.195195 
557.427824 77.267222 
559.356640 82.040702 
561.285456 73.897336 
563.214272 68.146691 
565.143088 75.214646 
567.071904 76.563970 
569.000720 81.300484 
570.929536 90.596117 
572.858352 86.600914 
574.787168 73.434994 
576.715984 69.294675 
578.644800 73.681937 
580.573616 76.442147 
582.502432 73.950748 
584.431248 71.644783 
586.360064 70.441741 
588.288880 71.789725 
590.217696 71.450279 
592.146512 72.057582 
594.075328 70.087380 
596.004144 67.724799 
597.932960 65.491751 
599.861776 64.368906 
601.790592 64.925171 
603.719408 63.891063 
605.648224 64.179794 
607.577040 68.563571 
609.505856 69.632834 
611.434672 68.817554 
613.363488 68.677050 
615.292304 64.890040 
617.221120 61.376175 
619.149936 60.868461 
621.078752 62.280192 
623.007568 62.492179 
624.936384 65.354316 
626.865200 67.638352 
628.794016 64.293116 
630.722832 62.584566 
632.651648 64.188803 
634.580464 61.411892 
636.509280 56.037828 
638.438096 54.075342 
640.366912 59.387000 
642.295728 63.738231 
644.224544 61.437982 
646.153360 58.639547 
648.082176 59.456314 
650.010992 63.132821 
651.939808 64.021869 
653.868624 63.026750 
655.797440 62.484995 
657.726256 61.059284 
659.655072 60.272632 
661.583888 60.011072 
663.512704 59.801240 
665.441520 58.908381 
667.370336 59.171442 
669.299152 59.846817 
671.227968 59.080587 
673.156784 58.902675 
675.085600 58.840542 
677.014416 58.436557 
678.943232 57.635380 
680.872048 56.427181 
682.800864 54.664802 
684.729680 52.241043 
686.658496 49.477498 
688.587312 47.000491 
690.516128 46.244247 
692.444944 46.566459 
694.373760 46.836535 
696.302576 47.556290 
698.231392 48.671583 
700.160208 49.193434 
702.089024 49.928787 
704.017840 51.055026 
705.946656 53.606202 
707.875472 56.811665 
709.804288 58.224411 
711.733104 58.170496 
713.661920 57.638835 
715.590736 56.800950 
717.519552 55.888912 
719.448368 55.125690 
721.377184 54.164423 
723.306000 52.987193 
725.234816 52.039376 
727.163632 50.746916 
729.092448 48.721893 
731.021264 46.532568 
732.950080 44.141983 
734.878896 41.441747 
736.807712 38.195661 
738.736528 34.502891 
740.665344 30.831052 
742.594160 27.512976 
744.522976 26.220017 
746.451792 27.589714 
748.380608 29.767148 
750.309424 30.094657 
752.238240 28.552111 
754.167056 28.393044 
756.095872 29.558013 
758.024688 29.980036 
759.953504 30.678782 
761.882320 32.984510 
763.811136 35.600165 
765.739952 38.220487 
767.668768 41.979283 
769.597584 46.037200 
771.526400 48.662293 
773.455216 49.533341 
775.384032 49.302261 
777.312848 48.274451 
779.241664 46.939293 
781.170480 44.883171 
783.099296 41.899670 
785.028112 39.526810 
786.956928 40.071840 
788.885744 43.382271 
790.814560 46.835753 
792.743376 48.906767 
794.672192 50.256684 
796.601008 52.444064 
798.529824 55.918237 
800.458640 58.269978 
802.387456 58.206127 
804.316272 56.537994 
806.245088 54.647236 
808.173904 53.136648 
810.102720 52.247508 
812.031536 51.046444 
813.960352 48.497562 
815.889168 45.746213 
817.817984 44.203564 
819.746800 44.157199 
821.675616 44.808168 
823.604432 46.472951 
825.533248 51.415712 
827.462064 59.712999 
829.390880 66.753344 
831.319696 69.723207 
833.248512 70.172579 
835.177328 69.656446 
837.106144 68.754645 
839.034960 67.196471 
840.963776 65.059293 
842.892592 62.501088 
844.821408 59.880397 
846.750224 58.003625 
848.679040 57.856161 
850.607856 59.765740 
852.536672 63.057980 
854.465488 66.283893 
856.394304 68.345838 
858.323120 69.127139 
860.251936 68.837938 
862.180752 67.729445 
864.109568 65.903220 
866.038384 63.825208 
867.967200 63.368629 
869.896016 64.263590 
871.824832 64.350322 
873.753648 63.721483 
875.682464 63.921710 
877.611280 65.207145 
879.540096 66.204856 
881.468912 65.669776 
883.397728 63.904154 
885.326544 62.096640 
887.255360 61.466106 
889.184176 61.965439 
891.112992 62.759583 
893.041808 63.588965 
894.970624 63.579273 
896.899440 62.385515 
898.828256 60.637402 
900.757072 58.680083 
902.685888 56.886958 
904.614704 56.131810 
906.543520 56.891483 
908.472336 58.257882 
910.401152 59.169790 
912.329968 59.250531 
914.258784 58.545298 
916.187600 57.571328 
918.116416 56.298851 
920.045232 54.607248 
921.974048 52.824308 
923.902864 51.262555 
925.831680 50.241764 
927.760496 49.933003 
929.689312 50.108767 
931.618128 50.351379 
933.546944 50.066111 
935.475760 48.962867 
937.404576 47.476745 
939.333392 46.675495 
941.262208 47.304818 
943.191024 49.179561 
945.119840 51.038381 
947.048656 51.567113 
948.977472 50.625460 
950.906288 49.801239 
952.835104 49.681821 
954.763920 49.401928 
956.692736 49.589452 
958.621552 51.139113 
960.550368 52.715859 
962.479184 53.440899 
964.408000 53.923651 
966.336816 55.392300 
968.265632 58.097728 
970.194448 60.386927 
972.123264 60.833885 
974.052080 59.703837 
975.980896 58.503853 
977.909712 58.179220 
979.838528 58.425495 
981.767344 58.884423 
983.696160 59.642341 
985.624976 60.698287 
987.553792 61.247873 
989.482608 60.916463 
991.411424 59.977765 
993.340240 58.467372 
995.269056 56.281459 
997.197872 53.572936 
999.126688 50.347085 
1001.055504 46.394072 
1002.984320 41.879259 
1004.913136 37.928987 
1006.841952 35.513287 
1008.770768 34.450651 
1010.699584 34.886802 
1012.628400 38.061731 
1014.557216 44.358095 
1016.486032 51.418029 
1018.414848 56.030275 
1020.343664 57.426173 
1022.272480 56.735191 
1024.201296 55.769054 
1026.130112 54.831459 
1028.058928 54.073234 
1029.987744 54.362266 
1031.916560 54.911234 
1033.845376 55.294080 
1035.774192 55.718147 
1037.703008 55.867966 
1039.631824 56.006410 
1041.560640 56.427359 
1043.489456 56.442511 
1045.418272 55.133240 
1047.347088 52.604207 
1049.275904 49.523145 
1051.204720 47.820410 
1053.133536 48.556948 
1055.062352 50.138564 
1056.991168 51.643334 
1058.919984 53.562028 
1060.848800 55.305142 
1062.777616 55.907347 
1064.706432 55.452389 
1066.635248 54.479349 
1068.564064 53.354947 
1070.492880 52.663255 
1072.421696 52.856486 
1074.350512 54.042307 
1076.279328 55.232934 
1078.208144 55.320516 
1080.136960 53.768956 
1082.065776 50.850103 
1083.994592 48.455770 
1085.923408 48.925703 
1087.852224 51.796571 
1089.781040 55.061871 
1091.709856 57.049866 
1093.638672 56.809157 
1095.567488 54.140316 
1097.496304 49.421385 
1099.425120 43.911190 
1101.353936 40.778593 
1103.282752 42.047620 
1105.211568 45.623554 
1107.140384 48.510298 
1109.069200 49.813298 
1110.998016 49.606381 
1112.926832 49.024018 
1114.855648 49.911905 
1116.784464 52.420216 
1118.713280 54.579367 
1120.642096 55.742473 
1122.570912 57.152742 
1124.499728 59.518380 
1126.428544 62.057563 
1128.357360 64.000477 
1130.286176 64.905520 
1132.214992 64.924285 
1134.143808 64.557160 
1136.072624 64.195844 
1138.001440 63.528004 
1139.930256 62.489153 
1141.859072 60.206606 
1143.787888 56.235583 
1145.716704 51.711869 
1147.645520 50.086941 
1149.574336 52.593308 
1151.503152 56.667663 
1153.431968 60.774509 
1155.360784 64.309801 
1157.289600 66.106916 
1159.218416 66.523048 
1161.147232 66.437840 
1163.076048 66.171822 
1165.004864 65.428056 
1166.933680 64.408105 
1168.862496 63.411255 
1170.791312 62.390523 
1172.720128 60.909006 
1174.648944 59.322401 
1176.577760 57.675341 
1178.506576 56.417168 
1180.435392 56.293675 
1182.364208 57.173033 
1184.293024 57.737687 
1186.221840 57.326895 
1188.150656 55.960912 
1190.079472 53.953419 
1192.008288 51.599306 
1193.937104 49.508523 
1195.865920 48.232180 
1197.794736 47.968028 
1199.723552 48.201307 
1201.652368 47.652050 
1203.581184 45.785412 
1205.510000 43.842147 
1207.438816 42.908890 
1209.367632 43.414734 
1211.296448 45.265678 
1213.225264 47.027711 
1215.154080 47.151700 
1217.082896 45.845790 
1219.011712 44.125786 
1220.940528 42.604380 
1222.869344 41.145520 
1224.798160 40.417690 
1226.726976 41.641911 
1228.655792 44.722260 
1230.584608 48.201081 
1232.513424 51.101982 
1234.442240 53.343889 
1236.371056 55.197161 
1238.299872 56.874315 
1240.228688 58.299259 
1242.157504 58.987115 
1244.086320 58.952895 
1246.015136 58.392212 
1247.943952 57.376478 
1249.872768 55.765587 
1251.801584 53.529805 
1253.730400 50.395266 
1255.659216 46.437108 
1257.588032 42.438474 
1259.516848 40.082484 
1261.445664 40.325762 
1263.374480 41.748073 
1265.303296 42.004877 
1267.232112 40.215484 
1269.160928 37.003173 
1271.089744 33.616055 
1273.018560 30.728257 
1274.947376 27.949756 
1276.876192 25.284293 
1278.805008 23.740591 
1280.733824 24.028624 
1282.662640 26.312891 
1284.591456 29.911400 
1286.520272 33.954005 
1288.449088 37.753279 
1290.377904 41.167156 
1292.306720 44.343957 
1294.235536 47.247028 
1296.164352 49.903320 
1298.093168 52.345939 
1300.021984 54.268549 
1301.950800 56.173057 
1303.879616 57.999664 
1305.808432 59.033159 
1307.737248 59.203310 
1309.666064 59.142461 
1311.594880 59.133484 
1313.523696 58.994555 
1315.452512 58.549990 
1317.381328 58.606155 
1319.310144 60.007321 
1321.238960 61.310718 
1323.167776 61.059073 
1325.096592 59.694314 
1327.025408 58.206961 
1328.954224 56.996847 
1330.883040 55.500981 
1332.811856 54.086548 
1334.740672 53.919250 
1336.669488 55.103779 
1338.598304 57.496882 
1340.527120 60.986823 
1342.455936 62.848553 
1344.384752 62.588261 
1346.313568 61.120206 
1348.242384 59.279168 
1350.171200 57.454345 
1352.100016 55.242031 
1354.028832 52.635512 
1355.957648 50.600132 
1357.886464 49.549824 
1359.815280 48.847542 
1361.744096 47.857932 
1363.672912 46.662182 
1365.601728 45.781141 
1367.530544 44.649187 
1369.459360 42.767779 
1371.388176 40.805932 
1373.316992 39.159367 
1375.245808 38.643460 
1377.174624 40.844236 
1379.103440 45.940878 
1381.032256 51.673934 
1382.961072 55.468933 
1384.889888 56.617756 
1386.818704 55.870733 
1388.747520 54.190892 
1390.676336 52.329122 
1392.605152 49.949595 
1394.533968 46.717105 
1396.462784 43.677165 
1398.391600 42.441920 
1400.320416 42.713323 
1402.249232 44.482979 
1404.178048 47.905960 
1406.106864 52.762862 
1408.035680 56.380846 
1409.964496 58.682009 
1411.893312 59.657952 
1413.822128 59.513342 
1415.750944 58.489235 
1417.679760 57.091133 
1419.608576 55.725814 
1421.537392 54.644290 
1423.466208 53.201015 
1425.395024 52.383972 
1427.323840 52.836327 
1429.252656 53.540002 
1431.181472 53.030167 
1433.110288 50.946255 
1435.039104 48.272183 
1436.967920 45.266332 
1438.896736 43.479979 
1440.825552 42.601437 
1442.754368 42.194572 
1444.683184 42.756870 
1446.612000 44.357082 
1448.540816 47.068132 
1450.469632 48.271609 
1452.398448 47.348973 
1454.327264 44.791257 
1456.256080 39.710281 
1458.184896 31.188374 
1460.113712 27.102413 
1462.042528 27.521105 
1463.971344 33.026497 
1465.900160 44.499844 
1467.828976 52.868609 
1469.757792 57.060484 
1471.686608 55.536802 
1473.615424 49.713811 
1475.544240 48.646384 
1477.473056 51.339888 
1479.401872 54.169926 
1481.330688 55.079458 
1483.259504 54.443307 
1485.188320 54.739315 
1487.117136 58.127250 
1489.045952 62.978064 
1490.974768 66.349438 
1492.903584 67.027798 
1494.832400 65.763929 
1496.761216 62.803884 
1498.690032 59.219776 
1500.618848 55.180831 
1502.547664 51.062520 
1504.476480 47.558496 
1506.405296 44.559081 
1508.334112 44.099228 
1510.262928 45.154055 
1512.191744 46.237804 
1514.120560 47.673671 
1516.049376 50.509897 
1517.978192 56.161832 
1519.907008 58.810857 
1521.835824 61.837128 
1523.764640 62.894097 
1525.693456 62.535817 
1527.622272 61.147797 
1529.551088 59.613587 
1531.479904 57.378447 
1533.408720 54.142635 
1535.337536 51.922446 
1537.266352 50.915288 
1539.195168 49.080330 
1541.123984 47.461579 
1543.052800 46.107893 
1544.981616 43.815792 
1546.910432 41.619233 
1548.839248 39.699984 
1550.768064 38.126472 
1552.696880 37.184899 
1554.625696 36.183764 
1556.554512 35.381468 
1558.483328 37.764391 
1560.412144 41.314282 
1562.340960 42.590126 
1564.269776 44.894126 
1566.198592 47.698182 
1568.127408 48.750109 
1570.056224 47.858530 
1571.985040 45.363520 
1573.913856 42.286941 
1575.842672 39.202353 
1577.771488 38.223230 
1579.700304 38.824029 
1581.629120 39.363167 
1583.557936 39.800985 
1585.486752 41.172963 
1587.415568 43.931307 
1589.344384 47.164501 
1591.273200 49.774708 
1593.202016 51.554675 
1595.130832 52.293098 
1597.059648 50.932601 
1598.988464 47.332116 
1600.917280 43.764915 
1602.846096 42.498716 
1604.774912 43.808780 
1606.703728 46.185782 
1608.632544 48.823992 
1610.561360 51.298298 
1612.490176 53.357337 
1614.418992 54.772766 
1616.347808 56.483238 
1618.276624 58.170337 
1620.205440 58.650756 
1622.134256 58.777746 
1624.063072 58.994401 
1625.991888 58.380970 
1627.920704 55.805602 
1629.849520 51.920941 
1631.778336 47.462715 
1633.707152 42.670724 
1635.635968 35.822261 
1637.564784 31.238583 
1639.493600 30.294780 
1641.422416 31.565206 
1643.351232 34.177170 
1645.280048 37.728812 
1647.208864 44.884320 
1649.137680 49.587802 
1651.066496 51.439300 
1652.995312 58.234528 
1654.924128 67.462274 
1656.852944 71.565227 
1658.781760 76.236281 
1660.710576 79.639263 
1662.639392 82.571305 
1664.568208 84.856029 
1666.497024 85.728796 
1668.425840 85.645408 
1670.354656 86.306868 
1672.283472 86.996492 
1674.212288 87.215835 
1676.141104 87.320204 
1678.069920 87.321928 
1679.998736 86.422842 
1681.927552 85.601267 
1683.856368 84.432295 
1685.785184 85.011392 
1687.714000 84.852052 
1689.642816 84.448850 
1691.571632 84.306432 
1693.500448 84.144959 
1695.429264 83.842765 
1697.358080 84.534583 
1699.286896 84.889072 
1701.215712 85.867692 
1703.144528 85.985881 
1705.073344 85.850305 
1707.002160 86.234864 
1708.930976 86.737859 
1710.859792 86.735154 
1712.788608 86.439342 
1714.717424 85.570120 
1716.646240 85.350058 
1718.575056 86.857135 
1720.503872 88.106521 
1722.432688 88.338818 
1724.361504 88.632769 
1726.290320 88.770941 
1728.219136 88.453238 
1730.147952 87.738480 
1732.076768 87.169851 
1734.005584 86.793305 
1735.934400 87.677443 
1737.863216 87.594408 
1739.792032 87.362346 
1741.720848 87.187366 
1743.649664 86.895563 
1745.578480 86.630853 
1747.507296 86.148775 
1749.436112 85.894212 
1751.364928 86.512380 
1753.293744 87.036853 
1755.222560 86.918889 
1757.151376 86.592150 
1759.080192 86.625377 
1761.009008 86.350396 
1762.937824 86.567539 
1764.866640 86.732334 
1766.795456 86.399590 
1768.724272 85.909775 
1770.653088 85.382257 
1772.581904 85.213753 
1774.510720 85.823684 
1776.439536 86.015319 
1778.368352 85.957481 
1780.297168 85.725224 
1782.225984 85.921581 
1784.154800 85.927320 
1786.083616 86.118253 
1788.012432 86.065278 
1789.941248 85.470508 
1791.870064 84.994814 
1793.798880 85.485082 
1795.727696 85.594005 
1797.656512 85.643131 
1799.585328 85.421962 
1801.514144 85.417881 
1803.442960 85.749653 
1805.371776 85.894364 
1807.300592 85.639224 
1809.229408 85.327987 
1811.158224 85.095224 
1813.087040 85.374827 
1815.015856 85.444694 
1816.944672 85.271630 
1818.873488 85.119153 
1820.802304 84.999022 
1822.731120 84.594297 
1824.659936 84.304925 
1826.588752 84.234986 
1828.517568 83.874209 
1830.446384 83.862090 
1832.375200 84.372368 
1834.304016 84.319414 
1836.232832 84.094841 
1838.161648 83.927699 
1840.090464 83.843949 
1842.019280 83.271352 
1843.948096 82.952045 
1845.876912 83.293755 
1847.805728 83.718756 
1849.734544 84.080754 
1851.663360 84.355734 
1853.592176 84.434389 
1855.520992 84.537735 
1857.449808 84.510181 
1859.378624 84.539971 
1861.307440 84.569270 
1863.236256 84.657703 
1865.165072 84.275015 
1867.093888 83.543909 
1869.022704 83.339805 
1870.951520 83.819077 
1872.880336 83.910660 
1874.809152 83.832674 
1876.737968 83.593136 
1878.666784 83.462714 
1880.595600 83.375277 
1882.524416 83.354458 
1884.453232 83.368624 
1886.382048 83.423706 
1888.310864 83.096582 
1890.239680 83.104707 
1892.168496 83.231861 
1894.097312 83.111896 
1896.026128 83.003394 
1897.954944 83.037938 
1899.883760 82.906452 
1901.812576 82.873318 
1903.741392 82.679725 
1905.670208 82.471160 
1907.599024 82.110471 
1909.527840 82.016510 
1911.456656 82.160909 
1913.385472 82.165073 
1915.314288 81.794754 
1917.243104 81.505385 
1919.171920 81.427561 
1921.100736 81.306990 
1923.029552 81.202592 
1924.958368 81.517116 
1926.887184 81.527681 
1928.816000 81.641238 
1930.744816 81.670011 
1932.673632 81.711952 
1934.602448 81.659868 
1936.531264 81.731275 
1938.460080 81.660160 
1940.388896 81.405042 
1942.317712 81.122483 
1944.246528 81.216744 
1946.175344 81.096397 
1948.104160 81.036877 
1950.032976 81.036196 
1951.961792 81.161421 
1953.890608 81.190808 
1955.819424 81.378748 
1957.748240 81.337434 
1959.677056 81.356593 
1961.605872 81.136666 
1963.534688 81.062061 
1965.463504 80.953508 
1967.392320 81.331464 
1969.321136 81.657542 
1971.249952 81.847453 
1973.178768 81.796804 
1975.107584 81.737939 
1977.036400 81.650565 
1978.965216 81.817773 
1980.894032 81.716927 
1982.822848 81.752055 
1984.751664 81.631408 
1986.680480 81.580143 
1988.609296 81.435332 
1990.538112 81.521004 
1992.466928 81.451131 
1994.395744 81.464114 
1996.324560 81.385857 
1998.253376 81.557635 
2000.182192 81.601874 
2002.111008 81.781627 
2004.039824 81.876728 
2005.968640 81.933355 
2007.897456 81.699577 
2009.826272 81.699262 
2011.755088 81.594556 
2013.683904 81.544257 
2015.612720 81.432555 
2017.541536 81.530708 
2019.470352 81.629471 
2021.399168 81.814417 
2023.327984 81.589164 
2025.256800 81.757282 
2027.185616 81.784191 
2029.114432 81.824425 
2031.043248 81.774835 
2032.972064 81.811507 
2034.900880 81.556615 
2036.829696 81.364863 
2038.758512 81.210050 
2040.687328 81.349712 
2042.616144 81.472525 
2044.544960 81.585256 
2046.473776 81.526861 
2048.402592 81.538605 
2050.331408 81.383286 
2052.260224 81.496418 
2054.189040 81.528935 
2056.117856 81.607167 
2058.046672 81.614302 
2059.975488 81.599451 
2061.904304 81.381339 
2063.833120 81.230526 
2065.761936 81.219462 
2067.690752 81.371296 
2069.619568 81.388848 
2071.548384 81.385807 
2073.477200 81.343887 
2075.406016 81.345941 
2077.334832 81.310035 
2079.263648 81.266510 
2081.192464 81.222695 
2083.121280 81.356000 
2085.050096 81.454626 
2086.978912 81.546110 
2088.907728 81.505793 
2090.836544 81.562964 
2092.765360 81.684796 
2094.694176 81.768180 
2096.622992 81.670553 
2098.551808 81.661740 
2100.480624 81.620104 
2102.409440 81.672028 
2104.338256 81.669884 
2106.267072 81.627721 
2108.195888 81.590396 
2110.124704 81.621891 
2112.053520 81.512892 
2113.982336 81.501558 
2115.911152 81.528830 
2117.839968 81.619553 
2119.768784 81.667878 
2121.697600 81.736357 
2123.626416 81.693960 
2125.555232 81.627292 
2127.484048 81.526105 
2129.412864 81.544640 
2131.341680 81.532106 
2133.270496 81.489300 
2135.199312 81.319770 
2137.128128 81.335341 
2139.056944 81.318221 
2140.985760 81.384578 
2142.914576 81.209602 
2144.843392 81.125548 
2146.772208 81.013020 
2148.701024 81.117128 
2150.629840 81.193355 
2152.558656 81.419671 
2154.487472 81.431711 
2156.416288 81.395456 
2158.345104 81.001236 
2160.273920 80.739857 
2162.202736 80.579240 
2164.131552 80.552608 
2166.060368 80.506271 
2167.989184 80.554996 
2169.918000 80.445570 
2171.846816 80.332849 
2173.775632 80.201394 
2175.704448 80.201160 
2177.633264 80.193908 
2179.562080 80.410790 
2181.490896 80.451928 
2183.419712 80.518981 
2185.348528 80.425497 
2187.277344 80.451606 
2189.206160 80.378541 
2191.134976 80.241807 
2193.063792 80.192346 
2194.992608 80.451482 
2196.921424 80.439082 
2198.850240 80.460146 
2200.779056 80.456135 
2202.707872 80.497549 
2204.636688 80.488770 
2206.565504 80.486216 
2208.494320 80.221185 
2210.423136 80.160753 
2212.351952 80.307436 
2214.280768 80.466764 
2216.209584 80.537984 
2218.138400 80.689359 
2220.067216 80.783307 
2221.996032 80.788040 
2223.924848 80.664872 
2225.853664 80.699081 
2227.782480 80.713637 
2229.711296 80.759768 
2231.640112 80.683494 
2233.568928 80.753491 
2235.497744 80.862045 
2237.426560 80.908966 
2239.355376 80.888355 
2241.284192 80.922243 
2243.213008 80.892000 
2245.141824 80.835201 
2247.070640 80.749084 
2248.999456 80.767556 
2250.928272 80.711343 
2252.857088 80.731485 
2254.785904 80.692075 
2256.714720 80.677671 
2258.643536 80.579127 
2260.572352 80.526459 
2262.501168 80.450117 
2264.429984 80.507288 
2266.358800 80.527302 
2268.287616 80.681868 
2270.216432 80.808100 
2272.145248 80.876570 
2274.074064 80.902792 
2276.002880 80.991798 
2277.931696 80.970803 
2279.860512 81.022597 
2281.789328 81.091488 
2283.718144 81.184475 
2285.646960 81.306961 
2287.575776 81.444937 
2289.504592 81.513036 
2291.433408 81.638753 
2293.362224 81.685263 
2295.291040 81.705567 
2297.219856 81.676074 
2299.148672 81.686813 
2301.077488 81.776203 
2303.006304 81.938776 
2304.935120 82.032027 
2306.863936 82.163590 
2308.792752 82.270364 
2310.721568 82.423870 
2312.650384 82.626283 
2314.579200 82.837260 
2316.508016 83.043235 
2318.436832 83.326792 
2320.365648 83.535480 
2322.294464 83.694470 
2324.223280 83.963010 
2326.152096 84.468065 
2328.080912 84.801841 
2330.009728 85.011467 
2331.938544 85.104278 
2333.867360 85.299197 
2335.796176 85.387989 
2337.724992 85.438645 
2339.653808 85.371580 
2341.582624 85.388868 
2343.511440 85.197848 
2345.440256 84.812778 
2347.369072 84.331729 
2349.297888 84.251165 
2351.226704 84.682598 
2353.155520 85.394806 
2355.084336 86.024134 
2357.013152 86.634399 
2358.941968 86.888787 
2360.870784 86.833668 
2362.799600 86.420714 
2364.728416 86.077975 
2366.657232 85.539065 
2368.586048 84.954377 
2370.514864 84.357568 
2372.443680 83.833092 
2374.372496 83.288222 
2376.301312 82.769837 
2378.230128 82.323394 
2380.158944 81.991184 
2382.087760 81.699141 
2384.016576 81.493199 
2385.945392 81.366139 
2387.874208 81.324093 
2389.803024 81.342141 
2391.731840 81.397675 
2393.660656 81.385604 
2395.589472 81.332602 
2397.518288 81.215607 
2399.447104 81.129310 
2401.375920 81.032728 
2403.304736 80.933093 
2405.233552 80.841052 
2407.162368 80.806554 
2409.091184 80.779749 
2411.020000 80.765984 
2412.948816 80.721403 
2414.877632 80.639766 
2416.806448 80.546866 
2418.735264 80.521126 
2420.664080 80.502006 
2422.592896 80.535099 
2424.521712 80.588881 
2426.450528 80.651982 
2428.379344 80.729084 
2430.308160 80.801076 
2432.236976 80.804567 
2434.165792 80.849382 
2436.094608 80.836171 
2438.023424 80.783021 
2439.952240 80.784032 
2441.881056 80.900788 
2443.809872 80.883833 
2445.738688 80.842783 
2447.667504 80.826978 
2449.596320 80.780821 
2451.525136 80.721202 
2453.453952 80.696659 
2455.382768 80.624160 
2457.311584 80.545202 
2459.240400 80.488703 
2461.169216 80.411453 
2463.098032 80.390351 
2465.026848 80.469621 
2466.955664 80.505761 
2468.884480 80.518513 
2470.813296 80.516537 
2472.742112 80.568806 
2474.670928 80.623617 
2476.599744 80.694385 
2478.528560 80.728586 
2480.457376 80.752147 
2482.386192 80.707663 
2484.315008 80.698106 
2486.243824 80.688516 
2488.172640 80.732035 
2490.101456 80.689410 
2492.030272 80.664420 
2493.959088 80.566026 
2495.887904 80.488764 
2497.816720 80.481433 
2499.745536 80.506411 
2501.674352 80.452107 
2503.603168 80.426328 
2505.531984 80.372688 
2507.460800 80.339366 
2509.389616 80.352622 
2511.318432 80.406167 
2513.247248 80.417603 
2515.176064 80.455292 
2517.104880 80.435878 
2519.033696 80.424405 
2520.962512 80.358644 
2522.891328 80.269231 
2524.820144 80.163123 
2526.748960 80.162210 
2528.677776 80.189290 
2530.606592 80.188312 
2532.535408 80.207821 
2534.464224 80.247512 
2536.393040 80.276807 
2538.321856 80.292901 
2540.250672 80.284254 
2542.179488 80.303902 
2544.108304 80.324748 
2546.037120 80.354921 
2547.965936 80.356150 
2549.894752 80.388363 
2551.823568 80.387535 
2553.752384 80.404281 
2555.681200 80.347961 
2557.610016 80.305964 
2559.538832 80.235543 
2561.467648 80.180675 
2563.396464 80.144430 
2565.325280 80.128685 
2567.254096 80.112598 
2569.182912 80.153496 
2571.111728 80.135225 
2573.040544 80.052702 
2574.969360 80.003306 
2576.898176 79.975390 
2578.826992 79.893685 
2580.755808 79.881615 
2582.684624 79.871549 
2584.613440 79.894378 
2586.542256 79.942782 
2588.471072 80.041792 
2590.399888 80.082084 
2592.328704 80.070734 
2594.257520 80.069008 
2596.186336 80.100816 
2598.115152 80.079198 
2600.043968 80.066844 
2601.972784 80.047997 
2603.901600 80.092534 
2605.830416 80.124126 
2607.759232 80.123008 
2609.688048 80.134437 
2611.616864 80.196500 
2613.545680 80.181342 
2615.474496 80.163028 
2617.403312 80.167811 
2619.332128 80.210565 
2621.260944 80.255266 
2623.189760 80.305572 
2625.118576 80.362460 
2627.047392 80.456777 
2628.976208 80.468221 
2630.905024 80.466206 
2632.833840 80.498430 
2634.762656 80.545576 
2636.691472 80.576568 
2638.620288 80.661831 
2640.549104 80.737530 
2642.477920 80.778482 
2644.406736 80.794037 
2646.335552 80.801746 
2648.264368 80.773584 
2650.193184 80.759355 
2652.122000 80.766102 
2654.050816 80.797462 
2655.979632 80.824959 
2657.908448 80.872962 
2659.837264 80.945716 
2661.766080 81.001720 
2663.694896 81.035873 
2665.623712 81.066050 
2667.552528 81.027979 
2669.481344 80.970698 
2671.410160 80.905670 
2673.338976 80.874722 
2675.267792 80.855336 
2677.196608 80.832284 
2679.125424 80.817239 
2681.054240 80.832296 
2682.983056 80.868925 
2684.911872 80.870590 
2686.840688 80.878388 
2688.769504 80.872035 
2690.698320 80.867620 
2692.627136 80.906354 
2694.555952 80.905799 
2696.484768 80.913571 
2698.413584 80.938911 
2700.342400 80.949738 
2702.271216 80.950166 
2704.200032 80.958529 
2706.128848 80.948318 
2708.057664 80.924313 
2709.986480 80.920199 
2711.915296 80.928047 
2713.844112 80.908867 
2715.772928 80.907701 
2717.701744 80.872013 
2719.630560 80.848351 
2721.559376 80.827976 
2723.488192 80.804386 
2725.417008 80.776305 
2727.345824 80.758332 
2729.274640 80.745965 
2731.203456 80.765944 
2733.132272 80.770485 
2735.061088 80.781964 
2736.989904 80.811053 
2738.918720 80.847692 
2740.847536 80.852724 
2742.776352 80.826560 
2744.705168 80.783410 
2746.633984 80.736092 
2748.562800 80.690718 
2750.491616 80.733783 
2752.420432 80.784801 
2754.349248 80.795764 
2756.278064 80.758847 
2758.206880 80.702976 
2760.135696 80.630464 
2762.064512 80.545227 
2763.993328 80.428627 
2765.922144 80.330166 
2767.850960 80.253921 
2769.779776 80.199963 
2771.708592 80.208960 
2773.637408 80.298686 
2775.566224 80.370278 
2777.495040 80.415446 
2779.423856 80.462760 
2781.352672 80.481217 
2783.281488 80.474377 
2785.210304 80.440113 
2787.139120 80.388659 
2789.067936 80.338514 
2790.996752 80.294483 
2792.925568 80.269379 
2794.854384 80.237507 
2796.783200 80.177249 
2798.712016 80.140739 
2800.640832 80.137401 
2802.569648 80.073185 
2804.498464 80.005773 
2806.427280 79.928205 
2808.356096 79.850628 
2810.284912 79.788189 
2812.213728 79.738129 
2814.142544 79.692611 
2816.071360 79.637624 
2818.000176 79.574907 
2819.928992 79.517909 
2821.857808 79.449128 
2823.786624 79.398304 
2825.715440 79.349951 
2827.644256 79.315329 
2829.573072 79.304171 
2831.501888 79.304853 
2833.430704 79.251216 
2835.359520 79.194072 
2837.288336 79.109392 
2839.217152 79.030821 
2841.145968 78.971631 
2843.074784 78.919122 
2845.003600 78.830129 
2846.932416 78.719854 
2848.861232 78.624059 
2850.790048 78.570924 
2852.718864 78.491935 
2854.647680 78.391461 
2856.576496 78.222421 
2858.505312 77.977916 
2860.434128 77.661291 
2862.362944 77.357250 
2864.291760 76.998829 
2866.220576 76.600216 
2868.149392 76.220682 
2870.078208 75.972974 
2872.007024 76.014433 
2873.935840 76.316199 
2875.864656 76.739412 
2877.793472 77.152469 
2879.722288 77.441411 
2881.651104 77.657086 
2883.579920 77.769307 
2885.508736 77.804285 
2887.437552 77.774767 
2889.366368 77.691505 
2891.295184 77.548841 
2893.224000 77.387212 
2895.152816 77.186392 
2897.081632 76.988806 
2899.010448 76.750284 
2900.939264 76.500402 
2902.868080 76.382117 
2904.796896 76.474232 
2906.725712 76.647660 
2908.654528 76.866875 
2910.583344 77.095274 
2912.512160 77.334254 
2914.440976 77.555500 
2916.369792 77.709642 
2918.298608 77.743842 
2920.227424 77.771027 
2922.156240 77.794490 
2924.085056 77.762478 
2926.013872 77.636462 
2927.942688 77.531080 
2929.871504 77.518617 
2931.800320 77.578832 
2933.729136 77.594452 
2935.657952 77.584657 
2937.586768 77.570924 
2939.515584 77.552781 
2941.444400 77.607938 
2943.373216 77.725967 
2945.302032 77.785258 
2947.230848 77.787346 
2949.159664 77.731886 
2951.088480 77.648794 
2953.017296 77.530556 
2954.946112 77.419986 
2956.874928 77.280133 
2958.803744 77.074215 
2960.732560 76.805703 
2962.661376 76.529079 
2964.590192 76.282263 
2966.519008 76.094532 
2968.447824 75.972356 
2970.376640 75.879655 
2972.305456 75.739753 
2974.234272 75.557190 
2976.163088 75.321495 
2978.091904 75.128922 
2980.020720 75.264978 
2981.949536 75.786093 
2983.878352 76.307032 
2985.807168 76.637547 
2987.735984 76.787660 
2989.664800 76.907753 
2991.593616 77.055689 
2993.522432 77.230582 
2995.451248 77.372071 
2997.380064 77.378118 
2999.308880 77.265463 
3001.237696 77.114214 
3003.166512 76.964930 
3005.095328 76.915751 
3007.024144 76.856007 
3008.952960 76.766932 
3010.881776 76.657664 
3012.810592 76.615460 
3014.739408 76.613801 
3016.668224 76.611666 
3018.597040 76.547337 
3020.525856 76.438098 
3022.454672 76.307251 
3024.383488 76.168881 
3026.312304 75.962462 
3028.241120 75.697091 
3030.169936 75.338713 
3032.098752 75.006229 
3034.027568 74.730579 
3035.956384 74.413083 
3037.885200 74.085430 
3039.814016 73.831831 
3041.742832 73.732595 
3043.671648 73.793596 
3045.600464 73.920544 
3047.529280 74.068396 
3049.458096 74.133794 
3051.386912 74.132925 
3053.315728 74.030045 
3055.244544 73.818169 
3057.173360 73.557140 
3059.102176 73.317504 
3061.030992 73.085599 
3062.959808 73.075935 
3064.888624 73.392367 
3066.817440 73.937791 
3068.746256 74.507714 
3070.675072 74.969523 
3072.603888 75.310812 
3074.532704 75.540559 
3076.461520 75.707778 
3078.390336 75.900742 
3080.319152 76.106262 
3082.247968 76.329041 
3084.176784 76.557919 
3086.105600 76.817806 
3088.034416 77.016653 
3089.963232 77.150823 
3091.892048 77.240629 
3093.820864 77.329820 
3095.749680 77.393747 
3097.678496 77.475264 
3099.607312 77.474070 
3101.536128 77.499463 
3103.464944 77.572294 
3105.393760 77.573458 
3107.322576 77.575086 
3109.251392 77.662319 
3111.180208 77.754175 
3113.109024 77.770891 
3115.037840 77.687742 
3116.966656 77.615105 
3118.895472 77.597027 
3120.824288 77.608283 
3122.753104 77.604763 
3124.681920 77.620837 
3126.610736 77.583014 
3128.539552 77.591155 
3130.468368 77.589154 
3132.397184 77.566127 
3134.326000 77.546943 
3136.254816 77.508855 
3138.183632 77.430852 
3140.112448 77.388223 
3142.041264 77.384359 
3143.970080 77.358781 
3145.898896 77.284421 
3147.827712 77.210884 
3149.756528 77.149271 
3151.685344 77.127056 
3153.614160 77.102052 
3155.542976 77.091174 
3157.471792 77.046576 
3159.400608 77.021235 
3161.329424 76.974835 
3163.258240 76.970774 
3165.187056 76.942098 
3167.115872 76.919777 
3169.044688 76.929995 
3170.973504 76.963368 
3172.902320 76.941386 
3174.831136 76.901449 
3176.759952 76.823282 
3178.688768 76.760780 
3180.617584 76.671338 
3182.546400 76.542920 
3184.475216 76.436944 
3186.404032 76.461890 
3188.332848 76.519312 
3190.261664 76.570092 
3192.190480 76.628951 
3194.119296 76.645288 
3196.048112 76.599488 
3197.976928 76.557363 
3199.905744 76.550747 
3201.834560 76.562587 
3203.763376 76.561747 
3205.692192 76.579670 
3207.621008 76.602408 
3209.549824 76.626418 
3211.478640 76.645298 
3213.407456 76.638963 
3215.336272 76.657153 
3217.265088 76.717551 
3219.193904 76.672637 
3221.122720 76.653570 
3223.051536 76.628190 
3224.980352 76.644215 
3226.909168 76.666469 
3228.837984 76.681353 
3230.766800 76.728196 
3232.695616 76.838451 
3234.624432 76.889812 
3236.553248 76.904873 
3238.482064 76.919652 
3240.410880 76.911504 
3242.339696 76.832874 
3244.268512 76.833987 
3246.197328 76.930674 
3248.126144 77.089248 
3250.054960 77.197703 
3251.983776 77.226596 
3253.912592 77.186009 
3255.841408 77.237240 
3257.770224 77.314895 
3259.699040 77.335240 
3261.627856 77.301753 
3263.556672 77.270043 
3265.485488 77.305808 
3267.414304 77.422302 
3269.343120 77.474129 
3271.271936 77.440332 
3273.200752 77.409322 
3275.129568 77.452684 
3277.058384 77.494760 
3278.987200 77.567451 
3280.916016 77.605116 
3282.844832 77.618072 
3284.773648 77.661839 
3286.702464 77.673644 
3288.631280 77.643235 
3290.560096 77.643535 
3292.488912 77.631290 
3294.417728 77.723101 
3296.346544 77.733242 
3298.275360 77.711284 
3300.204176 77.730740 
3302.132992 77.726687 
3304.061808 77.728325 
3305.990624 77.751158 
3307.919440 77.703580 
3309.848256 77.681340 
3311.777072 77.776674 
3313.705888 77.845429 
3315.634704 77.823265 
3317.563520 77.765424 
3319.492336 77.726309 
3321.421152 77.712373 
3323.349968 77.685958 
3325.278784 77.687034 
3327.207600 77.693984 
3329.136416 77.764254 
3331.065232 77.764631 
3332.994048 77.694203 
3334.922864 77.555384 
3336.851680 77.489554 
3338.780496 77.495725 
3340.709312 77.458079 
3342.638128 77.352301 
3344.566944 77.273285 
3346.495760 77.248058 
3348.424576 77.282712 
3350.353392 77.276853 
3352.282208 77.329856 
3354.211024 77.323106 
3356.139840 77.279297 
3358.068656 77.243462 
3359.997472 77.075749 
3361.926288 76.675970 
3363.855104 76.120892 
3365.783920 75.500771 
3367.712736 75.241019 
3369.641552 75.674928 
3371.570368 76.460911 
3373.499184 77.021123 
3375.428000 77.298312 
3377.356816 77.423022 
3379.285632 77.491429 
3381.214448 77.460288 
3383.143264 77.383530 
3385.072080 77.186153 
3387.000896 76.923005 
3388.929712 76.508300 
3390.858528 75.937546 
3392.787344 75.631348 
3394.716160 75.901549 
3396.644976 76.413893 
3398.573792 77.201241 
3400.502608 77.943471 
3402.431424 78.474748 
3404.360240 78.836039 
3406.289056 79.107779 
3408.217872 79.370849 
3410.146688 79.629076 
3412.075504 79.794915 
3414.004320 79.869614 
3415.933136 79.864319 
3417.861952 79.764979 
3419.790768 79.589826 
3421.719584 79.664740 
3423.648400 79.825463 
3425.577216 79.874649 
3427.506032 79.879148 
3429.434848 79.862358 
3431.363664 79.875166 
3433.292480 79.904725 
3435.221296 79.875867 
3437.150112 79.890667 
3439.078928 79.888171 
3441.007744 79.730299 
3442.936560 79.536163 
3444.865376 79.427956 
3446.794192 79.249376 
3448.723008 79.435440 
3450.651824 79.650309 
3452.580640 79.760099 
3454.509456 79.818128 
3456.438272 79.794514 
3458.367088 79.770918 
3460.295904 79.756584 
3462.224720 79.712851 
3464.153536 79.791576 
3466.082352 79.837669 
3468.011168 79.902447 
3469.939984 79.943424 
3471.868800 79.969762 
3473.797616 80.007432 
3475.726432 80.072756 
3477.655248 80.146636 
3479.584064 80.014213 
3481.512880 79.854100 
3483.441696 80.060636 
3485.370512 80.329558 
3487.299328 80.410069 
3489.228144 80.527286 
3491.156960 80.765124 
3493.085776 80.938660 
3495.014592 81.001252 
3496.943408 81.051269 
3498.872224 81.064971 
3500.801040 80.787092 
3502.729856 80.543409 
3504.658672 80.815986 
3506.587488 81.128072 
3508.516304 80.995970 
3510.445120 81.076766 
3512.373936 81.436126 
3514.302752 81.720623 
3516.231568 81.809975 
3518.160384 81.690549 
3520.089200 81.482055 
3522.018016 81.076918 
3523.946832 80.753279 
3525.875648 80.774223 
3527.804464 80.837637 
3529.733280 81.173698 
3531.662096 81.514411 
3533.590912 81.653123 
3535.519728 81.555856 
3537.448544 81.688726 
3539.377360 81.881556 
3541.306176 81.722421 
3543.234992 81.221647 
3545.163808 80.691476 
3547.092624 80.825020 
3549.021440 81.316204 
3550.950256 81.320710 
3552.879072 81.285449 
3554.807888 81.687255 
3556.736704 81.989243 
3558.665520 81.944630 
3560.594336 81.629331 
3562.523152 81.217653 
3564.451968 80.301769 
3566.380784 79.222544 
3568.309600 80.217517 
3570.238416 81.445967 
3572.167232 81.752549 
3574.096048 81.647463 
3576.024864 81.645459 
3577.953680 81.793887 
3579.882496 81.866327 
3581.811312 81.741029 
3583.740128 81.351551 
3585.668944 80.558623 
3587.597760 80.075980 
3589.526576 81.167906 
3591.455392 81.658612 
3593.384208 81.145172 
3595.313024 80.705167 
3597.241840 81.026380 
3599.170656 81.345474 
3601.099472 81.531061 
3603.028288 81.772963 
3604.957104 81.644728 
3606.885920 80.979211 
3608.814736 80.802162 
3610.743552 80.942512 
3612.672368 80.514016 
3614.601184 80.393229 
3616.530000 80.380824 
3618.458816 80.252762 
3620.387632 81.091435 
3622.316448 81.718714 
3624.245264 81.706210 
3626.174080 80.882535 
3628.102896 79.173927 
3630.031712 79.785717 
3631.960528 80.925924 
3633.889344 81.172410 
3635.818160 81.383800 
3637.746976 81.604996 
3639.675792 81.832519 
3641.604608 81.744187 
3643.533424 81.411235 
3645.462240 80.561789 
3647.391056 78.637837 
3649.319872 77.797463 
3651.248688 79.606206 
3653.177504 80.857048 
3655.106320 80.695365 
3657.035136 80.857601 
3658.963952 81.626197 
3660.892768 82.091764 
3662.821584 82.187351 
3664.750400 82.087162 
3666.679216 81.803660 
3668.608032 80.702802 
3670.536848 80.148921 
3672.465664 80.616163 
3674.394480 79.380467 
3676.323296 79.330783 
3678.252112 80.825590 
3680.180928 81.714544 
3682.109744 82.193593 
3684.038560 82.054939 
3685.967376 81.398924 
3687.896192 80.105978 
3689.825008 79.667447 
3691.753824 81.023237 
3693.682640 81.973921 
3695.611456 82.148819 
3697.540272 82.178157 
3699.469088 82.042422 
3701.397904 81.885435 
3703.326720 82.202476 
3705.255536 82.215242 
3707.184352 81.666825 
3709.113168 80.617456 
3711.041984 79.824080 
3712.970800 80.952485 
3714.899616 81.772381 
3716.828432 81.929975 
3718.757248 81.736173 
3720.686064 81.376486 
3722.614880 81.207163 
3724.543696 81.282540 
3726.472512 81.559174 
3728.401328 82.003823 
3730.330144 81.710422 
3732.258960 80.531849 
3734.187776 79.394822 
3736.116592 79.669054 
3738.045408 80.761479 
3739.974224 81.247373 
3741.903040 81.134204 
3743.831856 80.316494 
3745.760672 80.005667 
3747.689488 79.839506 
3749.618304 78.941494 
3751.547120 79.102264 
3753.475936 80.473621 
3755.404752 81.049675 
3757.333568 80.876887 
3759.262384 80.857737 
3761.191200 81.560249 
3763.120016 81.673009 
3765.048832 81.212581 
3766.977648 81.203275 
3768.906464 81.160995 
3770.835280 81.514721 
3772.764096 82.061868 
3774.692912 82.195272 
3776.621728 81.959399 
3778.550544 81.426362 
3780.479360 81.515337 
3782.408176 81.731536 
3784.336992 81.516521 
3786.265808 81.790110 
3788.194624 82.143798 
3790.123440 82.236574 
3792.052256 82.342906 
3793.981072 82.077712 
3795.909888 81.355911 
3797.838704 81.032803 
3799.767520 80.415415 
3801.696336 79.750138 
3803.625152 80.798654 
3805.553968 81.025191 
3807.482784 81.231361 
3809.411600 81.840121 
3811.340416 82.123705 
3813.269232 81.888271 
3815.198048 80.961857 
3817.126864 80.666660 
3819.055680 80.282418 
3820.984496 79.644173 
3822.913312 80.897948 
3824.842128 81.309028 
3826.770944 81.323959 
3828.699760 81.576187 
3830.628576 81.398864 
3832.557392 81.111099 
3834.486208 80.893370 
3836.415024 80.108415 
3838.343840 79.390055 
3840.272656 79.900326 
3842.201472 80.824635 
3844.130288 81.443906 
3846.059104 81.768777 
3847.987920 81.550270 
3849.916736 80.874129 
3851.845552 79.261847 
3853.774368 78.792781 
3855.703184 80.393724 
3857.632000 81.053936 
3859.560816 81.356638 
3861.489632 80.962117 
3863.418448 80.300491 
3865.347264 80.460033 
3867.276080 80.636702 
3869.204896 79.803631 
3871.133712 80.172717 
3873.062528 80.691404 
3874.991344 81.196440 
3876.920160 81.683975 
3878.848976 81.102020 
3880.777792 80.520783 
3882.706608 80.775859 
3884.635424 80.571387 
3886.564240 81.002576 
3888.493056 81.447019 
3890.421872 80.942890 
3892.350688 80.882318 
3894.279504 81.469686 
3896.208320 81.510788 
3898.137136 80.776589 
3900.065952 80.061813 
3901.994768 79.698586 
3903.923584 79.674632 
3905.852400 80.676625 
3907.781216 81.542658 
3909.710032 81.854308 
3911.638848 81.845969 
3913.567664 81.737861 
3915.496480 81.291652 
3917.425296 80.952903 
3919.354112 81.168746 
3921.282928 81.355607 
3923.211744 81.151160 
3925.140560 81.105092 
3927.069376 81.486363 
3928.998192 81.253311 
3930.927008 80.851642 
3932.855824 80.984809 
3934.784640 81.526991 
3936.713456 81.767652 
3938.642272 81.779183 
3940.571088 81.588476 
3942.499904 81.248036 
3944.428720 81.381693 
3946.357536 81.412817 
3948.286352 81.186078 
3950.215168 81.383995 
3952.143984 81.668923 
3954.072800 81.785532 
3956.001616 81.688452 
3957.930432 81.642065 
3959.859248 81.600063 
3961.788064 81.554366 
3963.716880 81.725067 
3965.645696 81.947913 
3967.574512 81.912199 
3969.503328 81.799215 
3971.432144 81.797994 
3973.360960 81.732754 
3975.289776 81.690042 
3977.218592 81.847926 
3979.147408 81.936034 
3981.076224 81.874693 
3983.005040 81.874737 
3984.933856 81.961691 
3986.862672 81.953696 
3988.791488 81.865590 
3990.720304 81.789029 
3992.649120 81.847261 
3994.577936 81.857053 
3996.506752 81.849236 
3998.435568 81.874408 
4000.364384 81.846321 