##YUNITS=%T
399.264912 83.392020 
401.193728 89.319889 
403.122544 120.068425 
405.051360 137.962580 
406.980176 77.451356 
408.908992 66.287245 
410.837808 64.847295 
412.766624 93.446588 
414.695440 131.354372 
416.624256 89.430218 
418.553072 52.716853 
420.481888 57.044890 
422.410704 87.721160 
424.339520 96.062636 
426.268336 103.642641 
428.197152 95.961965 
430.125968 126.013124 
432.054784 138.722804 
433.983600 116.481617 
435.912416 107.371458 
437.841232 94.348625 
439.770048 131.299404 
441.698864 112.005451 
443.627680 119.650111 
445.556496 121.019815 
447.485312 89.722769 
449.414128 91.505440 
451.342944 179.075388 
453.271760 214.326448 
455.200576 145.888872 
457.129392 104.387334 
459.058208 131.859666 
460.987024 123.498542 
462.915840 104.215090 
464.844656 81.969091 
466.773472 71.527150 
468.702288 109.804441 
470.631104 78.159118 
472.559920 83.878774 
474.488736 110.310930 
476.417552 115.263913 
478.346368 119.106307 
480.275184 102.132265 
482.204000 93.461045 
484.132816 101.994657 
486.061632 96.838347 
487.990448 125.185692 
489.919264 110.473453 
491.848080 103.609746 
493.776896 128.989186 
495.705712 104.216819 
497.634528 74.237900 
499.563344 122.658274 
501.492160 107.120409 
503.420976 97.539256 
505.349792 123.873994 
507.278608 108.019821 
509.207424 83.420207 
511.136240 108.460282 
513.065056 83.118835 
514.993872 87.514773 
516.922688 142.830766 
518.851504 113.007291 
520.780320 84.240607 
522.709136 81.499375 
524.637952 78.183207 
526.566768 73.255356 
528.495584 73.096612 
530.424400 92.020442 
532.353216 107.273578 
534.282032 97.693442 
536.210848 72.181291 
538.139664 64.071027 
540.068480 59.123605 
541.997296 60.561063 
543.926112 69.680796 
545.854928 48.998148 
547.783744 51.460451 
549.712560 81.278612 
551.641376 99.548467 
553.570192 100.633348 
555.499008 90.644312 
557.427824 99.799002 
559.356640 94.399629 
561.285456 78.334525 
563.214272 68.237440 
565.143088 75.321989 
567.071904 72.121348 
569.000720 77.266040 
570.929536 84.966906 
572.858352 79.287785 
574.787168 73.974577 
576.715984 82.116182 
578.644800 80.481214 
580.573616 77.147264 
582.502432 79.115133 
584.431248 77.224559 
586.360064 74.812113 
588.288880 75.225607 
590.217696 74.993006 
592.146512 75.049034 
594.075328 77.194024 
596.004144 77.517465 
597.932960 73.757090 
599.861776 70.502708 
601.790592 71.156806 
603.719408 72.408773 
605.648224 73.697441 
607.577040 76.937111 
609.505856 77.455417 
611.434672 74.745948 
613.363488 74.711865 
615.292304 74.027062 
617.221120 71.551692 
619.149936 68.947840 
621.078752 66.510877 
623.007568 67.407943 
624.936384 69.197092 
626.865200 69.164526 
628.794016 68.678134 
630.722832 69.730594 
632.651648 70.387173 
634.580464 68.626409 
636.509280 68.869446 
638.438096 65.253617 
640.366912 64.079365 
642.295728 64.908882 
644.224544 64.006939 
646.153360 62.870226 
648.082176 63.940117 
650.010992 68.241215 
651.939808 70.486820 
653.868624 69.406337 
655.797440 68.502817 
657.726256 67.856054 
659.655072 67.323540 
661.583888 66.607252 
663.512704 66.056799 
665.441520 64.979458 
667.370336 64.832668 
669.299152 65.697873 
671.227968 65.130306 
673.156784 65.218825 
675.085600 65.427105 
677.014416 65.052123 
678.943232 64.108351 
680.872048 63.126405 
682.800864 61.658127 
684.729680 59.835584 
686.658496 57.768407 
688.587312 55.415527 
690.516128 54.382619 
692.444944 54.663952 
694.373760 55.049445 
696.302576 55.432962 
698.231392 56.531931 
700.160208 57.206654 
702.089024 57.559527 
704.017840 58.035244 
705.946656 60.510624 
707.875472 63.963268 
709.804288 65.470856 
711.733104 65.260256 
713.661920 64.732109 
715.590736 63.850926 
717.519552 62.945034 
719.448368 62.506061 
721.377184 61.676063 
723.306000 60.467371 
725.234816 59.767646 
727.163632 58.884062 
729.092448 57.406080 
731.021264 55.570068 
732.950080 53.575686 
734.878896 51.375060 
736.807712 48.693805 
738.736528 45.445127 
740.665344 42.309894 
742.594160 39.676758 
744.522976 38.762315 
746.451792 39.408691 
748.380608 40.234841 
750.309424 39.853070 
752.238240 38.400594 
754.167056 38.461372 
756.095872 39.487884 
758.024688 39.374967 
759.953504 39.390215 
761.882320 41.082322 
763.811136 43.898727 
765.739952 47.203320 
767.668768 51.158310 
769.597584 54.509148 
771.526400 56.596843 
773.455216 57.382928 
775.384032 57.370963 
777.312848 56.938610 
779.241664 56.169228 
781.170480 54.458595 
783.099296 51.535420 
785.028112 48.587551 
786.956928 47.717568 
788.885744 49.441963 
790.814560 52.230420 
792.743376 55.082568 
794.672192 57.839588 
796.601008 60.638997 
798.529824 63.892628 
800.458640 65.618427 
802.387456 65.324479 
804.316272 64.192591 
806.245088 62.978891 
808.173904 61.907430 
810.102720 60.916716 
812.031536 59.146573 
813.960352 56.133281 
815.889168 52.802715 
817.817984 50.458127 
819.746800 50.160561 
821.675616 51.856581 
823.604432 55.055601 
825.533248 60.029734 
827.462064 66.461732 
829.390880 71.630247 
831.319696 73.771418 
833.248512 74.203146 
835.177328 73.930022 
837.106144 73.238483 
839.034960 71.910505 
840.963776 70.167476 
842.892592 68.117290 
844.821408 65.900469 
846.750224 64.334042 
848.679040 64.227366 
850.607856 65.755926 
852.536672 68.567642 
854.465488 71.313480 
856.394304 73.046752 
858.323120 73.739343 
860.251936 73.553111 
862.180752 72.625627 
864.109568 70.992153 
866.038384 69.470182 
867.967200 69.628661 
869.896016 70.713513 
871.824832 70.939702 
873.753648 70.575836 
875.682464 70.692930 
877.611280 71.425957 
879.540096 72.116420 
881.468912 71.728265 
883.397728 70.306255 
885.326544 68.764969 
887.255360 67.800207 
889.184176 67.412328 
891.112992 67.842283 
893.041808 68.902008 
894.970624 69.328209 
896.899440 68.661872 
898.828256 67.526454 
900.757072 66.032844 
902.685888 64.650022 
904.614704 64.056896 
906.543520 64.701134 
908.472336 65.947275 
910.401152 66.832480 
912.329968 66.963627 
914.258784 66.659192 
916.187600 66.136514 
918.116416 65.397061 
920.045232 64.372956 
921.974048 63.239401 
923.902864 62.148897 
925.831680 61.229461 
927.760496 60.710652 
929.689312 60.364138 
931.618128 59.838871 
933.546944 58.991423 
935.475760 57.599257 
937.404576 56.043936 
939.333392 55.372258 
941.262208 55.924587 
943.191024 57.393988 
945.119840 59.233641 
947.048656 60.155073 
948.977472 59.625037 
950.906288 58.884139 
952.835104 58.584490 
954.763920 58.210036 
956.692736 58.312848 
958.621552 59.592576 
960.550368 60.818510 
962.479184 61.250987 
964.408000 61.461728 
966.336816 62.729743 
968.265632 65.197197 
970.194448 67.424937 
972.123264 68.167586 
974.052080 67.646824 
975.980896 66.918213 
977.909712 66.713467 
979.838528 66.624482 
981.767344 66.490402 
983.696160 66.843116 
985.624976 67.553772 
987.553792 67.763544 
989.482608 67.632259 
991.411424 67.164656 
993.340240 66.125744 
995.269056 64.500245 
997.197872 62.441463 
999.126688 60.088028 
1001.055504 57.099076 
1002.984320 53.433666 
1004.913136 50.066907 
1006.841952 47.975871 
1008.770768 47.106301 
1010.699584 47.343473 
1012.628400 49.546505 
1014.557216 54.102083 
1016.486032 59.379389 
1018.414848 62.875996 
1020.343664 64.000932 
1022.272480 63.569649 
1024.201296 62.906347 
1026.130112 62.319850 
1028.058928 61.906873 
1029.987744 62.355108 
1031.916560 63.070905 
1033.845376 63.276025 
1035.774192 63.220325 
1037.703008 63.113597 
1039.631824 63.327761 
1041.560640 63.853664 
1043.489456 64.014074 
1045.418272 63.189714 
1047.347088 61.492960 
1049.275904 59.165537 
1051.204720 57.567738 
1053.133536 57.757838 
1055.062352 58.897903 
1056.991168 60.121214 
1058.919984 61.497044 
1060.848800 62.624655 
1062.777616 62.973283 
1064.706432 62.632525 
1066.635248 61.943874 
1068.564064 61.061881 
1070.492880 60.409432 
1072.421696 60.437035 
1074.350512 61.267416 
1076.279328 62.170096 
1078.208144 62.296804 
1080.136960 61.076736 
1082.065776 58.864695 
1083.994592 57.055882 
1085.923408 57.318277 
1087.852224 59.268053 
1089.781040 61.549730 
1091.709856 62.796863 
1093.638672 62.389115 
1095.567488 60.460792 
1097.496304 57.412903 
1099.425120 53.744343 
1101.353936 51.437910 
1103.282752 52.156288 
1105.211568 54.571832 
1107.140384 56.552920 
1109.069200 57.385732 
1110.998016 56.981494 
1112.926832 56.348191 
1114.855648 57.150971 
1116.784464 59.461937 
1118.713280 61.472108 
1120.642096 62.470696 
1122.570912 63.181921 
1124.499728 64.412027 
1126.428544 65.912590 
1128.357360 67.384272 
1130.286176 68.313392 
1132.214992 68.693324 
1134.143808 68.655065 
1136.072624 68.593757 
1138.001440 68.342433 
1139.930256 67.772893 
1141.859072 66.227402 
1143.787888 63.360745 
1145.716704 59.983281 
1147.645520 58.675322 
1149.574336 60.407484 
1151.503152 63.596897 
1153.431968 66.970440 
1155.360784 69.687975 
1157.289600 70.947685 
1159.218416 71.229901 
1161.147232 71.191258 
1163.076048 71.039052 
1165.004864 70.451120 
1166.933680 69.723950 
1168.862496 69.008717 
1170.791312 68.177337 
1172.720128 66.939150 
1174.648944 65.704486 
1176.577760 64.595255 
1178.506576 63.868776 
1180.435392 63.765976 
1182.364208 64.051854 
1184.293024 63.998899 
1186.221840 63.482435 
1188.150656 62.578800 
1190.079472 61.249744 
1192.008288 59.548648 
1193.937104 58.125299 
1195.865920 57.356738 
1197.794736 57.293857 
1199.723552 57.445321 
1201.652368 56.884166 
1203.581184 55.326881 
1205.510000 53.751427 
1207.438816 52.948383 
1209.367632 53.314391 
1211.296448 54.802026 
1213.225264 56.206212 
1215.154080 56.317827 
1217.082896 55.303730 
1219.011712 53.952799 
1220.940528 52.771435 
1222.869344 51.587828 
1224.798160 50.858052 
1226.726976 51.518617 
1228.655792 53.662549 
1230.584608 56.217812 
1232.513424 58.435413 
1234.442240 60.184280 
1236.371056 61.659961 
1238.299872 63.030516 
1240.228688 64.180157 
1242.157504 64.733182 
1244.086320 64.805690 
1246.015136 64.510539 
1247.943952 63.881197 
1249.872768 62.846926 
1251.801584 61.327359 
1253.730400 59.074781 
1255.659216 56.135876 
1257.588032 53.084898 
1259.516848 51.253311 
1261.445664 51.279654 
1263.374480 52.044418 
1265.303296 51.875541 
1267.232112 50.208975 
1269.160928 47.526654 
1271.089744 44.976259 
1273.018560 43.026485 
1274.947376 40.954805 
1276.876192 38.730122 
1278.805008 37.207519 
1280.733824 37.032280 
1282.662640 38.451466 
1284.591456 41.018925 
1286.520272 44.052278 
1288.449088 47.044653 
1290.377904 49.893448 
1292.306720 52.631817 
1294.235536 55.167879 
1296.164352 57.425270 
1298.093168 59.314058 
1300.021984 60.616787 
1301.950800 61.796968 
1303.879616 62.849913 
1305.808432 63.364397 
1307.737248 63.381368 
1309.666064 63.333471 
1311.594880 63.443993 
1313.523696 63.560391 
1315.452512 63.396274 
1317.381328 63.492719 
1319.310144 64.505821 
1321.238960 65.445945 
1323.167776 65.112499 
1325.096592 63.860788 
1327.025408 62.502531 
1328.954224 61.283061 
1330.883040 59.832681 
1332.811856 58.619521 
1334.740672 58.570061 
1336.669488 59.929585 
1338.598304 62.532055 
1340.527120 65.832248 
1342.455936 67.387933 
1344.384752 67.171026 
1346.313568 66.019319 
1348.242384 64.621493 
1350.171200 63.340721 
1352.100016 61.735952 
1354.028832 59.724660 
1355.957648 58.034189 
1357.886464 56.863995 
1359.815280 55.666980 
1361.744096 54.224581 
1363.672912 53.021299 
1365.601728 52.230676 
1367.530544 51.312830 
1369.459360 49.973881 
1371.388176 48.597121 
1373.316992 47.585211 
1375.245808 47.637218 
1377.174624 49.623430 
1379.103440 54.064650 
1381.032256 59.049575 
1382.961072 62.409587 
1384.889888 63.518729 
1386.818704 63.207004 
1388.747520 62.117857 
1390.676336 60.515856 
1392.605152 58.253102 
1394.533968 55.469044 
1396.462784 53.091093 
1398.391600 52.446466 
1400.320416 53.177229 
1402.249232 54.624587 
1404.178048 57.298348 
1406.106864 61.066384 
1408.035680 63.606465 
1409.964496 65.000123 
1411.893312 65.411372 
1413.822128 65.039489 
1415.750944 63.956555 
1417.679760 62.869819 
1419.608576 62.425416 
1421.537392 61.687993 
1423.466208 60.574693 
1425.395024 59.915804 
1427.323840 59.854685 
1429.252656 60.336571 
1431.181472 60.274793 
1433.110288 58.924477 
1435.039104 56.950442 
1436.967920 54.979265 
1438.896736 53.509505 
1440.825552 52.433978 
1442.754368 51.764033 
1444.683184 51.820894 
1446.612000 52.771625 
1448.540816 54.841355 
1450.469632 55.614820 
1452.398448 54.783284 
1454.327264 52.593041 
1456.256080 48.564193 
1458.184896 42.374809 
1460.113712 38.776662 
1462.042528 38.306488 
1463.971344 42.022873 
1465.900160 50.978234 
1467.828976 57.372717 
1469.757792 60.402767 
1471.686608 59.539059 
1473.615424 56.426820 
1475.544240 56.427832 
1477.473056 59.078544 
1479.401872 61.029020 
1481.330688 61.558657 
1483.259504 61.203154 
1485.188320 61.412911 
1487.117136 63.758663 
1489.045952 67.215188 
1490.974768 69.693790 
1492.903584 69.800576 
1494.832400 68.353598 
1496.761216 65.888080 
1498.690032 62.839684 
1500.618848 59.197317 
1502.547664 55.383592 
1504.476480 52.051438 
1506.405296 50.319925 
1508.334112 51.758198 
1510.262928 53.091387 
1512.191744 54.714221 
1514.120560 56.416756 
1516.049376 59.031091 
1517.978192 63.589120 
1519.907008 65.280006 
1521.835824 67.833095 
1523.764640 68.559403 
1525.693456 68.352679 
1527.622272 67.589327 
1529.551088 66.466994 
1531.479904 64.636239 
1533.408720 62.282270 
1535.337536 60.522019 
1537.266352 59.314853 
1539.195168 57.620466 
1541.123984 56.842079 
1543.052800 55.760747 
1544.981616 54.095054 
1546.910432 52.216787 
1548.839248 50.137760 
1550.768064 48.174317 
1552.696880 46.751020 
1554.625696 45.367014 
1556.554512 44.095569 
1558.483328 45.776446 
1560.412144 49.138649 
1562.340960 49.736005 
1564.269776 51.475404 
1566.198592 53.655593 
1568.127408 54.501169 
1570.056224 54.737551 
1571.985040 53.062680 
1573.913856 50.513114 
1575.842672 48.377348 
1577.771488 47.874342 
1579.700304 47.973169 
1581.629120 47.907706 
1583.557936 47.759269 
1585.486752 48.404188 
1587.415568 50.143065 
1589.344384 52.477163 
1591.273200 54.563150 
1593.202016 56.174946 
1595.130832 57.062855 
1597.059648 56.271475 
1598.988464 53.689785 
1600.917280 50.972192 
1602.846096 49.878135 
1604.774912 50.796282 
1606.703728 52.454562 
1608.632544 54.323066 
1610.561360 55.990350 
1612.490176 57.304881 
1614.418992 58.199083 
1616.347808 60.212673 
1618.276624 62.571989 
1620.205440 63.189782 
1622.134256 63.622701 
1624.063072 64.463572 
1625.991888 64.213708 
1627.920704 62.459356 
1629.849520 59.659398 
1631.778336 56.229277 
1633.707152 52.499104 
1635.635968 47.635004 
1637.564784 44.283904 
1639.493600 43.109534 
1641.422416 43.539910 
1643.351232 44.817960 
1645.280048 46.889994 
1647.208864 52.465737 
1649.137680 55.927863 
1651.066496 56.929979 
1652.995312 63.013705 
1654.924128 71.250317 
1656.852944 74.525102 
1658.781760 78.380844 
1660.710576 81.335395 
1662.639392 84.032327 
1664.568208 86.031750 
1666.497024 86.768798 
1668.425840 86.783963 
1670.354656 87.459588 
1672.283472 88.022200 
1674.212288 88.073173 
1676.141104 88.189026 
1678.069920 88.097741 
1679.998736 87.180785 
1681.927552 86.305576 
1683.856368 85.358326 
1685.785184 85.819861 
1687.714000 85.455027 
1689.642816 85.055634 
1691.571632 84.880484 
1693.500448 84.651543 
1695.429264 84.588002 
1697.358080 85.389645 
1699.286896 85.763985 
1701.215712 86.828665 
1703.144528 86.678428 
1705.073344 86.563234 
1707.002160 86.960530 
1708.930976 87.283809 
1710.859792 87.213418 
1712.788608 86.890739 
1714.717424 86.172637 
1716.646240 86.064282 
1718.575056 87.551492 
1720.503872 88.638317 
1722.432688 88.768542 
1724.361504 89.072120 
1726.290320 89.207209 
1728.219136 88.948154 
1730.147952 88.431468 
1732.076768 87.874416 
1734.005584 87.733197 
1735.934400 88.551079 
1737.863216 88.343235 
1739.792032 88.240289 
1741.720848 88.058229 
1743.649664 87.811398 
1745.578480 87.551242 
1747.507296 87.097701 
1749.436112 87.032179 
1751.364928 87.620489 
1753.293744 87.999947 
1755.222560 87.825622 
1757.151376 87.548553 
1759.080192 87.521920 
1761.009008 87.233058 
1762.937824 87.447802 
1764.866640 87.520678 
1766.795456 87.179111 
1768.724272 86.803634 
1770.653088 86.335926 
1772.581904 86.326661 
1774.510720 86.848144 
1776.439536 86.939102 
1778.368352 86.856318 
1780.297168 86.705671 
1782.225984 86.888166 
1784.154800 86.851734 
1786.083616 87.010704 
1788.012432 86.909613 
1789.941248 86.325675 
1791.870064 86.024247 
1793.798880 86.516062 
1795.727696 86.537702 
1797.656512 86.557408 
1799.585328 86.346838 
1801.514144 86.465365 
1803.442960 86.713398 
1805.371776 86.728294 
1807.300592 86.476739 
1809.229408 86.191001 
1811.158224 86.049351 
1813.087040 86.300133 
1815.015856 86.317944 
1816.944672 86.184411 
1818.873488 85.993519 
1820.802304 85.839381 
1822.731120 85.416233 
1824.659936 85.177577 
1826.588752 85.104755 
1828.517568 84.720583 
1830.446384 84.920417 
1832.375200 85.387059 
1834.304016 85.272810 
1836.232832 85.082164 
1838.161648 84.944739 
1840.090464 84.890764 
1842.019280 84.361390 
1843.948096 84.128730 
1845.876912 84.534525 
1847.805728 84.823114 
1849.734544 85.097745 
1851.663360 85.328562 
1853.592176 85.380350 
1855.520992 85.431991 
1857.449808 85.359536 
1859.378624 85.376189 
1861.307440 85.409767 
1863.236256 85.410558 
1865.165072 84.965003 
1867.093888 84.342187 
1869.022704 84.322269 
1870.951520 84.707270 
1872.880336 84.709606 
1874.809152 84.641072 
1876.737968 84.376010 
1878.666784 84.185019 
1880.595600 84.056336 
1882.524416 84.043397 
1884.453232 84.106223 
1886.382048 84.165476 
1888.310864 83.941345 
1890.239680 84.088483 
1892.168496 84.087907 
1894.097312 83.958028 
1896.026128 83.926713 
1897.954944 84.012115 
1899.883760 83.921678 
1901.812576 83.853855 
1903.741392 83.648841 
1905.670208 83.397368 
1907.599024 83.098234 
1909.527840 83.163661 
1911.456656 83.293958 
1913.385472 83.246879 
1915.314288 82.851145 
1917.243104 82.629425 
1919.171920 82.605731 
1921.100736 82.302776 
1923.029552 82.123686 
1924.958368 82.343458 
1926.887184 82.393098 
1928.816000 82.573429 
1930.744816 82.642188 
1932.673632 82.729809 
1934.602448 82.741391 
1936.531264 82.824960 
1938.460080 82.773170 
1940.388896 82.508511 
1942.317712 82.237261 
1944.246528 82.353431 
1946.175344 82.288795 
1948.104160 82.335867 
1950.032976 82.254582 
1951.961792 82.260345 
1953.890608 82.280368 
1955.819424 82.402604 
1957.748240 82.428622 
1959.677056 82.491703 
1961.605872 82.168807 
1963.534688 81.969971 
1965.463504 81.690275 
1967.392320 81.933499 
1969.321136 82.380691 
1971.249952 82.687331 
1973.178768 82.695316 
1975.107584 82.806531 
1977.036400 82.675329 
1978.965216 82.724804 
1980.894032 82.840428 
1982.822848 82.845971 
1984.751664 82.579167 
1986.680480 82.499160 
1988.609296 82.432322 
1990.538112 82.454215 
1992.466928 82.418634 
1994.395744 82.482779 
1996.324560 82.438962 
1998.253376 82.534981 
2000.182192 82.539445 
2002.111008 82.680863 
2004.039824 82.720309 
2005.968640 82.725668 
2007.897456 82.541316 
2009.826272 82.640500 
2011.755088 82.467652 
2013.683904 82.374335 
2015.612720 82.244533 
2017.541536 82.386861 
2019.470352 82.497073 
2021.399168 82.784047 
2023.327984 82.602399 
2025.256800 82.496044 
2027.185616 82.572969 
2029.114432 82.659281 
2031.043248 82.502266 
2032.972064 82.458420 
2034.900880 82.274202 
2036.829696 82.265089 
2038.758512 82.129313 
2040.687328 82.198245 
2042.616144 82.255181 
2044.544960 82.362193 
2046.473776 82.283317 
2048.402592 82.249565 
2050.331408 82.247161 
2052.260224 82.380279 
2054.189040 82.378099 
2056.117856 82.418492 
2058.046672 82.416986 
2059.975488 82.526913 
2061.904304 82.393672 
2063.833120 82.219683 
2065.761936 82.155813 
2067.690752 82.203176 
2069.619568 82.141366 
2071.548384 82.256121 
2073.477200 82.301625 
2075.406016 82.311217 
2077.334832 82.278028 
2079.263648 82.262785 
2081.192464 82.223711 
2083.121280 82.287486 
2085.050096 82.347549 
2086.978912 82.454467 
2088.907728 82.442365 
2090.836544 82.535116 
2092.765360 82.649294 
2094.694176 82.640003 
2096.622992 82.500840 
2098.551808 82.494534 
2100.480624 82.486222 
2102.409440 82.482700 
2104.338256 82.447281 
2106.267072 82.467569 
2108.195888 82.460101 
2110.124704 82.505248 
2112.053520 82.408907 
2113.982336 82.405274 
2115.911152 82.432977 
2117.839968 82.468948 
2119.768784 82.461449 
2121.697600 82.506933 
2123.626416 82.454378 
2125.555232 82.442054 
2127.484048 82.380981 
2129.412864 82.384223 
2131.341680 82.333836 
2133.270496 82.267886 
2135.199312 82.107154 
2137.128128 82.130825 
2139.056944 82.125012 
2140.985760 82.156660 
2142.914576 81.959849 
2144.843392 81.931043 
2146.772208 81.842537 
2148.701024 81.903205 
2150.629840 81.924197 
2152.558656 82.096492 
2154.487472 82.234874 
2156.416288 82.485555 
2158.345104 82.210949 
2160.273920 81.694002 
2162.202736 81.379998 
2164.131552 81.346435 
2166.060368 81.333448 
2167.989184 81.432101 
2169.918000 81.400045 
2171.846816 81.369573 
2173.775632 81.286279 
2175.704448 81.200999 
2177.633264 81.106377 
2179.562080 81.218958 
2181.490896 81.238376 
2183.419712 81.380133 
2185.348528 81.449092 
2187.277344 81.473146 
2189.206160 81.408193 
2191.134976 81.394617 
2193.063792 81.331569 
2194.992608 81.352958 
2196.921424 81.343421 
2198.850240 81.525141 
2200.779056 81.560160 
2202.707872 81.514914 
2204.636688 81.449239 
2206.565504 81.402567 
2208.494320 81.315352 
2210.423136 81.289156 
2212.351952 81.350793 
2214.280768 81.519354 
2216.209584 81.544969 
2218.138400 81.580937 
2220.067216 81.600889 
2221.996032 81.658627 
2223.924848 81.608308 
2225.853664 81.617434 
2227.782480 81.621329 
2229.711296 81.654580 
2231.640112 81.648677 
2233.568928 81.749114 
2235.497744 81.861184 
2237.426560 81.938420 
2239.355376 81.865891 
2241.284192 81.806220 
2243.213008 81.794757 
2245.141824 81.759510 
2247.070640 81.695337 
2248.999456 81.739361 
2250.928272 81.758264 
2252.857088 81.806999 
2254.785904 81.742390 
2256.714720 81.737855 
2258.643536 81.662303 
2260.572352 81.586085 
2262.501168 81.627448 
2264.429984 81.713291 
2266.358800 81.703608 
2268.287616 81.776976 
2270.216432 81.884102 
2272.145248 81.996439 
2274.074064 81.945098 
2276.002880 81.907057 
2277.931696 81.869436 
2279.860512 81.954258 
2281.789328 82.063870 
2283.718144 82.198850 
2285.646960 82.342094 
2287.575776 82.520430 
2289.504592 82.633729 
2291.433408 82.755892 
2293.362224 82.806678 
2295.291040 82.840348 
2297.219856 82.819779 
2299.148672 82.834563 
2301.077488 82.931991 
2303.006304 83.121889 
2304.935120 83.239385 
2306.863936 83.394982 
2308.792752 83.539971 
2310.721568 83.701752 
2312.650384 83.844169 
2314.579200 84.007702 
2316.508016 84.226337 
2318.436832 84.490401 
2320.365648 84.722920 
2322.294464 84.991308 
2324.223280 85.299795 
2326.152096 85.751336 
2328.080912 86.061723 
2330.009728 86.322740 
2331.938544 86.387845 
2333.867360 86.485641 
2335.796176 86.548598 
2337.724992 86.630290 
2339.653808 86.649858 
2341.582624 86.679592 
2343.511440 86.417768 
2345.440256 86.098607 
2347.369072 85.622645 
2349.297888 85.420591 
2351.226704 85.818094 
2353.155520 86.587488 
2355.084336 87.285291 
2357.013152 87.808289 
2358.941968 88.073895 
2360.870784 88.193732 
2362.799600 87.827764 
2364.728416 87.380462 
2366.657232 86.981848 
2368.586048 86.407074 
2370.514864 85.765903 
2372.443680 85.281860 
2374.372496 84.739836 
2376.301312 84.243290 
2378.230128 83.739825 
2380.158944 83.317132 
2382.087760 83.001329 
2384.016576 82.810453 
2385.945392 82.666256 
2387.874208 82.612942 
2389.803024 82.592854 
2391.731840 82.617438 
2393.660656 82.604229 
2395.589472 82.571560 
2397.518288 82.498574 
2399.447104 82.395721 
2401.375920 82.272919 
2403.304736 82.228491 
2405.233552 82.148917 
2407.162368 82.103308 
2409.091184 82.095160 
2411.020000 82.116519 
2412.948816 82.090236 
2414.877632 82.013077 
2416.806448 81.922638 
2418.735264 81.874731 
2420.664080 81.883544 
2422.592896 81.969225 
2424.521712 82.013724 
2426.450528 82.047968 
2428.379344 82.101627 
2430.308160 82.161010 
2432.236976 82.180366 
2434.165792 82.203608 
2436.094608 82.147579 
2438.023424 82.155071 
2439.952240 82.197444 
2441.881056 82.237319 
2443.809872 82.220662 
2445.738688 82.214452 
2447.667504 82.178967 
2449.596320 82.114832 
2451.525136 82.064335 
2453.453952 82.015664 
2455.382768 81.955449 
2457.311584 81.911364 
2459.240400 81.867662 
2461.169216 81.835003 
2463.098032 81.784835 
2465.026848 81.842405 
2466.955664 81.928384 
2468.884480 81.964687 
2470.813296 81.978637 
2472.742112 82.019730 
2474.670928 82.028479 
2476.599744 82.068900 
2478.528560 82.100576 
2480.457376 82.132734 
2482.386192 82.105670 
2484.315008 82.089613 
2486.243824 82.063625 
2488.172640 82.060195 
2490.101456 82.008198 
2492.030272 81.988587 
2493.959088 81.943391 
2495.887904 81.873917 
2497.816720 81.835738 
2499.745536 81.844035 
2501.674352 81.819965 
2503.603168 81.794240 
2505.531984 81.726826 
2507.460800 81.719067 
2509.389616 81.718167 
2511.318432 81.765201 
2513.247248 81.809354 
2515.176064 81.834753 
2517.104880 81.820492 
2519.033696 81.815271 
2520.962512 81.772660 
2522.891328 81.727201 
2524.820144 81.690283 
2526.748960 81.664804 
2528.677776 81.657300 
2530.606592 81.688528 
2532.535408 81.689206 
2534.464224 81.727219 
2536.393040 81.758804 
2538.321856 81.820537 
2540.250672 81.836815 
2542.179488 81.792246 
2544.108304 81.771428 
2546.037120 81.809352 
2547.965936 81.823864 
2549.894752 81.832251 
2551.823568 81.856443 
2553.752384 81.893031 
2555.681200 81.826182 
2557.610016 81.770605 
2559.538832 81.717531 
2561.467648 81.675342 
2563.396464 81.626283 
2565.325280 81.602988 
2567.254096 81.588428 
2569.182912 81.629899 
2571.111728 81.630248 
2573.040544 81.586827 
2574.969360 81.545406 
2576.898176 81.510187 
2578.826992 81.455809 
2580.755808 81.429288 
2582.684624 81.431995 
2584.613440 81.460855 
2586.542256 81.513767 
2588.471072 81.594631 
2590.399888 81.606595 
2592.328704 81.609105 
2594.257520 81.648020 
2596.186336 81.691988 
2598.115152 81.658772 
2600.043968 81.619412 
2601.972784 81.590954 
2603.901600 81.649384 
2605.830416 81.677783 
2607.759232 81.634045 
2609.688048 81.625282 
2611.616864 81.693677 
2613.545680 81.700262 
2615.474496 81.688811 
2617.403312 81.711290 
2619.332128 81.765677 
2621.260944 81.789244 
2623.189760 81.853346 
2625.118576 81.904587 
2627.047392 81.965641 
2628.976208 82.015643 
2630.905024 82.025859 
2632.833840 82.004182 
2634.762656 82.021819 
2636.691472 82.058630 
2638.620288 82.138703 
2640.549104 82.196285 
2642.477920 82.209614 
2644.406736 82.221775 
2646.335552 82.244722 
2648.264368 82.218195 
2650.193184 82.192408 
2652.122000 82.204171 
2654.050816 82.263866 
2655.979632 82.309078 
2657.908448 82.368986 
2659.837264 82.433307 
2661.766080 82.504149 
2663.694896 82.564174 
2665.623712 82.593444 
2667.552528 82.573234 
2669.481344 82.545299 
2671.410160 82.515539 
2673.338976 82.511483 
2675.267792 82.492906 
2677.196608 82.474794 
2679.125424 82.449365 
2681.054240 82.453988 
2682.983056 82.493096 
2684.911872 82.504631 
2686.840688 82.508757 
2688.769504 82.483735 
2690.698320 82.449654 
2692.627136 82.445827 
2694.555952 82.475125 
2696.484768 82.492497 
2698.413584 82.479924 
2700.342400 82.479949 
2702.271216 82.454501 
2704.200032 82.421730 
2706.128848 82.405192 
2708.057664 82.414107 
2709.986480 82.419094 
2711.915296 82.423645 
2713.844112 82.414179 
2715.772928 82.422476 
2717.701744 82.390884 
2719.630560 82.377238 
2721.559376 82.398840 
2723.488192 82.378168 
2725.417008 82.342054 
2727.345824 82.350846 
2729.274640 82.323018 
2731.203456 82.335219 
2733.132272 82.369480 
2735.061088 82.383251 
2736.989904 82.407122 
2738.918720 82.450479 
2740.847536 82.423624 
2742.776352 82.417957 
2744.705168 82.417067 
2746.633984 82.382937 
2748.562800 82.346571 
2750.491616 82.387379 
2752.420432 82.421121 
2754.349248 82.403960 
2756.278064 82.355882 
2758.206880 82.314406 
2760.135696 82.231263 
2762.064512 82.144317 
2763.993328 82.042081 
2765.922144 81.961532 
2767.850960 81.909878 
2769.779776 81.908002 
2771.708592 81.948769 
2773.637408 82.004158 
2775.566224 82.047945 
2777.495040 82.103497 
2779.423856 82.161670 
2781.352672 82.175565 
2783.281488 82.162729 
2785.210304 82.136535 
2787.139120 82.084746 
2789.067936 82.032157 
2790.996752 81.995733 
2792.925568 81.970730 
2794.854384 81.921539 
2796.783200 81.870810 
2798.712016 81.841761 
2800.640832 81.840296 
2802.569648 81.819015 
2804.498464 81.789419 
2806.427280 81.729773 
2808.356096 81.680727 
2810.284912 81.633960 
2812.213728 81.594645 
2814.142544 81.551463 
2816.071360 81.515640 
2818.000176 81.457921 
2819.928992 81.412193 
2821.857808 81.364535 
2823.786624 81.310339 
2825.715440 81.268849 
2827.644256 81.222728 
2829.573072 81.194584 
2831.501888 81.211087 
2833.430704 81.182496 
2835.359520 81.117160 
2837.288336 81.031128 
2839.217152 80.941121 
2841.145968 80.856962 
2843.074784 80.817102 
2845.003600 80.729902 
2846.932416 80.658008 
2848.861232 80.610882 
2850.790048 80.539139 
2852.718864 80.416880 
2854.647680 80.304576 
2856.576496 80.169263 
2858.505312 79.974659 
2860.434128 79.723021 
2862.362944 79.466683 
2864.291760 79.118595 
2866.220576 78.736646 
2868.149392 78.444359 
2870.078208 78.274362 
2872.007024 78.281221 
2873.935840 78.548348 
2875.864656 78.944028 
2877.793472 79.325477 
2879.722288 79.594809 
2881.651104 79.797757 
2883.579920 79.912678 
2885.508736 79.948531 
2887.437552 79.925851 
2889.366368 79.863960 
2891.295184 79.744256 
2893.224000 79.617033 
2895.152816 79.446358 
2897.081632 79.257399 
2899.010448 79.059965 
2900.939264 78.902713 
2902.868080 78.828198 
2904.796896 78.911318 
2906.725712 79.041232 
2908.654528 79.192333 
2910.583344 79.347391 
2912.512160 79.505712 
2914.440976 79.656157 
2916.369792 79.780613 
2918.298608 79.809483 
2920.227424 79.844546 
2922.156240 79.836340 
2924.085056 79.810454 
2926.013872 79.718625 
2927.942688 79.618707 
2929.871504 79.595153 
2931.800320 79.638495 
2933.729136 79.681276 
2935.657952 79.696189 
2937.586768 79.674872 
2939.515584 79.634504 
2941.444400 79.652237 
2943.373216 79.709842 
2945.302032 79.724820 
2947.230848 79.728658 
2949.159664 79.668541 
2951.088480 79.561660 
2953.017296 79.453355 
2954.946112 79.405319 
2956.874928 79.336114 
2958.803744 79.221680 
2960.732560 79.066783 
2962.661376 78.900101 
2964.590192 78.709895 
2966.519008 78.565116 
2968.447824 78.459449 
2970.376640 78.389039 
2972.305456 78.255667 
2974.234272 78.086350 
2976.163088 77.934019 
2978.091904 77.820223 
2980.020720 77.911812 
2981.949536 78.225132 
2983.878352 78.551415 
2985.807168 78.811313 
2987.735984 78.952019 
2989.664800 79.040303 
2991.593616 79.098498 
2993.522432 79.152816 
2995.451248 79.220767 
2997.380064 79.230852 
2999.308880 79.138594 
3001.237696 78.991559 
3003.166512 78.820907 
3005.095328 78.752065 
3007.024144 78.716638 
3008.952960 78.624384 
3010.881776 78.544930 
3012.810592 78.557491 
3014.739408 78.545199 
3016.668224 78.550061 
3018.597040 78.531298 
3020.525856 78.465503 
3022.454672 78.346298 
3024.383488 78.193576 
3026.312304 77.976180 
3028.241120 77.672277 
3030.169936 77.283844 
3032.098752 76.964902 
3034.027568 76.703559 
3035.956384 76.447987 
3037.885200 76.232385 
3039.814016 76.125893 
3041.742832 76.209514 
3043.671648 76.368572 
3045.600464 76.512963 
3047.529280 76.660571 
3049.458096 76.757442 
3051.386912 76.772495 
3053.315728 76.658730 
3055.244544 76.470104 
3057.173360 76.237759 
3059.102176 76.023345 
3061.030992 75.854788 
3062.959808 75.869753 
3064.888624 76.150985 
3066.817440 76.687201 
3068.746256 77.224496 
3070.675072 77.628976 
3072.603888 77.928952 
3074.532704 78.140100 
3076.461520 78.285053 
3078.390336 78.427297 
3080.319152 78.574598 
3082.247968 78.756169 
3084.176784 78.952332 
3086.105600 79.145808 
3088.034416 79.294288 
3089.963232 79.422255 
3091.892048 79.520057 
3093.820864 79.584292 
3095.749680 79.615432 
3097.678496 79.661456 
3099.607312 79.659512 
3101.536128 79.708390 
3103.464944 79.763912 
3105.393760 79.745185 
3107.322576 79.755252 
3109.251392 79.852945 
3111.180208 79.929081 
3113.109024 79.939140 
3115.037840 79.879078 
3116.966656 79.861583 
3118.895472 79.856200 
3120.824288 79.823621 
3122.753104 79.823993 
3124.681920 79.858844 
3126.610736 79.822704 
3128.539552 79.814254 
3130.468368 79.805091 
3132.397184 79.802992 
3134.326000 79.814797 
3136.254816 79.773027 
3138.183632 79.693027 
3140.112448 79.665175 
3142.041264 79.620850 
3143.970080 79.553209 
3145.898896 79.502632 
3147.827712 79.454659 
3149.756528 79.351660 
3151.685344 79.323656 
3153.614160 79.341201 
3155.542976 79.343428 
3157.471792 79.309072 
3159.400608 79.288450 
3161.329424 79.263891 
3163.258240 79.275837 
3165.187056 79.204063 
3167.115872 79.172565 
3169.044688 79.226265 
3170.973504 79.289725 
3172.902320 79.323144 
3174.831136 79.286603 
3176.759952 79.206455 
3178.688768 79.187960 
3180.617584 79.158904 
3182.546400 79.091463 
3184.475216 79.024456 
3186.404032 79.030296 
3188.332848 79.083552 
3190.261664 79.136205 
3192.190480 79.125235 
3194.119296 79.084497 
3196.048112 79.078768 
3197.976928 79.121415 
3199.905744 79.117179 
3201.834560 79.065018 
3203.763376 79.069479 
3205.692192 79.118342 
3207.621008 79.136980 
3209.549824 79.179805 
3211.478640 79.178715 
3213.407456 79.155069 
3215.336272 79.169147 
3217.265088 79.166873 
3219.193904 79.121157 
3221.122720 79.138912 
3223.051536 79.153354 
3224.980352 79.152602 
3226.909168 79.181669 
3228.837984 79.217496 
3230.766800 79.251652 
3232.695616 79.366283 
3234.624432 79.435503 
3236.553248 79.432513 
3238.482064 79.411465 
3240.410880 79.423721 
3242.339696 79.358718 
3244.268512 79.332068 
3246.197328 79.420544 
3248.126144 79.546415 
3250.054960 79.615464 
3251.983776 79.646970 
3253.912592 79.625582 
3255.841408 79.637480 
3257.770224 79.650069 
3259.699040 79.637823 
3261.627856 79.637394 
3263.556672 79.639703 
3265.485488 79.642968 
3267.414304 79.706585 
3269.343120 79.713368 
3271.271936 79.678833 
3273.200752 79.679805 
3275.129568 79.716835 
3277.058384 79.711215 
3278.987200 79.684321 
3280.916016 79.631825 
3282.844832 79.593738 
3284.773648 79.587050 
3286.702464 79.594465 
3288.631280 79.592209 
3290.560096 79.633831 
3292.488912 79.586993 
3294.417728 79.590639 
3296.346544 79.605749 
3298.275360 79.653746 
3300.204176 79.671925 
3302.132992 79.622681 
3304.061808 79.557182 
3305.990624 79.547161 
3307.919440 79.520649 
3309.848256 79.468087 
3311.777072 79.501845 
3313.705888 79.534322 
3315.634704 79.457275 
3317.563520 79.373974 
3319.492336 79.303033 
3321.421152 79.237783 
3323.349968 79.136307 
3325.278784 79.102067 
3327.207600 79.049292 
3329.136416 79.000874 
3331.065232 78.876594 
3332.994048 78.703735 
3334.922864 78.493646 
3336.851680 78.311796 
3338.780496 78.129879 
3340.709312 77.893828 
3342.638128 77.564408 
3344.566944 77.229710 
3346.495760 76.952500 
3348.424576 76.763978 
3350.353392 76.703797 
3352.282208 77.007531 
3354.211024 77.626104 
3356.139840 78.310817 
3358.068656 78.824564 
3359.997472 79.017958 
3361.926288 78.916973 
3363.855104 78.569711 
3365.783920 78.036906 
3367.712736 77.729490 
3369.641552 78.000009 
3371.570368 78.699516 
3373.499184 79.302935 
3375.428000 79.629257 
3377.356816 79.814643 
3379.285632 79.941255 
3381.214448 79.976125 
3383.143264 80.032379 
3385.072080 80.038202 
3387.000896 79.984559 
3388.929712 79.837726 
3390.858528 79.636889 
3392.787344 79.556120 
3394.716160 79.693179 
3396.644976 79.917860 
3398.573792 80.347329 
3400.502608 80.724616 
3402.431424 80.992075 
3404.360240 81.194654 
3406.289056 81.349878 
3408.217872 81.527359 
3410.146688 81.674669 
3412.075504 81.802503 
3414.004320 81.871482 
3415.933136 81.825119 
3417.861952 81.757031 
3419.790768 81.609112 
3421.719584 81.597903 
3423.648400 81.636982 
3425.577216 81.646704 
3427.506032 81.635528 
3429.434848 81.612394 
3431.363664 81.552730 
3433.292480 81.456682 
3435.221296 81.384151 
3437.150112 81.327863 
3439.078928 81.187679 
3441.007744 80.800950 
3442.936560 80.357750 
3444.865376 79.944690 
3446.794192 79.409469 
3448.723008 79.170585 
3450.651824 79.163923 
3452.580640 79.520745 
3454.509456 80.206035 
3456.438272 80.831750 
3458.367088 81.191447 
3460.295904 81.378272 
3462.224720 81.522378 
3464.153536 81.677297 
3466.082352 81.687680 
3468.011168 81.752353 
3469.939984 81.822347 
3471.868800 81.870453 
3473.797616 81.917131 
3475.726432 81.981805 
3477.655248 82.058504 
3479.584064 81.958657 
3481.512880 81.885267 
3483.441696 82.048102 
3485.370512 82.225915 
3487.299328 82.359753 
3489.228144 82.559713 
3491.156960 82.795483 
3493.085776 82.880877 
3495.014592 82.904292 
3496.943408 83.001270 
3498.872224 82.998049 
3500.801040 82.739279 
3502.729856 82.611609 
3504.658672 82.909742 
3506.587488 83.131733 
3508.516304 83.009994 
3510.445120 83.087428 
3512.373936 83.308830 
3514.302752 83.505791 
3516.231568 83.570767 
3518.160384 83.536842 
3520.089200 83.321780 
3522.018016 82.878742 
3523.946832 82.692417 
3525.875648 82.760971 
3527.804464 82.797071 
3529.733280 83.092554 
3531.662096 83.348499 
3533.590912 83.447655 
3535.519728 83.369129 
3537.448544 83.533095 
3539.377360 83.661539 
3541.306176 83.464021 
3543.234992 83.003203 
3545.163808 82.573986 
3547.092624 82.753843 
3549.021440 83.186848 
3550.950256 83.168341 
3552.879072 83.172902 
3554.807888 83.492558 
3556.736704 83.708460 
3558.665520 83.635815 
3560.594336 83.412695 
3562.523152 82.990448 
3564.451968 82.126885 
3566.380784 81.239305 
3568.309600 82.245794 
3570.238416 83.286619 
3572.167232 83.488278 
3574.096048 83.352997 
3576.024864 83.383278 
3577.953680 83.529425 
3579.882496 83.546631 
3581.811312 83.401004 
3583.740128 83.065656 
3585.668944 82.351992 
3587.597760 82.117287 
3589.526576 83.103909 
3591.455392 83.318071 
3593.384208 82.823480 
3595.313024 82.521657 
3597.241840 82.775756 
3599.170656 83.017759 
3601.099472 83.194264 
3603.028288 83.372363 
3604.957104 83.149539 
3606.885920 82.546032 
3608.814736 82.561539 
3610.743552 82.697463 
3612.672368 82.220114 
3614.601184 81.985979 
3616.530000 81.855021 
3618.458816 81.960122 
3620.387632 82.926931 
3622.316448 83.414639 
3624.245264 83.202887 
3626.174080 82.312681 
3628.102896 80.919303 
3630.031712 81.773249 
3631.960528 82.584944 
3633.889344 82.746717 
3635.818160 82.930616 
3637.746976 83.082059 
3639.675792 83.214312 
3641.604608 83.097110 
3643.533424 82.728133 
3645.462240 81.784675 
3647.391056 80.139326 
3649.319872 79.786590 
3651.248688 81.585652 
3653.177504 82.473944 
3655.106320 82.147842 
3657.035136 82.397863 
3658.963952 83.077785 
3660.892768 83.447405 
3662.821584 83.572079 
3664.750400 83.472354 
3666.679216 83.054710 
3668.608032 82.002796 
3670.536848 81.813586 
3672.465664 82.224917 
3674.394480 81.129871 
3676.323296 81.372069 
3678.252112 82.475244 
3680.180928 83.226939 
3682.109744 83.588220 
3684.038560 83.379270 
3685.967376 82.711158 
3687.896192 81.606417 
3689.825008 81.458537 
3691.753824 82.678210 
3693.682640 83.364388 
3695.611456 83.407864 
3697.540272 83.374820 
3699.469088 83.115674 
3701.397904 83.064506 
3703.326720 83.467046 
3705.255536 83.403180 
3707.184352 82.915088 
3709.113168 81.950505 
3711.041984 81.419967 
3712.970800 82.521331 
3714.899616 83.128454 
3716.828432 83.146232 
3718.757248 82.828532 
3720.686064 82.488759 
3722.614880 82.408653 
3724.543696 82.441881 
3726.472512 82.716977 
3728.401328 83.040995 
3730.330144 82.679022 
3732.258960 81.740062 
3734.187776 80.748443 
3736.116592 81.312602 
3738.045408 82.270951 
3739.974224 82.426014 
3741.903040 82.213277 
3743.831856 81.546758 
3745.760672 81.408615 
3747.689488 81.091442 
3749.618304 80.287585 
3751.547120 80.784731 
3753.475936 81.999908 
3755.404752 82.285444 
3757.333568 82.083034 
3759.262384 82.157914 
3761.191200 82.721664 
3763.120016 82.684780 
3765.048832 82.325927 
3766.977648 82.348959 
3768.906464 82.267680 
3770.835280 82.652646 
3772.764096 83.164639 
3774.692912 83.198689 
3776.621728 82.868421 
3778.550544 82.472134 
3780.479360 82.725645 
3782.408176 82.828621 
3784.336992 82.600305 
3786.265808 82.847074 
3788.194624 83.216001 
3790.123440 83.327758 
3792.052256 83.355703 
3793.981072 83.039946 
3795.909888 82.475513 
3797.838704 82.308105 
3799.767520 81.677959 
3801.696336 81.322207 
3803.625152 82.163230 
3805.553968 82.086114 
3807.482784 82.459676 
3809.411600 83.103575 
3811.340416 83.265227 
3813.269232 82.906040 
3815.198048 82.113632 
3817.126864 82.076241 
3819.055680 81.498360 
3820.984496 81.235219 
3822.913312 82.478190 
3824.842128 82.572703 
3826.770944 82.699770 
3828.699760 82.816245 
3830.628576 82.588526 
3832.557392 82.415479 
3834.486208 82.101594 
3836.415024 81.485535 
3838.343840 81.020909 
3840.272656 81.451107 
3842.201472 82.194426 
3844.130288 82.684418 
3846.059104 83.032139 
3847.987920 82.817056 
3849.916736 81.970332 
3851.845552 80.530217 
3853.774368 80.638027 
3855.703184 82.120467 
3857.632000 82.581281 
3859.560816 82.637803 
3861.489632 82.204351 
3863.418448 81.728290 
3865.347264 81.982098 
3867.276080 82.011874 
3869.204896 81.238883 
3871.133712 81.739362 
3873.062528 82.111393 
3874.991344 82.710383 
3876.920160 83.024213 
3878.848976 82.375805 
3880.777792 82.012603 
3882.706608 82.177452 
3884.635424 81.937708 
3886.564240 82.523921 
3888.493056 82.792263 
3890.421872 82.275762 
3892.350688 82.408872 
3894.279504 82.900684 
3896.208320 82.829755 
3898.137136 82.049479 
3900.065952 81.424170 
3901.994768 81.198039 
3903.923584 81.394784 
3905.852400 82.386500 
3907.781216 82.961536 
3909.710032 83.142653 
3911.638848 83.154187 
3913.567664 82.996797 
3915.496480 82.580002 
3917.425296 82.308079 
3919.354112 82.515041 
3921.282928 82.709084 
3923.211744 82.497664 
3925.140560 82.509086 
3927.069376 82.753912 
3928.998192 82.481111 
3930.927008 82.190615 
3932.855824 82.406097 
3934.784640 82.930220 
3936.713456 83.063500 
3938.642272 83.051411 
3940.571088 82.854309 
3942.499904 82.590392 
3944.428720 82.707687 
3946.357536 82.638491 
3948.286352 82.455918 
3950.215168 82.712587 
3952.143984 82.963870 
3954.072800 83.056698 
3956.001616 83.003018 
3957.930432 82.935992 
3959.859248 82.874081 
3961.788064 82.884882 
3963.716880 83.058681 
3965.645696 83.202775 
3967.574512 83.166761 
3969.503328 83.090644 
3971.432144 83.032152 
3973.360960 82.953300 
3975.289776 82.973283 
3977.218592 83.148433 
3979.147408 83.198943 
3981.076224 83.124364 
3983.005040 83.201766 
3984.933856 83.287495 
3986.862672 83.204799 
3988.791488 83.085404 
3990.720304 83.046636 
3992.649120 83.140221 
3994.577936 83.194477 
3996.506752 83.222467 
3998.435568 83.201039 
4000.364384 83.215272 