##YUNITS=%T
399.264912 143.962470 
401.193728 127.794053 
403.122544 145.363040 
405.051360 145.241713 
406.980176 87.079824 
408.908992 72.812283 
410.837808 83.169662 
412.766624 90.829529 
414.695440 90.246848 
416.624256 91.285856 
418.553072 69.027580 
420.481888 110.683645 
422.410704 116.112715 
424.339520 129.124802 
426.268336 161.688517 
428.197152 91.202542 
430.125968 121.388659 
432.054784 138.887220 
433.983600 108.968074 
435.912416 101.422838 
437.841232 74.178196 
439.770048 34.956272 
441.698864 59.478290 
443.627680 149.708259 
445.556496 281.343100 
447.485312 262.931685 
449.414128 325.746293 
451.342944 482.284834 
453.271760 322.117100 
455.200576 95.175077 
457.129392 115.639924 
459.058208 164.080627 
460.987024 170.741803 
462.915840 161.186931 
464.844656 210.992395 
466.773472 206.264739 
468.702288 130.189825 
470.631104 88.606455 
472.559920 95.096047 
474.488736 93.750877 
476.417552 99.399305 
478.346368 108.484223 
480.275184 106.875450 
482.204000 90.451961 
484.132816 94.838650 
486.061632 113.001502 
487.990448 164.428084 
489.919264 154.320205 
491.848080 139.739612 
493.776896 71.326864 
495.705712 85.482674 
497.634528 55.033607 
499.563344 72.482270 
501.492160 112.439890 
503.420976 109.359363 
505.349792 178.166761 
507.278608 208.846463 
509.207424 174.895752 
511.136240 156.826042 
513.065056 138.605220 
514.993872 157.188445 
516.922688 119.268522 
518.851504 85.736184 
520.780320 70.511732 
522.709136 48.366687 
524.637952 62.580346 
526.566768 56.207693 
528.495584 24.182243 
530.424400 70.898787 
532.353216 132.826254 
534.282032 123.363008 
536.210848 76.372055 
538.139664 75.023611 
540.068480 82.215843 
541.997296 77.718615 
543.926112 72.268717 
545.854928 58.004151 
547.783744 54.177291 
549.712560 69.289370 
551.641376 79.048978 
553.570192 103.388975 
555.499008 91.329892 
557.427824 71.805419 
559.356640 86.351676 
561.285456 69.915459 
563.214272 57.965422 
565.143088 79.016716 
567.071904 83.352681 
569.000720 90.179339 
570.929536 101.346873 
572.858352 102.974681 
574.787168 88.050659 
576.715984 78.112919 
578.644800 76.759896 
580.573616 75.832666 
582.502432 76.005841 
584.431248 76.402070 
586.360064 72.388120 
588.288880 72.973884 
590.217696 75.932220 
592.146512 74.351711 
594.075328 71.175948 
596.004144 70.917686 
597.932960 68.827057 
599.861776 66.265928 
601.790592 64.616276 
603.719408 62.455286 
605.648224 62.400388 
607.577040 68.582677 
609.505856 71.277135 
611.434672 70.190876 
613.363488 67.244362 
615.292304 67.094544 
617.221120 70.619453 
619.149936 70.516356 
621.078752 67.237933 
623.007568 60.238807 
624.936384 58.824264 
626.865200 65.482945 
628.794016 69.045445 
630.722832 70.408183 
632.651648 68.211243 
634.580464 63.645272 
636.509280 61.711566 
638.438096 58.559668 
640.366912 58.116835 
642.295728 59.435034 
644.224544 59.344104 
646.153360 58.583535 
648.082176 61.726606 
650.010992 65.827241 
651.939808 66.166185 
653.868624 65.538452 
655.797440 65.290068 
657.726256 64.542606 
659.655072 63.716521 
661.583888 63.256622 
663.512704 62.931626 
665.441520 61.477714 
667.370336 61.265266 
669.299152 62.106897 
671.227968 61.819609 
673.156784 61.897885 
675.085600 61.755503 
677.014416 61.259868 
678.943232 60.361574 
680.872048 59.364556 
682.800864 58.052074 
684.729680 55.894890 
686.658496 53.197745 
688.587312 50.552292 
690.516128 49.393940 
692.444944 49.885604 
694.373760 50.657672 
696.302576 51.161804 
698.231392 52.374510 
700.160208 53.181290 
702.089024 53.584667 
704.017840 54.089963 
705.946656 56.315910 
707.875472 59.520077 
709.804288 61.235830 
711.733104 61.291260 
713.661920 60.842117 
715.590736 60.026433 
717.519552 59.213870 
719.448368 58.662014 
721.377184 57.803358 
723.306000 56.663043 
725.234816 55.645064 
727.163632 54.325115 
729.092448 52.585741 
731.021264 50.644598 
732.950080 48.607437 
734.878896 45.835849 
736.807712 42.624578 
738.736528 39.228471 
740.665344 35.540027 
742.594160 32.279269 
744.522976 31.362747 
746.451792 32.470425 
748.380608 33.739674 
750.309424 33.732176 
752.238240 32.411088 
754.167056 32.364019 
756.095872 33.327262 
758.024688 33.331223 
759.953504 33.741963 
761.882320 36.102499 
763.811136 39.207052 
765.739952 42.278355 
767.668768 46.214149 
769.597584 50.030225 
771.526400 52.559258 
773.455216 53.573781 
775.384032 53.535450 
777.312848 52.901688 
779.241664 52.057262 
781.170480 50.173926 
783.099296 46.934469 
785.028112 43.803147 
786.956928 43.598537 
788.885744 46.380287 
790.814560 49.651907 
792.743376 51.998340 
794.672192 53.803125 
796.601008 56.324500 
798.529824 59.955894 
800.458640 61.956178 
802.387456 61.741682 
804.316272 60.457233 
806.245088 58.983138 
808.173904 57.749723 
810.102720 56.728871 
812.031536 55.089629 
813.960352 52.297594 
815.889168 49.187090 
817.817984 47.134596 
819.746800 46.914150 
821.675616 47.994998 
823.604432 50.099141 
825.533248 55.017747 
827.462064 62.739210 
829.390880 68.975806 
831.319696 71.334024 
833.248512 71.678838 
835.177328 71.297178 
837.106144 70.382066 
839.034960 68.835527 
840.963776 66.786837 
842.892592 64.330789 
844.821408 61.915081 
846.750224 60.202893 
848.679040 60.171290 
850.607856 62.165010 
852.536672 65.595706 
854.465488 68.886901 
856.394304 70.906799 
858.323120 71.734504 
860.251936 71.586262 
862.180752 70.556120 
864.109568 68.814612 
866.038384 66.803056 
867.967200 66.300433 
869.896016 67.174626 
871.824832 67.382747 
873.753648 66.918776 
875.682464 67.025107 
877.611280 68.104394 
879.540096 69.051600 
881.468912 68.602831 
883.397728 66.931668 
885.326544 65.214586 
887.255360 64.449925 
889.184176 64.706052 
891.112992 65.461661 
893.041808 66.347658 
894.970624 66.447473 
896.899440 65.310052 
898.828256 63.745632 
900.757072 61.919787 
902.685888 60.163376 
904.614704 59.541685 
906.543520 60.393883 
908.472336 61.795416 
910.401152 62.709030 
912.329968 62.817198 
914.258784 62.410253 
916.187600 61.830965 
918.116416 60.895406 
920.045232 59.511311 
921.974048 58.049752 
923.902864 56.718594 
925.831680 55.698074 
927.760496 55.172463 
929.689312 55.008373 
931.618128 54.765243 
933.546944 53.958699 
935.475760 52.511149 
937.404576 50.848643 
939.333392 50.143820 
941.262208 50.961563 
943.191024 52.864163 
945.119840 54.593149 
947.048656 54.992223 
948.977472 54.024897 
950.906288 53.054167 
952.835104 52.750480 
954.763920 52.471452 
956.692736 52.760842 
958.621552 54.390257 
960.550368 55.986970 
962.479184 56.653041 
964.408000 56.998471 
966.336816 58.489956 
968.265632 61.271903 
970.194448 63.623096 
972.123264 64.328754 
974.052080 63.553122 
975.980896 62.758570 
977.909712 62.716407 
979.838528 62.807076 
981.767344 62.893717 
983.696160 63.331274 
985.624976 63.924762 
987.553792 64.174458 
989.482608 63.824153 
991.411424 62.992417 
993.340240 61.644412 
995.269056 59.583637 
997.197872 56.970826 
999.126688 53.981166 
1001.055504 50.350107 
1002.984320 46.057929 
1004.913136 42.355679 
1006.841952 40.263207 
1008.770768 39.573376 
1010.699584 40.123185 
1012.628400 43.016338 
1014.557216 48.681527 
1016.486032 55.078328 
1018.414848 59.179370 
1020.343664 60.286905 
1022.272480 59.527483 
1024.201296 58.648194 
1026.130112 57.852720 
1028.058928 57.281500 
1029.987744 57.791629 
1031.916560 58.617837 
1033.845376 58.997949 
1035.774192 59.148113 
1037.703008 59.158783 
1039.631824 59.304603 
1041.560640 59.810324 
1043.489456 60.021951 
1045.418272 58.979360 
1047.347088 56.705877 
1049.275904 53.787413 
1051.204720 52.009901 
1053.133536 52.464202 
1055.062352 53.797635 
1056.991168 55.192656 
1058.919984 56.971470 
1060.848800 58.461722 
1062.777616 59.016873 
1064.706432 58.682008 
1066.635248 57.698169 
1068.564064 56.479413 
1070.492880 55.865156 
1072.421696 56.185493 
1074.350512 57.342987 
1076.279328 58.393385 
1078.208144 58.477845 
1080.136960 57.071811 
1082.065776 54.468513 
1083.994592 52.370939 
1085.923408 52.922572 
1087.852224 55.619624 
1089.781040 58.629426 
1091.709856 60.402723 
1093.638672 60.149349 
1095.567488 57.799034 
1097.496304 53.673345 
1099.425120 48.640892 
1101.353936 45.430316 
1103.282752 46.086792 
1105.211568 48.938735 
1107.140384 51.392172 
1109.069200 52.592510 
1110.998016 52.467007 
1112.926832 52.083715 
1114.855648 53.201164 
1116.784464 55.918347 
1118.713280 58.138787 
1120.642096 59.212388 
1122.570912 60.278181 
1124.499728 62.051139 
1126.428544 64.034782 
1128.357360 65.597851 
1130.286176 66.350184 
1132.214992 66.420847 
1134.143808 66.074990 
1136.072624 65.763393 
1138.001440 65.364460 
1139.930256 64.499773 
1141.859072 62.470246 
1143.787888 58.947877 
1145.716704 54.888095 
1147.645520 53.381099 
1149.574336 55.466410 
1151.503152 59.184704 
1153.431968 63.287217 
1155.360784 66.641631 
1157.289600 68.159788 
1159.218416 68.516894 
1161.147232 68.514048 
1163.076048 68.327571 
1165.004864 67.680645 
1166.933680 66.773351 
1168.862496 65.858410 
1170.791312 64.881222 
1172.720128 63.494287 
1174.648944 62.170630 
1176.577760 60.851121 
1178.506576 59.771709 
1180.435392 59.613735 
1182.364208 60.203451 
1184.293024 60.492377 
1186.221840 59.920305 
1188.150656 58.531951 
1190.079472 56.641235 
1192.008288 54.501905 
1193.937104 52.779244 
1195.865920 51.878470 
1197.794736 51.781221 
1199.723552 51.983392 
1201.652368 51.355530 
1203.581184 49.570758 
1205.510000 47.895006 
1207.438816 47.258437 
1209.367632 47.859188 
1211.296448 49.496660 
1213.225264 50.961770 
1215.154080 50.929482 
1217.082896 49.620664 
1219.011712 47.992501 
1220.940528 46.600206 
1222.869344 45.212044 
1224.798160 44.405986 
1226.726976 45.395808 
1228.655792 48.253174 
1230.584608 51.496692 
1232.513424 54.148015 
1234.442240 56.216202 
1236.371056 58.018156 
1238.299872 59.648665 
1240.228688 60.941999 
1242.157504 61.511150 
1244.086320 61.506750 
1246.015136 61.049376 
1247.943952 60.210793 
1249.872768 58.867754 
1251.801584 56.902919 
1253.730400 54.116737 
1255.659216 50.573703 
1257.588032 46.960384 
1259.516848 44.888757 
1261.445664 45.142101 
1263.374480 46.260625 
1265.303296 46.174676 
1267.232112 44.269652 
1269.160928 41.157253 
1271.089744 38.076047 
1273.018560 35.597238 
1274.947376 33.014356 
1276.876192 30.384428 
1278.805008 28.736349 
1280.733824 28.671423 
1282.662640 30.406069 
1284.591456 33.434415 
1286.520272 37.017524 
1288.449088 40.533060 
1290.377904 43.887640 
1292.306720 47.136285 
1294.235536 50.132705 
1296.164352 52.829744 
1298.093168 55.185970 
1300.021984 56.898830 
1301.950800 58.515684 
1303.879616 59.980363 
1305.808432 60.685777 
1307.737248 60.712608 
1309.666064 60.654704 
1311.594880 60.751835 
1313.523696 60.776255 
1315.452512 60.435366 
1317.381328 60.540622 
1319.310144 61.914868 
1321.238960 63.204841 
1323.167776 63.040030 
1325.096592 61.786434 
1327.025408 60.383381 
1328.954224 59.168825 
1330.883040 57.726480 
1332.811856 56.559862 
1334.740672 56.664371 
1336.669488 58.048666 
1338.598304 60.389034 
1340.527120 63.467915 
1342.455936 65.042820 
1344.384752 64.769373 
1346.313568 63.413511 
1348.242384 61.789955 
1350.171200 60.308888 
1352.100016 58.368255 
1354.028832 55.954977 
1355.957648 54.075062 
1357.886464 53.035416 
1359.815280 52.173555 
1361.744096 51.016230 
1363.672912 49.922611 
1365.601728 49.267791 
1367.530544 48.258905 
1369.459360 46.431310 
1371.388176 44.494114 
1373.316992 42.849760 
1375.245808 42.439579 
1377.174624 44.811222 
1379.103440 49.978788 
1381.032256 55.486611 
1382.961072 58.941349 
1384.889888 59.936331 
1386.818704 59.275143 
1388.747520 57.762190 
1390.676336 55.956159 
1392.605152 53.571445 
1394.533968 50.411826 
1396.462784 47.616663 
1398.391600 46.631391 
1400.320416 47.162994 
1402.249232 48.998778 
1404.178048 52.233419 
1406.106864 56.714944 
1408.035680 59.861956 
1409.964496 61.642955 
1411.893312 62.232452 
1413.822128 61.886933 
1415.750944 60.787512 
1417.679760 59.534056 
1419.608576 58.694920 
1421.537392 57.954058 
1423.466208 56.773674 
1425.395024 56.182135 
1427.323840 56.476125 
1429.252656 56.935275 
1431.181472 56.502575 
1433.110288 54.738726 
1435.039104 52.282597 
1436.967920 49.386547 
1438.896736 47.582445 
1440.825552 46.527724 
1442.754368 45.891704 
1444.683184 46.254079 
1446.612000 47.737720 
1448.540816 50.328426 
1450.469632 51.457493 
1452.398448 50.571620 
1454.327264 48.092057 
1456.256080 43.194587 
1458.184896 35.304566 
1460.113712 31.514474 
1462.042528 31.675857 
1463.971344 36.517854 
1465.900160 47.309523 
1467.828976 55.249107 
1469.757792 59.113500 
1471.686608 57.674716 
1473.615424 52.571566 
1475.544240 52.006214 
1477.473056 54.739410 
1479.401872 57.146700 
1481.330688 57.775113 
1483.259504 57.299615 
1485.188320 57.751365 
1487.117136 60.954247 
1489.045952 65.345470 
1490.974768 68.332719 
1492.903584 68.808607 
1494.832400 67.457087 
1496.761216 64.577485 
1498.690032 61.135889 
1500.618848 57.269938 
1502.547664 53.321519 
1504.476480 49.957039 
1506.405296 47.314178 
1508.334112 47.529436 
1510.262928 48.724208 
1512.191744 49.939618 
1514.120560 51.455731 
1516.049376 54.056617 
1517.978192 59.097237 
1519.907008 61.300813 
1521.835824 63.860819 
1523.764640 64.865291 
1525.693456 64.556307 
1527.622272 63.351341 
1529.551088 62.028011 
1531.479904 59.980159 
1533.408720 57.035894 
1535.337536 55.064968 
1537.266352 54.064107 
1539.195168 52.275295 
1541.123984 51.010952 
1543.052800 49.993434 
1544.981616 48.118179 
1546.910432 46.154866 
1548.839248 44.083516 
1550.768064 42.075982 
1552.696880 40.803905 
1554.625696 39.496372 
1556.554512 38.437196 
1558.483328 40.190328 
1560.412144 43.651163 
1562.340960 44.966412 
1564.269776 47.259760 
1566.198592 50.036554 
1568.127408 51.076871 
1570.056224 50.499115 
1571.985040 48.413927 
1573.913856 45.628484 
1575.842672 42.898723 
1577.771488 42.217781 
1579.700304 42.701331 
1581.629120 42.887462 
1583.557936 42.936189 
1585.486752 43.947001 
1587.415568 46.273773 
1589.344384 49.087082 
1591.273200 51.528538 
1593.202016 53.389547 
1595.130832 54.314032 
1597.059648 53.258578 
1598.988464 50.087615 
1600.917280 46.778530 
1602.846096 45.474931 
1604.774912 46.559823 
1606.703728 48.655330 
1608.632544 51.057219 
1610.561360 53.358651 
1612.490176 55.312139 
1614.418992 56.647164 
1616.347808 58.384862 
1618.276624 60.252608 
1620.205440 60.785467 
1622.134256 60.928348 
1624.063072 61.243916 
1625.991888 60.701799 
1627.920704 58.368317 
1629.849520 54.912616 
1631.778336 50.886459 
1633.707152 46.483879 
1635.635968 40.079130 
1637.564784 35.773746 
1639.493600 34.732056 
1641.422416 35.540546 
1643.351232 37.461618 
1645.280048 40.218651 
1647.208864 46.376314 
1649.137680 50.764185 
1651.066496 52.536130 
1652.995312 59.371843 
1654.924128 68.700213 
1656.852944 72.724908 
1658.781760 77.235169 
1660.710576 80.480622 
1662.639392 83.268101 
1664.568208 85.486286 
1666.497024 86.301293 
1668.425840 86.206185 
1670.354656 86.908568 
1672.283472 87.596561 
1674.212288 87.779576 
1676.141104 87.894701 
1678.069920 87.847370 
1679.998736 86.902362 
1681.927552 85.988101 
1683.856368 84.787835 
1685.785184 85.353395 
1687.714000 85.123935 
1689.642816 84.717898 
1691.571632 84.581694 
1693.500448 84.356028 
1695.429264 84.126847 
1697.358080 84.913791 
1699.286896 85.210012 
1701.215712 86.331829 
1703.144528 86.455353 
1705.073344 86.277730 
1707.002160 86.712724 
1708.930976 87.219456 
1710.859792 87.198530 
1712.788608 86.874658 
1714.717424 86.007026 
1716.646240 85.834031 
1718.575056 87.483426 
1720.503872 88.803529 
1722.432688 89.052663 
1724.361504 89.372974 
1726.290320 89.518630 
1728.219136 89.194277 
1730.147952 88.495105 
1732.076768 87.890787 
1734.005584 87.578152 
1735.934400 88.528259 
1737.863216 88.391777 
1739.792032 88.148528 
1741.720848 88.017527 
1743.649664 87.753251 
1745.578480 87.464746 
1747.507296 86.937278 
1749.436112 86.706105 
1751.364928 87.374865 
1753.293744 87.906649 
1755.222560 87.781697 
1757.151376 87.453265 
1759.080192 87.491287 
1761.009008 87.226046 
1762.937824 87.465521 
1764.866640 87.626062 
1766.795456 87.287654 
1768.724272 86.816338 
1770.653088 86.250008 
1772.581904 86.046473 
1774.510720 86.715781 
1776.439536 86.951837 
1778.368352 86.898350 
1780.297168 86.677174 
1782.225984 86.864863 
1784.154800 86.862351 
1786.083616 87.024988 
1788.012432 86.927828 
1789.941248 86.321780 
1791.870064 85.839205 
1793.798880 86.321834 
1795.727696 86.450940 
1797.656512 86.553154 
1799.585328 86.348725 
1801.514144 86.338051 
1803.442960 86.633641 
1805.371776 86.762045 
1807.300592 86.524307 
1809.229408 86.206511 
1811.158224 86.000186 
1813.087040 86.319497 
1815.015856 86.385557 
1816.944672 86.189869 
1818.873488 86.061105 
1820.802304 85.942691 
1822.731120 85.533765 
1824.659936 85.254001 
1826.588752 85.171150 
1828.517568 84.772206 
1830.446384 84.815162 
1832.375200 85.332912 
1834.304016 85.275715 
1836.232832 85.037714 
1838.161648 84.872017 
1840.090464 84.805949 
1842.019280 84.214262 
1843.948096 83.910074 
1845.876912 84.275810 
1847.805728 84.675829 
1849.734544 85.016549 
1851.663360 85.301049 
1853.592176 85.425074 
1855.520992 85.494756 
1857.449808 85.425760 
1859.378624 85.495323 
1861.307440 85.555676 
1863.236256 85.593930 
1865.165072 85.167193 
1867.093888 84.447269 
1869.022704 84.235656 
1870.951520 84.704045 
1872.880336 84.790031 
1874.809152 84.739455 
1876.737968 84.529576 
1878.666784 84.411471 
1880.595600 84.368203 
1882.524416 84.363528 
1884.453232 84.302238 
1886.382048 84.279181 
1888.310864 83.944772 
1890.239680 84.013807 
1892.168496 84.145395 
1894.097312 83.987994 
1896.026128 83.902527 
1897.954944 84.012734 
1899.883760 83.896919 
1901.812576 83.800550 
1903.741392 83.547390 
1905.670208 83.381627 
1907.599024 83.142819 
1909.527840 83.098851 
1911.456656 83.182657 
1913.385472 83.185750 
1915.314288 82.818724 
1917.243104 82.538420 
1919.171920 82.571324 
1921.100736 82.358178 
1923.029552 82.159199 
1924.958368 82.496960 
1926.887184 82.608466 
1928.816000 82.700353 
1930.744816 82.674772 
1932.673632 82.715089 
1934.602448 82.666501 
1936.531264 82.689686 
1938.460080 82.545292 
1940.388896 82.372210 
1942.317712 82.189402 
1944.246528 82.260368 
1946.175344 82.105464 
1948.104160 82.065846 
1950.032976 82.027834 
1951.961792 82.070680 
1953.890608 82.090739 
1955.819424 82.344433 
1957.748240 82.348146 
1959.677056 82.396782 
1961.605872 82.206750 
1963.534688 82.064004 
1965.463504 81.876772 
1967.392320 82.297176 
1969.321136 82.606301 
1971.249952 82.666555 
1973.178768 82.595597 
1975.107584 82.689278 
1977.036400 82.554807 
1978.965216 82.510092 
1980.894032 82.553497 
1982.822848 82.682356 
1984.751664 82.501990 
1986.680480 82.508541 
1988.609296 82.485173 
1990.538112 82.407784 
1992.466928 82.221050 
1994.395744 82.318381 
1996.324560 82.195978 
1998.253376 82.318078 
2000.182192 82.406166 
2002.111008 82.698039 
2004.039824 82.791338 
2005.968640 82.781032 
2007.897456 82.466081 
2009.826272 82.458404 
2011.755088 82.383194 
2013.683904 82.343343 
2015.612720 82.095172 
2017.541536 82.282696 
2019.470352 82.599926 
2021.399168 82.814899 
2023.327984 82.666128 
2025.256800 82.682605 
2027.185616 82.662640 
2029.114432 82.780567 
2031.043248 82.740117 
2032.972064 82.651395 
2034.900880 82.412179 
2036.829696 82.346242 
2038.758512 82.227911 
2040.687328 82.350023 
2042.616144 82.493722 
2044.544960 82.669469 
2046.473776 82.620230 
2048.402592 82.526950 
2050.331408 82.376328 
2052.260224 82.492888 
2054.189040 82.535076 
2056.117856 82.635381 
2058.046672 82.555922 
2059.975488 82.651103 
2061.904304 82.637224 
2063.833120 82.421646 
2065.761936 82.284858 
2067.690752 82.333708 
2069.619568 82.251138 
2071.548384 82.283302 
2073.477200 82.269709 
2075.406016 82.292217 
2077.334832 82.245982 
2079.263648 82.318631 
2081.192464 82.338908 
2083.121280 82.362524 
2085.050096 82.371348 
2086.978912 82.522981 
2088.907728 82.501303 
2090.836544 82.577566 
2092.765360 82.808468 
2094.694176 82.875801 
2096.622992 82.722140 
2098.551808 82.716372 
2100.480624 82.677666 
2102.409440 82.677378 
2104.338256 82.660632 
2106.267072 82.672467 
2108.195888 82.598984 
2110.124704 82.597756 
2112.053520 82.464351 
2113.982336 82.454147 
2115.911152 82.527604 
2117.839968 82.607613 
2119.768784 82.553072 
2121.697600 82.607430 
2123.626416 82.674666 
2125.555232 82.698771 
2127.484048 82.615337 
2129.412864 82.599381 
2131.341680 82.543189 
2133.270496 82.385662 
2135.199312 82.195647 
2137.128128 82.323367 
2139.056944 82.322050 
2140.985760 82.291333 
2142.914576 82.173900 
2144.843392 82.083319 
2146.772208 81.889345 
2148.701024 81.996822 
2150.629840 82.110536 
2152.558656 82.355811 
2154.487472 82.419063 
2156.416288 82.482570 
2158.345104 82.218142 
2160.273920 81.896256 
2162.202736 81.590043 
2164.131552 81.496947 
2166.060368 81.513098 
2167.989184 81.533193 
2169.918000 81.361790 
2171.846816 81.363359 
2173.775632 81.361371 
2175.704448 81.376778 
2177.633264 81.293127 
2179.562080 81.422238 
2181.490896 81.490633 
2183.419712 81.615738 
2185.348528 81.544184 
2187.277344 81.514472 
2189.206160 81.420103 
2191.134976 81.447364 
2193.063792 81.441043 
2194.992608 81.464763 
2196.921424 81.463510 
2198.850240 81.625426 
2200.779056 81.611233 
2202.707872 81.570777 
2204.636688 81.430127 
2206.565504 81.278834 
2208.494320 81.173428 
2210.423136 81.313905 
2212.351952 81.401133 
2214.280768 81.513162 
2216.209584 81.668444 
2218.138400 81.780329 
2220.067216 81.791417 
2221.996032 81.819785 
2223.924848 81.747833 
2225.853664 81.795563 
2227.782480 81.842162 
2229.711296 81.920084 
2231.640112 81.878201 
2233.568928 81.936278 
2235.497744 82.006965 
2237.426560 82.052893 
2239.355376 82.037834 
2241.284192 82.002091 
2243.213008 81.910124 
2245.141824 81.875426 
2247.070640 81.857712 
2248.999456 81.906377 
2250.928272 81.911549 
2252.857088 81.971610 
2254.785904 81.867822 
2256.714720 81.782121 
2258.643536 81.770623 
2260.572352 81.736382 
2262.501168 81.659752 
2264.429984 81.718426 
2266.358800 81.775987 
2268.287616 81.854295 
2270.216432 81.931059 
2272.145248 82.058266 
2274.074064 82.084811 
2276.002880 82.123599 
2277.931696 82.128184 
2279.860512 82.183723 
2281.789328 82.223238 
2283.718144 82.311844 
2285.646960 82.442407 
2287.575776 82.590082 
2289.504592 82.642389 
2291.433408 82.733391 
2293.362224 82.774638 
2295.291040 82.823208 
2297.219856 82.820157 
2299.148672 82.792446 
2301.077488 82.871429 
2303.006304 83.016324 
2304.935120 83.131878 
2306.863936 83.350571 
2308.792752 83.538053 
2310.721568 83.700407 
2312.650384 83.807331 
2314.579200 83.965492 
2316.508016 84.232318 
2318.436832 84.521333 
2320.365648 84.687777 
2322.294464 84.919972 
2324.223280 85.237373 
2326.152096 85.692844 
2328.080912 85.959625 
2330.009728 86.106772 
2331.938544 86.153439 
2333.867360 86.289256 
2335.796176 86.442783 
2337.724992 86.600617 
2339.653808 86.566229 
2341.582624 86.485334 
2343.511440 86.246476 
2345.440256 86.014310 
2347.369072 85.589385 
2349.297888 85.405541 
2351.226704 85.759856 
2353.155520 86.534275 
2355.084336 87.208147 
2357.013152 87.636529 
2358.941968 87.874562 
2360.870784 88.043919 
2362.799600 87.761022 
2364.728416 87.405532 
2366.657232 86.849669 
2368.586048 86.250424 
2370.514864 85.673560 
2372.443680 85.122850 
2374.372496 84.522154 
2376.301312 84.032105 
2378.230128 83.548406 
2380.158944 83.123866 
2382.087760 82.775051 
2384.016576 82.573241 
2385.945392 82.470631 
2387.874208 82.449728 
2389.803024 82.453821 
2391.731840 82.485440 
2393.660656 82.464128 
2395.589472 82.420210 
2397.518288 82.336586 
2399.447104 82.254652 
2401.375920 82.141717 
2403.304736 82.061827 
2405.233552 81.958919 
2407.162368 81.955988 
2409.091184 81.999795 
2411.020000 82.008629 
2412.948816 81.910238 
2414.877632 81.808848 
2416.806448 81.716357 
2418.735264 81.675091 
2420.664080 81.650577 
2422.592896 81.670528 
2424.521712 81.718042 
2426.450528 81.818934 
2428.379344 81.914463 
2430.308160 81.964728 
2432.236976 81.963614 
2434.165792 82.013261 
2436.094608 82.014779 
2438.023424 82.014405 
2439.952240 82.018690 
2441.881056 82.048986 
2443.809872 82.067236 
2445.738688 82.034911 
2447.667504 81.960200 
2449.596320 81.937605 
2451.525136 81.904970 
2453.453952 81.867267 
2455.382768 81.804275 
2457.311584 81.708679 
2459.240400 81.617632 
2461.169216 81.577125 
2463.098032 81.585587 
2465.026848 81.666021 
2466.955664 81.692160 
2468.884480 81.734608 
2470.813296 81.799026 
2472.742112 81.853400 
2474.670928 81.852852 
2476.599744 81.907440 
2478.528560 81.939107 
2480.457376 81.951667 
2482.386192 81.895201 
2484.315008 81.912837 
2486.243824 81.901367 
2488.172640 81.861312 
2490.101456 81.815520 
2492.030272 81.839403 
2493.959088 81.810188 
2495.887904 81.714514 
2497.816720 81.670201 
2499.745536 81.693401 
2501.674352 81.649280 
2503.603168 81.629723 
2505.531984 81.597460 
2507.460800 81.586929 
2509.389616 81.585519 
2511.318432 81.620694 
2513.247248 81.604121 
2515.176064 81.626778 
2517.104880 81.656843 
2519.033696 81.641120 
2520.962512 81.558741 
2522.891328 81.546697 
2524.820144 81.490562 
2526.748960 81.431524 
2528.677776 81.425986 
2530.606592 81.462866 
2532.535408 81.497678 
2534.464224 81.544047 
2536.393040 81.541203 
2538.321856 81.577180 
2540.250672 81.585692 
2542.179488 81.545512 
2544.108304 81.520134 
2546.037120 81.572878 
2547.965936 81.652262 
2549.894752 81.725210 
2551.823568 81.702127 
2553.752384 81.663449 
2555.681200 81.627993 
2557.610016 81.606337 
2559.538832 81.522632 
2561.467648 81.463378 
2563.396464 81.412879 
2565.325280 81.356242 
2567.254096 81.325485 
2569.182912 81.385745 
2571.111728 81.403847 
2573.040544 81.368262 
2574.969360 81.276610 
2576.898176 81.213104 
2578.826992 81.183534 
2580.755808 81.198677 
2582.684624 81.193571 
2584.613440 81.225386 
2586.542256 81.273945 
2588.471072 81.358343 
2590.399888 81.372990 
2592.328704 81.358292 
2594.257520 81.361874 
2596.186336 81.391769 
2598.115152 81.362844 
2600.043968 81.363324 
2601.972784 81.383120 
2603.901600 81.446751 
2605.830416 81.474582 
2607.759232 81.428586 
2609.688048 81.439781 
2611.616864 81.525374 
2613.545680 81.528123 
2615.474496 81.512778 
2617.403312 81.490108 
2619.332128 81.528612 
2621.260944 81.563664 
2623.189760 81.622631 
2625.118576 81.658359 
2627.047392 81.710877 
2628.976208 81.728287 
2630.905024 81.743205 
2632.833840 81.741748 
2634.762656 81.780670 
2636.691472 81.841156 
2638.620288 81.944012 
2640.549104 81.997235 
2642.477920 82.022446 
2644.406736 82.037951 
2646.335552 82.044679 
2648.264368 82.004286 
2650.193184 81.994305 
2652.122000 81.990356 
2654.050816 82.016341 
2655.979632 82.086594 
2657.908448 82.166432 
2659.837264 82.192672 
2661.766080 82.243704 
2663.694896 82.281854 
2665.623712 82.277370 
2667.552528 82.256751 
2669.481344 82.220384 
2671.410160 82.148640 
2673.338976 82.100744 
2675.267792 82.082406 
2677.196608 82.082714 
2679.125424 82.086778 
2681.054240 82.097191 
2682.983056 82.106669 
2684.911872 82.106497 
2686.840688 82.123613 
2688.769504 82.139787 
2690.698320 82.122827 
2692.627136 82.132470 
2694.555952 82.153929 
2696.484768 82.173846 
2698.413584 82.170134 
2700.342400 82.197162 
2702.271216 82.207812 
2704.200032 82.204546 
2706.128848 82.183823 
2708.057664 82.160506 
2709.986480 82.139243 
2711.915296 82.140163 
2713.844112 82.128121 
2715.772928 82.141338 
2717.701744 82.122541 
2719.630560 82.098089 
2721.559376 82.084297 
2723.488192 82.055731 
2725.417008 82.021223 
2727.345824 82.017367 
2729.274640 82.022670 
2731.203456 82.051930 
2733.132272 82.049513 
2735.061088 82.065527 
2736.989904 82.089074 
2738.918720 82.091466 
2740.847536 82.094858 
2742.776352 82.095954 
2744.705168 82.045717 
2746.633984 81.981529 
2748.562800 81.961112 
2750.491616 82.010553 
2752.420432 82.041976 
2754.349248 82.031708 
2756.278064 81.992726 
2758.206880 81.969627 
2760.135696 81.897001 
2762.064512 81.787457 
2763.993328 81.650285 
2765.922144 81.539272 
2767.850960 81.488120 
2769.779776 81.474887 
2771.708592 81.504333 
2773.637408 81.568044 
2775.566224 81.639085 
2777.495040 81.694156 
2779.423856 81.736787 
2781.352672 81.773688 
2783.281488 81.778441 
2785.210304 81.727730 
2787.139120 81.654492 
2789.067936 81.595871 
2790.996752 81.574093 
2792.925568 81.548481 
2794.854384 81.503626 
2796.783200 81.470631 
2798.712016 81.464737 
2800.640832 81.450611 
2802.569648 81.388726 
2804.498464 81.333695 
2806.427280 81.260719 
2808.356096 81.175984 
2810.284912 81.097250 
2812.213728 81.048886 
2814.142544 80.995958 
2816.071360 80.966506 
2818.000176 80.911856 
2819.928992 80.855751 
2821.857808 80.799221 
2823.786624 80.757947 
2825.715440 80.687579 
2827.644256 80.611421 
2829.573072 80.576607 
2831.501888 80.592720 
2833.430704 80.585290 
2835.359520 80.545415 
2837.288336 80.465975 
2839.217152 80.370117 
2841.145968 80.305336 
2843.074784 80.238455 
2845.003600 80.148750 
2846.932416 80.075845 
2848.861232 80.001101 
2850.790048 79.948230 
2852.718864 79.849828 
2854.647680 79.695665 
2856.576496 79.529654 
2858.505312 79.308115 
2860.434128 78.997492 
2862.362944 78.677504 
2864.291760 78.305523 
2866.220576 77.915706 
2868.149392 77.574695 
2870.078208 77.366757 
2872.007024 77.428704 
2873.935840 77.784719 
2875.864656 78.235648 
2877.793472 78.653646 
2879.722288 78.941970 
2881.651104 79.168835 
2883.579920 79.278821 
2885.508736 79.296858 
2887.437552 79.250423 
2889.366368 79.162212 
2891.295184 79.035581 
2893.224000 78.881079 
2895.152816 78.663270 
2897.081632 78.447407 
2899.010448 78.214808 
2900.939264 78.015194 
2902.868080 77.954912 
2904.796896 78.076917 
2906.725712 78.230128 
2908.654528 78.402755 
2910.583344 78.634616 
2912.512160 78.867738 
2914.440976 79.046519 
2916.369792 79.187826 
2918.298608 79.234011 
2920.227424 79.259139 
2922.156240 79.262148 
2924.085056 79.238088 
2926.013872 79.147707 
2927.942688 79.051049 
2929.871504 79.024472 
2931.800320 79.058425 
2933.729136 79.066621 
2935.657952 79.082512 
2937.586768 79.053446 
2939.515584 79.049269 
2941.444400 79.127567 
2943.373216 79.205588 
2945.302032 79.233105 
2947.230848 79.242020 
2949.159664 79.192633 
2951.088480 79.109915 
2953.017296 79.007214 
2954.946112 78.901687 
2956.874928 78.752346 
2958.803744 78.579496 
2960.732560 78.363633 
2962.661376 78.134785 
2964.590192 77.899999 
2966.519008 77.732396 
2968.447824 77.632531 
2970.376640 77.562350 
2972.305456 77.413452 
2974.234272 77.201500 
2976.163088 76.946479 
2978.091904 76.803282 
2980.020720 77.008403 
2981.949536 77.477422 
2983.878352 77.922074 
2985.807168 78.213728 
2987.735984 78.347268 
2989.664800 78.478468 
2991.593616 78.640209 
2993.522432 78.760088 
2995.451248 78.829546 
2997.380064 78.836524 
2999.308880 78.734953 
3001.237696 78.579997 
3003.166512 78.427942 
3005.095328 78.384574 
3007.024144 78.339953 
3008.952960 78.237598 
3010.881776 78.136122 
3012.810592 78.096535 
3014.739408 78.077691 
3016.668224 78.064891 
3018.597040 78.013979 
3020.525856 77.886824 
3022.454672 77.761395 
3024.383488 77.638973 
3026.312304 77.454588 
3028.241120 77.175110 
3030.169936 76.769560 
3032.098752 76.451157 
3034.027568 76.214742 
3035.956384 75.952632 
3037.885200 75.664154 
3039.814016 75.433029 
3041.742832 75.356229 
3043.671648 75.422593 
3045.600464 75.514786 
3047.529280 75.625678 
3049.458096 75.713956 
3051.386912 75.725588 
3053.315728 75.612378 
3055.244544 75.363500 
3057.173360 75.114983 
3059.102176 74.898014 
3061.030992 74.722646 
3062.959808 74.774956 
3064.888624 75.116085 
3066.817440 75.653118 
3068.746256 76.199603 
3070.675072 76.603112 
3072.603888 76.915811 
3074.532704 77.175368 
3076.461520 77.360178 
3078.390336 77.529052 
3080.319152 77.689854 
3082.247968 77.904766 
3084.176784 78.134187 
3086.105600 78.338217 
3088.034416 78.494697 
3089.963232 78.630615 
3091.892048 78.726273 
3093.820864 78.828797 
3095.749680 78.893051 
3097.678496 78.950494 
3099.607312 78.946637 
3101.536128 78.994419 
3103.464944 79.031440 
3105.393760 79.058402 
3107.322576 79.092032 
3109.251392 79.164723 
3111.180208 79.222735 
3113.109024 79.230971 
3115.037840 79.163970 
3116.966656 79.124936 
3118.895472 79.101533 
3120.824288 79.100899 
3122.753104 79.088788 
3124.681920 79.107628 
3126.610736 79.089673 
3128.539552 79.091447 
3130.468368 79.085366 
3132.397184 79.096095 
3134.326000 79.119100 
3136.254816 79.110538 
3138.183632 79.014175 
3140.112448 78.963335 
3142.041264 78.928458 
3143.970080 78.869087 
3145.898896 78.831648 
3147.827712 78.778314 
3149.756528 78.668348 
3151.685344 78.646939 
3153.614160 78.669391 
3155.542976 78.690085 
3157.471792 78.635043 
3159.400608 78.623603 
3161.329424 78.582738 
3163.258240 78.557107 
3165.187056 78.508467 
3167.115872 78.471970 
3169.044688 78.521412 
3170.973504 78.582742 
3172.902320 78.575382 
3174.831136 78.506620 
3176.759952 78.376967 
3178.688768 78.334999 
3180.617584 78.305113 
3182.546400 78.213595 
3184.475216 78.120814 
3186.404032 78.108281 
3188.332848 78.174570 
3190.261664 78.238835 
3192.190480 78.236388 
3194.119296 78.223639 
3196.048112 78.223845 
3197.976928 78.206220 
3199.905744 78.181605 
3201.834560 78.157539 
3203.763376 78.172114 
3205.692192 78.233099 
3207.621008 78.241255 
3209.549824 78.262021 
3211.478640 78.290406 
3213.407456 78.264177 
3215.336272 78.293757 
3217.265088 78.343182 
3219.193904 78.277905 
3221.122720 78.268873 
3223.051536 78.271924 
3224.980352 78.282393 
3226.909168 78.315727 
3228.837984 78.332722 
3230.766800 78.384802 
3232.695616 78.476172 
3234.624432 78.508267 
3236.553248 78.543448 
3238.482064 78.553087 
3240.410880 78.545140 
3242.339696 78.510726 
3244.268512 78.491842 
3246.197328 78.514261 
3248.126144 78.620212 
3250.054960 78.755537 
3251.983776 78.816516 
3253.912592 78.793376 
3255.841408 78.853476 
3257.770224 78.919564 
3259.699040 78.902543 
3261.627856 78.872990 
3263.556672 78.878477 
3265.485488 78.878727 
3267.414304 78.918291 
3269.343120 78.928542 
3271.271936 78.961204 
3273.200752 79.004064 
3275.129568 79.036934 
3277.058384 79.059037 
3278.987200 79.116306 
3280.916016 79.078718 
3282.844832 79.038324 
3284.773648 79.124964 
3286.702464 79.203364 
3288.631280 79.145483 
3290.560096 79.080406 
3292.488912 79.056496 
3294.417728 79.141666 
3296.346544 79.169959 
3298.275360 79.186395 
3300.204176 79.229256 
3302.132992 79.202312 
3304.061808 79.159053 
3305.990624 79.173409 
3307.919440 79.147303 
3309.848256 79.129153 
3311.777072 79.161412 
3313.705888 79.244571 
3315.634704 79.265234 
3317.563520 79.221985 
3319.492336 79.139943 
3321.421152 79.078687 
3323.349968 79.020455 
3325.278784 79.023270 
3327.207600 79.057118 
3329.136416 79.105817 
3331.065232 79.082039 
3332.994048 78.987849 
3334.922864 78.850584 
3336.851680 78.773492 
3338.780496 78.738543 
3340.709312 78.670776 
3342.638128 78.548402 
3344.566944 78.444991 
3346.495760 78.386522 
3348.424576 78.364104 
3350.353392 78.344958 
3352.282208 78.370142 
3354.211024 78.423618 
3356.139840 78.479498 
3358.068656 78.489415 
3359.997472 78.356837 
3361.926288 78.039086 
3363.855104 77.609460 
3365.783920 77.011324 
3367.712736 76.681013 
3369.641552 76.997406 
3371.570368 77.713628 
3373.499184 78.276265 
3375.428000 78.556894 
3377.356816 78.711044 
3379.285632 78.859275 
3381.214448 78.881834 
3383.143264 78.848630 
3385.072080 78.776244 
3387.000896 78.705058 
3388.929712 78.452288 
3390.858528 78.096737 
3392.787344 77.949621 
3394.716160 78.157089 
3396.644976 78.516273 
3398.573792 79.111490 
3400.502608 79.645577 
3402.431424 80.054645 
3404.360240 80.358926 
3406.289056 80.592123 
3408.217872 80.793229 
3410.146688 80.981234 
3412.075504 81.165788 
3414.004320 81.292116 
3415.933136 81.314476 
3417.861952 81.242155 
3419.790768 81.118542 
3421.719584 81.173684 
3423.648400 81.288582 
3425.577216 81.325155 
3427.506032 81.313940 
3429.434848 81.299190 
3431.363664 81.324404 
3433.292480 81.360460 
3435.221296 81.335135 
3437.150112 81.339445 
3439.078928 81.322534 
3441.007744 81.120394 
3442.936560 80.898716 
3444.865376 80.686428 
3446.794192 80.459669 
3448.723008 80.637830 
3450.651824 80.789332 
3452.580640 80.848138 
3454.509456 80.964364 
3456.438272 81.049944 
3458.367088 80.995122 
3460.295904 80.944609 
3462.224720 80.955623 
3464.153536 81.015082 
3466.082352 81.012193 
3468.011168 81.071088 
3469.939984 81.157044 
3471.868800 81.220856 
3473.797616 81.238484 
3475.726432 81.269002 
3477.655248 81.314705 
3479.584064 81.218353 
3481.512880 81.088281 
3483.441696 81.290088 
3485.370512 81.585462 
3487.299328 81.696667 
3489.228144 81.863744 
3491.156960 82.085997 
3493.085776 82.195986 
3495.014592 82.287623 
3496.943408 82.398327 
3498.872224 82.447994 
3500.801040 82.185796 
3502.729856 81.960322 
3504.658672 82.282294 
3506.587488 82.591305 
3508.516304 82.416413 
3510.445120 82.480368 
3512.373936 82.815972 
3514.302752 83.032738 
3516.231568 83.093743 
3518.160384 83.053178 
3520.089200 82.912250 
3522.018016 82.484622 
3523.946832 82.188925 
3525.875648 82.241852 
3527.804464 82.326731 
3529.733280 82.641321 
3531.662096 82.946850 
3533.590912 83.102899 
3535.519728 82.973325 
3537.448544 83.145472 
3539.377360 83.304714 
3541.306176 83.052885 
3543.234992 82.569810 
3545.163808 82.100921 
3547.092624 82.240156 
3549.021440 82.757955 
3550.950256 82.717367 
3552.879072 82.622596 
3554.807888 83.044384 
3556.736704 83.336822 
3558.665520 83.315948 
3560.594336 83.040202 
3562.523152 82.578831 
3564.451968 81.575631 
3566.380784 80.475854 
3568.309600 81.558242 
3570.238416 82.818828 
3572.167232 83.155367 
3574.096048 83.024807 
3576.024864 83.011337 
3577.953680 83.134369 
3579.882496 83.155712 
3581.811312 83.035333 
3583.740128 82.726118 
3585.668944 81.934032 
3587.597760 81.499097 
3589.526576 82.563558 
3591.455392 82.941683 
3593.384208 82.478678 
3595.313024 82.109869 
3597.241840 82.280042 
3599.170656 82.553318 
3601.099472 82.748460 
3603.028288 83.006974 
3604.957104 82.897276 
3606.885920 82.187252 
3608.814736 81.996817 
3610.743552 82.162058 
3612.672368 81.734156 
3614.601184 81.654438 
3616.530000 81.613398 
3618.458816 81.495322 
3620.387632 82.328264 
3622.316448 82.930574 
3624.245264 82.877676 
3626.174080 82.125935 
3628.102896 80.602814 
3630.031712 81.220293 
3631.960528 82.139666 
3633.889344 82.389496 
3635.818160 82.703390 
3637.746976 82.890823 
3639.675792 83.025169 
3641.604608 82.908433 
3643.533424 82.553511 
3645.462240 81.685555 
3647.391056 79.817636 
3649.319872 79.077055 
3651.248688 80.934005 
3653.177504 82.067211 
3655.106320 81.856766 
3657.035136 82.067530 
3658.963952 82.837752 
3660.892768 83.286196 
3662.821584 83.395532 
3664.750400 83.280012 
3666.679216 82.930599 
3668.608032 81.855725 
3670.536848 81.445240 
3672.465664 81.868991 
3674.394480 80.677212 
3676.323296 80.673975 
3678.252112 82.021489 
3680.180928 82.851356 
3682.109744 83.298694 
3684.038560 83.175095 
3685.967376 82.541843 
3687.896192 81.231684 
3689.825008 80.848791 
3691.753824 82.168790 
3693.682640 83.045023 
3695.611456 83.185434 
3697.540272 83.217509 
3699.469088 83.026680 
3701.397904 82.905751 
3703.326720 83.290076 
3705.255536 83.243564 
3707.184352 82.718113 
3709.113168 81.632567 
3711.041984 80.870565 
3712.970800 82.014373 
3714.899616 82.839119 
3716.828432 82.989729 
3718.757248 82.703326 
3720.686064 82.321407 
3722.614880 82.180539 
3724.543696 82.196524 
3726.472512 82.521749 
3728.401328 83.029754 
3730.330144 82.686035 
3732.258960 81.560088 
3734.187776 80.480177 
3736.116592 80.823449 
3738.045408 81.819506 
3739.974224 82.247437 
3741.903040 82.124495 
3743.831856 81.366141 
3745.760672 81.132622 
3747.689488 80.969900 
3749.618304 80.093788 
3751.547120 80.332670 
3753.475936 81.677127 
3755.404752 82.163146 
3757.333568 81.969901 
3759.262384 81.941190 
3761.191200 82.559744 
3763.120016 82.633822 
3765.048832 82.204803 
3766.977648 82.197708 
3768.906464 82.157503 
3770.835280 82.580420 
3772.764096 83.104642 
3774.692912 83.179252 
3776.621728 82.920760 
3778.550544 82.403623 
3780.479360 82.518714 
3782.408176 82.718263 
3784.336992 82.522090 
3786.265808 82.769956 
3788.194624 83.111332 
3790.123440 83.244694 
3792.052256 83.308775 
3793.981072 83.001380 
3795.909888 82.319154 
3797.838704 82.080044 
3799.767520 81.491792 
3801.696336 80.908383 
3803.625152 81.888746 
3805.553968 82.013065 
3807.482784 82.276461 
3809.411600 82.930163 
3811.340416 83.168880 
3813.269232 82.842717 
3815.198048 81.857877 
3817.126864 81.632906 
3819.055680 81.261229 
3820.984496 80.802347 
3822.913312 82.065774 
3824.842128 82.411809 
3826.770944 82.408250 
3828.699760 82.604749 
3830.628576 82.519824 
3832.557392 82.250774 
3834.486208 81.967189 
3836.415024 81.186854 
3838.343840 80.483010 
3840.272656 80.988039 
3842.201472 81.860751 
3844.130288 82.463249 
3846.059104 82.831793 
3847.987920 82.621089 
3849.916736 81.855343 
3851.845552 80.122547 
3853.774368 79.902711 
3855.703184 81.630536 
3857.632000 82.194166 
3859.560816 82.424211 
3861.489632 82.042578 
3863.418448 81.450777 
3865.347264 81.573251 
3867.276080 81.712893 
3869.204896 80.950836 
3871.133712 81.347134 
3873.062528 81.799744 
3874.991344 82.345056 
3876.920160 82.783788 
3878.848976 82.184627 
3880.777792 81.642272 
3882.706608 81.874311 
3884.635424 81.653191 
3886.564240 82.193260 
3888.493056 82.583918 
3890.421872 81.987419 
3892.350688 81.996815 
3894.279504 82.588371 
3896.208320 82.622673 
3898.137136 81.849108 
3900.065952 81.081215 
3901.994768 80.730651 
3903.923584 80.798745 
3905.852400 81.843802 
3907.781216 82.684198 
3909.710032 82.901427 
3911.638848 82.900288 
3913.567664 82.842013 
3915.496480 82.344983 
3917.425296 81.985770 
3919.354112 82.203856 
3921.282928 82.375623 
3923.211744 82.174669 
3925.140560 82.130501 
3927.069376 82.470993 
3928.998192 82.245150 
3930.927008 81.934326 
3932.855824 82.190732 
3934.784640 82.699273 
3936.713456 82.844992 
3938.642272 82.846880 
3940.571088 82.619618 
3942.499904 82.321802 
3944.428720 82.526805 
3946.357536 82.512920 
3948.286352 82.249520 
3950.215168 82.422335 
3952.143984 82.662220 
3954.072800 82.795775 
3956.001616 82.808795 
3957.930432 82.785941 
3959.859248 82.729786 
3961.788064 82.656509 
3963.716880 82.819535 
3965.645696 82.986867 
3967.574512 82.937985 
3969.503328 82.861314 
3971.432144 82.803782 
3973.360960 82.720755 
3975.289776 82.752705 
3977.218592 82.908273 
3979.147408 82.920076 
3981.076224 82.886590 
3983.005040 82.963114 
3984.933856 83.007536 
3986.862672 82.969197 
3988.791488 82.891482 
3990.720304 82.816568 
3992.649120 82.906009 
3994.577936 82.946360 
3996.506752 82.915302 
3998.435568 82.913998 
4000.364384 82.906577 