##YUNITS=%T
399.264912 138.137421 
401.193728 112.741214 
403.122544 40.530538 
405.051360 74.524416 
406.980176 58.583032 
408.908992 63.757101 
410.837808 48.774185 
412.766624 49.608659 
414.695440 103.850940 
416.624256 78.593805 
418.553072 36.172767 
420.481888 40.329666 
422.410704 70.746021 
424.339520 78.858654 
426.268336 123.145191 
428.197152 168.319126 
430.125968 240.187736 
432.054784 183.295566 
433.983600 81.256503 
435.912416 98.070195 
437.841232 120.625164 
439.770048 129.033667 
441.698864 85.378361 
443.627680 97.297200 
445.556496 124.240897 
447.485312 101.466419 
449.414128 107.752235 
451.342944 154.063908 
453.271760 201.834443 
455.200576 143.314630 
457.129392 115.976141 
459.058208 120.759266 
460.987024 103.393122 
462.915840 100.582828 
464.844656 100.331725 
466.773472 135.031305 
468.702288 125.281304 
470.631104 60.177761 
472.559920 73.097437 
474.488736 96.860991 
476.417552 99.193302 
478.346368 88.792367 
480.275184 96.156148 
482.204000 111.965938 
484.132816 94.091715 
486.061632 82.333168 
487.990448 111.201053 
489.919264 108.588234 
491.848080 96.456282 
493.776896 79.651936 
495.705712 92.585823 
497.634528 112.597184 
499.563344 136.287090 
501.492160 101.583610 
503.420976 115.340814 
505.349792 134.723803 
507.278608 85.511688 
509.207424 77.021998 
511.136240 100.886331 
513.065056 94.331575 
514.993872 131.383129 
516.922688 136.997370 
518.851504 86.035632 
520.780320 74.054915 
522.709136 61.865732 
524.637952 73.601092 
526.566768 74.354664 
528.495584 69.128254 
530.424400 100.153002 
532.353216 110.186449 
534.282032 95.348188 
536.210848 68.572418 
538.139664 65.286934 
540.068480 77.655466 
541.997296 96.410461 
543.926112 105.384312 
545.854928 80.066140 
547.783744 58.629380 
549.712560 68.278092 
551.641376 74.227649 
553.570192 81.997956 
555.499008 80.997054 
557.427824 82.435900 
559.356640 78.683426 
561.285456 71.639388 
563.214272 73.767485 
565.143088 65.485611 
567.071904 54.845600 
569.000720 66.267590 
570.929536 76.883073 
572.858352 83.516930 
574.787168 83.381734 
576.715984 82.432940 
578.644800 79.917995 
580.573616 73.936316 
582.502432 72.002827 
584.431248 71.537395 
586.360064 72.116933 
588.288880 72.473345 
590.217696 73.961363 
592.146512 71.939191 
594.075328 70.931452 
596.004144 72.326253 
597.932960 70.663805 
599.861776 66.494341 
601.790592 66.126389 
603.719408 67.678331 
605.648224 69.742470 
607.577040 72.744291 
609.505856 71.123192 
611.434672 67.414781 
613.363488 67.896664 
615.292304 68.170834 
617.221120 70.977815 
619.149936 66.611848 
621.078752 61.628807 
623.007568 62.260177 
624.936384 68.686732 
626.865200 70.357039 
628.794016 68.007801 
630.722832 66.985333 
632.651648 63.954490 
634.580464 62.333112 
636.509280 60.913956 
638.438096 56.257921 
640.366912 55.061804 
642.295728 57.633920 
644.224544 58.434454 
646.153360 58.263223 
648.082176 61.785464 
650.010992 65.637824 
651.939808 65.790364 
653.868624 65.176252 
655.797440 64.450053 
657.726256 62.946390 
659.655072 62.404319 
661.583888 61.831359 
663.512704 61.247172 
665.441520 60.339246 
667.370336 60.947394 
669.299152 61.503922 
671.227968 60.689172 
673.156784 60.620500 
675.085600 60.569475 
677.014416 59.977639 
678.943232 59.297667 
680.872048 58.335179 
682.800864 56.621893 
684.729680 54.435794 
686.658496 51.873945 
688.587312 48.979713 
690.516128 47.645156 
692.444944 48.136193 
694.373760 48.876076 
696.302576 49.799109 
698.231392 51.259103 
700.160208 51.865035 
702.089024 52.272441 
704.017840 52.927319 
705.946656 55.273490 
707.875472 58.568457 
709.804288 60.119193 
711.733104 60.156941 
713.661920 59.830678 
715.590736 58.981305 
717.519552 57.996855 
719.448368 57.276477 
721.377184 56.445375 
723.306000 55.396645 
725.234816 54.301556 
727.163632 52.769567 
729.092448 50.933015 
731.021264 49.073453 
732.950080 46.874550 
734.878896 44.184940 
736.807712 40.958050 
738.736528 37.482839 
740.665344 33.899003 
742.594160 30.595498 
744.522976 29.632569 
746.451792 30.829295 
748.380608 32.206026 
750.309424 32.203799 
752.238240 30.717538 
754.167056 30.629061 
756.095872 31.612643 
758.024688 31.710990 
759.953504 32.242597 
761.882320 34.494289 
763.811136 37.436840 
765.739952 40.557581 
767.668768 44.764157 
769.597584 48.772697 
771.526400 51.319266 
773.455216 52.231709 
775.384032 52.245299 
777.312848 51.657281 
779.241664 50.625711 
781.170480 48.599468 
783.099296 45.544245 
785.028112 42.486936 
786.956928 42.121345 
788.885744 44.980113 
790.814560 48.320141 
792.743376 50.723093 
794.672192 52.599420 
796.601008 55.200787 
798.529824 58.916640 
800.458640 60.975456 
802.387456 60.783877 
804.316272 59.464289 
806.245088 57.989802 
808.173904 56.674948 
810.102720 55.583573 
812.031536 53.931089 
813.960352 50.987569 
815.889168 47.740350 
817.817984 45.772355 
819.746800 45.541111 
821.675616 46.522781 
823.604432 48.760040 
825.533248 53.737341 
827.462064 61.562606 
829.390880 68.058440 
831.319696 70.695451 
833.248512 71.079615 
835.177328 70.587079 
837.106144 69.580802 
839.034960 67.927407 
840.963776 65.708085 
842.892592 63.302526 
844.821408 60.805190 
846.750224 58.895494 
848.679040 58.818466 
850.607856 60.863040 
852.536672 64.380113 
854.465488 67.802010 
856.394304 69.973309 
858.323120 70.818189 
860.251936 70.600731 
862.180752 69.542270 
864.109568 67.900989 
866.038384 65.954048 
867.967200 65.408547 
869.896016 66.279988 
871.824832 66.526746 
873.753648 65.908221 
875.682464 65.964685 
877.611280 67.063097 
879.540096 68.081283 
881.468912 67.687751 
883.397728 66.030058 
885.326544 64.249525 
887.255360 63.521118 
889.184176 63.764363 
891.112992 64.465761 
893.041808 65.403834 
894.970624 65.468739 
896.899440 64.424627 
898.828256 62.840414 
900.757072 60.972044 
902.685888 59.229149 
904.614704 58.562598 
906.543520 59.388287 
908.472336 60.748111 
910.401152 61.633876 
912.329968 61.769889 
914.258784 61.362124 
916.187600 60.722269 
918.116416 59.680794 
920.045232 58.282279 
921.974048 56.781518 
923.902864 55.462207 
925.831680 54.419623 
927.760496 53.867213 
929.689312 53.735444 
931.618128 53.464785 
933.546944 52.607432 
935.475760 51.268599 
937.404576 49.727890 
939.333392 48.964375 
941.262208 49.727139 
943.191024 51.655100 
945.119840 53.383942 
947.048656 53.744585 
948.977472 52.774842 
950.906288 51.851770 
952.835104 51.510607 
954.763920 51.139067 
956.692736 51.454515 
958.621552 53.147156 
960.550368 54.760104 
962.479184 55.506104 
964.408000 55.880294 
966.336816 57.338347 
968.265632 60.199406 
970.194448 62.698879 
972.123264 63.442966 
974.052080 62.727100 
975.980896 61.896295 
977.909712 61.677849 
979.838528 61.733019 
981.767344 61.833948 
983.696160 62.316732 
985.624976 63.075878 
987.553792 63.351991 
989.482608 62.977403 
991.411424 62.015553 
993.340240 60.477757 
995.269056 58.353557 
997.197872 55.793103 
999.126688 52.769375 
1001.055504 48.992264 
1002.984320 44.592754 
1004.913136 40.864963 
1006.841952 38.750975 
1008.770768 38.053880 
1010.699584 38.665981 
1012.628400 41.668755 
1014.557216 47.427747 
1016.486032 53.912301 
1018.414848 58.093596 
1020.343664 59.235355 
1022.272480 58.465314 
1024.201296 57.576764 
1026.130112 56.783696 
1028.058928 56.181423 
1029.987744 56.694817 
1031.916560 57.536267 
1033.845376 57.874043 
1035.774192 58.021897 
1037.703008 58.034690 
1039.631824 58.271790 
1041.560640 58.812893 
1043.489456 58.969907 
1045.418272 57.924482 
1047.347088 55.672838 
1049.275904 52.671887 
1051.204720 50.796307 
1053.133536 51.241526 
1055.062352 52.601964 
1056.991168 53.986548 
1058.919984 55.783760 
1060.848800 57.371589 
1062.777616 57.944343 
1064.706432 57.488026 
1066.635248 56.530275 
1068.564064 55.493636 
1070.492880 54.821318 
1072.421696 55.014721 
1074.350512 56.191985 
1076.279328 57.351370 
1078.208144 57.480966 
1080.136960 56.007935 
1082.065776 53.275728 
1083.994592 51.055921 
1085.923408 51.603133 
1087.852224 54.399869 
1089.781040 57.533722 
1091.709856 59.354172 
1093.638672 59.122115 
1095.567488 56.702014 
1097.496304 52.432942 
1099.425120 47.284154 
1101.353936 44.071654 
1103.282752 44.761326 
1105.211568 47.681671 
1107.140384 50.196251 
1109.069200 51.470889 
1110.998016 51.332273 
1112.926832 50.841315 
1114.855648 51.973260 
1116.784464 54.822161 
1118.713280 57.081615 
1120.642096 58.192741 
1122.570912 59.319393 
1124.499728 61.121750 
1126.428544 63.069020 
1128.357360 64.603025 
1130.286176 65.398765 
1132.214992 65.554052 
1134.143808 65.242660 
1136.072624 64.914969 
1138.001440 64.377831 
1139.930256 63.446542 
1141.859072 61.387593 
1143.787888 57.812571 
1145.716704 53.715194 
1147.645520 52.230385 
1149.574336 54.365278 
1151.503152 58.178659 
1153.431968 62.268054 
1155.360784 65.707108 
1157.289600 67.331420 
1159.218416 67.720029 
1161.147232 67.675281 
1163.076048 67.474457 
1165.004864 66.801116 
1166.933680 65.868068 
1168.862496 64.987476 
1170.791312 64.028833 
1172.720128 62.612617 
1174.648944 61.189528 
1176.577760 59.766450 
1178.506576 58.708007 
1180.435392 58.584821 
1182.364208 59.204953 
1184.293024 59.453248 
1186.221840 58.817565 
1188.150656 57.402560 
1190.079472 55.486210 
1192.008288 53.296293 
1193.937104 51.482285 
1195.865920 50.557597 
1197.794736 50.475817 
1199.723552 50.666016 
1201.652368 50.061536 
1203.581184 48.250529 
1205.510000 46.521606 
1207.438816 45.877860 
1209.367632 46.533333 
1211.296448 48.243469 
1213.225264 49.733308 
1215.154080 49.663751 
1217.082896 48.296109 
1219.011712 46.610297 
1220.940528 45.202894 
1222.869344 43.824036 
1224.798160 43.037274 
1226.726976 44.055745 
1228.655792 46.946422 
1230.584608 50.240769 
1232.513424 52.974043 
1234.442240 55.125205 
1236.371056 56.992924 
1238.299872 58.690008 
1240.228688 60.032508 
1242.157504 60.622249 
1244.086320 60.624775 
1246.015136 60.162752 
1247.943952 59.253357 
1249.872768 57.819680 
1251.801584 55.811767 
1253.730400 52.974926 
1255.659216 49.332432 
1257.588032 45.636467 
1259.516848 43.526862 
1261.445664 43.777379 
1263.374480 44.925763 
1265.303296 44.855433 
1267.232112 42.896620 
1269.160928 39.703172 
1271.089744 36.583029 
1273.018560 34.082753 
1274.947376 31.463172 
1276.876192 28.814043 
1278.805008 27.180993 
1280.733824 27.145941 
1282.662640 28.921392 
1284.591456 32.013170 
1286.520272 35.635077 
1288.449088 39.179602 
1290.377904 42.581129 
1292.306720 45.907380 
1294.235536 48.998473 
1296.164352 51.756178 
1298.093168 54.157172 
1300.021984 55.916018 
1301.950800 57.564136 
1303.879616 59.061425 
1305.808432 59.806723 
1307.737248 59.823918 
1309.666064 59.730766 
1311.594880 59.802720 
1313.523696 59.816343 
1315.452512 59.491480 
1317.381328 59.600869 
1319.310144 61.008950 
1321.238960 62.338387 
1323.167776 62.176091 
1325.096592 60.897684 
1327.025408 59.439874 
1328.954224 58.178626 
1330.883040 56.686183 
1332.811856 55.474108 
1334.740672 55.576251 
1336.669488 56.975395 
1338.598304 59.391527 
1340.527120 62.556572 
1342.455936 64.159691 
1344.384752 63.866075 
1346.313568 62.461579 
1348.242384 60.791809 
1350.171200 59.263719 
1352.100016 57.283959 
1354.028832 54.814597 
1355.957648 52.878644 
1357.886464 51.812893 
1359.815280 50.932029 
1361.744096 49.749775 
1363.672912 48.617434 
1365.601728 47.975095 
1367.530544 46.979129 
1369.459360 45.107794 
1371.388176 43.121831 
1373.316992 41.438118 
1375.245808 41.006851 
1377.174624 43.424634 
1379.103440 48.704232 
1381.032256 54.368729 
1382.961072 57.949321 
1384.889888 58.968835 
1386.818704 58.235482 
1388.747520 56.654761 
1390.676336 54.826583 
1392.605152 52.393202 
1394.533968 49.126149 
1396.462784 46.265330 
1398.391600 45.298453 
1400.320416 45.838118 
1402.249232 47.728142 
1404.178048 51.056994 
1406.106864 55.628788 
1408.035680 58.850755 
1409.964496 60.674293 
1411.893312 61.278982 
1413.822128 60.945034 
1415.750944 59.830724 
1417.679760 58.509605 
1419.608576 57.583305 
1421.537392 56.847061 
1423.466208 55.675038 
1425.395024 55.096708 
1427.323840 55.410841 
1429.252656 55.865696 
1431.181472 55.398203 
1433.110288 53.569600 
1435.039104 51.059204 
1436.967920 48.075605 
1438.896736 46.236450 
1440.825552 45.154415 
1442.754368 44.479767 
1444.683184 44.873123 
1446.612000 46.404894 
1448.540816 49.027716 
1450.469632 50.213621 
1452.398448 49.330565 
1454.327264 46.803590 
1456.256080 41.769012 
1458.184896 33.714507 
1460.113712 29.913507 
1462.042528 30.158856 
1463.971344 35.158259 
1465.900160 46.098878 
1467.828976 54.162705 
1469.757792 58.119513 
1471.686608 56.649058 
1473.615424 51.483722 
1475.544240 50.871477 
1477.473056 53.642682 
1479.401872 56.114019 
1481.330688 56.732223 
1483.259504 56.236915 
1485.188320 56.707891 
1487.117136 59.975087 
1489.045952 64.438153 
1490.974768 67.514895 
1492.903584 68.055577 
1494.832400 66.683807 
1496.761216 63.693631 
1498.690032 60.166633 
1500.618848 56.204675 
1502.547664 52.162992 
1504.476480 48.723698 
1506.405296 46.017424 
1508.334112 46.256984 
1510.262928 47.458649 
1512.191744 48.700692 
1514.120560 50.254731 
1516.049376 52.876753 
1517.978192 58.014720 
1519.907008 60.304626 
1521.835824 62.997784 
1523.764640 63.997224 
1525.693456 63.666612 
1527.622272 62.433226 
1529.551088 61.018804 
1531.479904 58.902809 
1533.408720 55.863857 
1535.337536 53.879801 
1537.266352 52.930665 
1539.195168 51.153922 
1541.123984 49.856383 
1543.052800 48.761220 
1544.981616 46.803006 
1546.910432 44.844374 
1548.839248 42.783259 
1550.768064 40.743419 
1552.696880 39.451584 
1554.625696 38.124917 
1556.554512 37.084671 
1558.483328 38.959344 
1560.412144 42.427274 
1562.340960 43.761041 
1564.269776 46.136795 
1566.198592 48.988444 
1568.127408 50.042765 
1570.056224 49.389587 
1571.985040 47.217672 
1573.913856 44.363868 
1575.842672 41.516143 
1577.771488 40.827304 
1579.700304 41.372082 
1581.629120 41.580417 
1583.557936 41.632766 
1585.486752 42.654880 
1587.415568 45.038944 
1589.344384 47.939587 
1591.273200 50.417683 
1593.202016 52.256043 
1595.130832 53.173779 
1597.059648 52.121938 
1598.988464 48.888778 
1600.917280 45.502727 
1602.846096 44.193141 
1604.774912 45.336677 
1606.703728 47.465991 
1608.632544 49.888430 
1610.561360 52.251548 
1612.490176 54.281735 
1614.418992 55.668684 
1616.347808 57.422697 
1618.276624 59.272572 
1620.205440 59.792694 
1622.134256 59.930524 
1624.063072 60.223088 
1625.991888 59.672082 
1627.920704 57.267019 
1629.849520 53.706237 
1631.778336 49.578664 
1633.707152 45.078139 
1635.635968 38.570069 
1637.564784 34.267206 
1639.493600 33.227876 
1641.422416 34.044049 
1643.351232 36.047821 
1645.280048 38.896890 
1647.208864 45.182467 
1649.137680 49.742187 
1651.066496 51.581758 
1652.995312 58.513947 
1654.924128 68.026881 
1656.852944 72.141389 
1658.781760 76.748189 
1660.710576 80.065017 
1662.639392 82.917620 
1664.568208 85.181222 
1666.497024 85.978634 
1668.425840 85.834951 
1670.354656 86.533921 
1672.283472 87.257000 
1674.212288 87.454016 
1676.141104 87.564509 
1678.069920 87.498478 
1679.998736 86.504101 
1681.927552 85.562373 
1683.856368 84.358884 
1685.785184 84.997283 
1687.714000 84.755822 
1689.642816 84.298188 
1691.571632 84.133865 
1693.500448 83.916702 
1695.429264 83.668081 
1697.358080 84.505554 
1699.286896 84.848573 
1701.215712 85.966596 
1703.144528 86.092612 
1705.073344 85.913577 
1707.002160 86.351726 
1708.930976 86.885501 
1710.859792 86.917765 
1712.788608 86.622822 
1714.717424 85.712272 
1716.646240 85.517103 
1718.575056 87.143631 
1720.503872 88.499204 
1722.432688 88.795609 
1724.361504 89.136449 
1726.290320 89.283495 
1728.219136 88.923833 
1730.147952 88.149770 
1732.076768 87.539394 
1734.005584 87.197019 
1735.934400 88.197959 
1737.863216 88.084854 
1739.792032 87.827666 
1741.720848 87.670265 
1743.649664 87.363354 
1745.578480 87.092314 
1747.507296 86.592107 
1749.436112 86.349214 
1751.364928 87.042795 
1753.293744 87.611121 
1755.222560 87.469755 
1757.151376 87.111470 
1759.080192 87.132354 
1761.009008 86.870103 
1762.937824 87.114802 
1764.866640 87.300112 
1766.795456 86.947691 
1768.724272 86.429507 
1770.653088 85.834129 
1772.581904 85.611448 
1774.510720 86.307582 
1776.439536 86.578946 
1778.368352 86.523474 
1780.297168 86.287127 
1782.225984 86.512449 
1784.154800 86.527813 
1786.083616 86.726648 
1788.012432 86.638302 
1789.941248 85.978813 
1791.870064 85.456944 
1793.798880 85.986776 
1795.727696 86.115738 
1797.656512 86.178158 
1799.585328 85.966983 
1801.514144 85.980978 
1803.442960 86.273726 
1805.371776 86.428720 
1807.300592 86.189194 
1809.229408 85.874953 
1811.158224 85.658677 
1813.087040 85.929077 
1815.015856 85.991766 
1816.944672 85.824428 
1818.873488 85.712308 
1820.802304 85.603348 
1822.731120 85.156074 
1824.659936 84.847179 
1826.588752 84.796597 
1828.517568 84.422414 
1830.446384 84.436875 
1832.375200 84.940399 
1834.304016 84.867798 
1836.232832 84.624155 
1838.161648 84.486720 
1840.090464 84.423405 
1842.019280 83.806541 
1843.948096 83.504355 
1845.876912 83.888541 
1847.805728 84.300822 
1849.734544 84.697566 
1851.663360 84.970834 
1853.592176 85.008681 
1855.520992 85.088016 
1857.449808 85.072692 
1859.378624 85.119841 
1861.307440 85.158632 
1863.236256 85.227538 
1865.165072 84.776696 
1867.093888 83.981113 
1869.022704 83.785390 
1870.951520 84.355962 
1872.880336 84.483557 
1874.809152 84.368723 
1876.737968 84.085989 
1878.666784 83.981782 
1880.595600 83.946895 
1882.524416 83.927992 
1884.453232 83.883613 
1886.382048 83.915325 
1888.310864 83.622905 
1890.239680 83.661439 
1892.168496 83.760461 
1894.097312 83.626350 
1896.026128 83.521393 
1897.954944 83.600299 
1899.883760 83.468038 
1901.812576 83.343311 
1903.741392 83.124813 
1905.670208 82.976198 
1907.599024 82.677248 
1909.527840 82.615604 
1911.456656 82.781344 
1913.385472 82.773599 
1915.314288 82.419052 
1917.243104 82.088427 
1919.171920 81.999729 
1921.100736 81.869888 
1923.029552 81.730986 
1924.958368 82.091633 
1926.887184 82.222692 
1928.816000 82.282531 
1930.744816 82.207068 
1932.673632 82.234277 
1934.602448 82.203697 
1936.531264 82.270227 
1938.460080 82.181665 
1940.388896 81.921793 
1942.317712 81.681616 
1944.246528 81.842922 
1946.175344 81.686216 
1948.104160 81.670888 
1950.032976 81.663433 
1951.961792 81.768297 
1953.890608 81.822399 
1955.819424 81.977997 
1957.748240 81.898425 
1959.677056 81.960661 
1961.605872 81.821708 
1963.534688 81.740138 
1965.463504 81.514099 
1967.392320 81.905523 
1969.321136 82.253951 
1971.249952 82.322529 
1973.178768 82.223424 
1975.107584 82.435760 
1977.036400 82.350328 
1978.965216 82.330897 
1980.894032 82.328284 
1982.822848 82.423281 
1984.751664 82.220391 
1986.680480 82.176612 
1988.609296 82.119546 
1990.538112 82.118109 
1992.466928 82.075217 
1994.395744 82.115009 
1996.324560 81.875938 
1998.253376 81.918774 
2000.182192 82.020204 
2002.111008 82.213749 
2004.039824 82.211052 
2005.968640 82.270955 
2007.897456 82.153129 
2009.826272 82.194298 
2011.755088 81.977788 
2013.683904 81.926886 
2015.612720 81.910453 
2017.541536 82.084359 
2019.470352 82.112896 
2021.399168 82.332650 
2023.327984 82.259594 
2025.256800 82.273493 
2027.185616 82.203881 
2029.114432 82.323070 
2031.043248 82.228263 
2032.972064 82.230838 
2034.900880 82.062041 
2036.829696 81.984057 
2038.758512 81.798263 
2040.687328 81.886062 
2042.616144 82.105131 
2044.544960 82.330096 
2046.473776 82.284679 
2048.402592 82.255217 
2050.331408 82.077691 
2052.260224 82.060194 
2054.189040 82.104550 
2056.117856 82.198174 
2058.046672 82.097508 
2059.975488 82.187341 
2061.904304 82.183479 
2063.833120 82.081726 
2065.761936 81.885926 
2067.690752 81.912902 
2069.619568 81.967822 
2071.548384 82.024650 
2073.477200 81.954093 
2075.406016 81.926320 
2077.334832 81.911689 
2079.263648 81.923325 
2081.192464 81.885739 
2083.121280 81.939923 
2085.050096 81.951063 
2086.978912 82.083015 
2088.907728 82.121931 
2090.836544 82.191317 
2092.765360 82.326145 
2094.694176 82.406210 
2096.622992 82.298918 
2098.551808 82.242328 
2100.480624 82.172062 
2102.409440 82.240725 
2104.338256 82.254665 
2106.267072 82.229717 
2108.195888 82.164520 
2110.124704 82.190324 
2112.053520 82.051140 
2113.982336 82.034856 
2115.911152 82.112844 
2117.839968 82.201044 
2119.768784 82.173786 
2121.697600 82.220365 
2123.626416 82.209445 
2125.555232 82.160537 
2127.484048 82.045062 
2129.412864 82.096677 
2131.341680 82.079976 
2133.270496 82.038310 
2135.199312 81.855663 
2137.128128 81.884639 
2139.056944 81.893367 
2140.985760 81.971195 
2142.914576 81.967221 
2144.843392 81.860513 
2146.772208 81.660500 
2148.701024 81.719380 
2150.629840 81.707675 
2152.558656 81.828595 
2154.487472 81.838631 
2156.416288 81.912781 
2158.345104 81.699253 
2160.273920 81.409885 
2162.202736 81.100470 
2164.131552 81.022227 
2166.060368 81.049667 
2167.989184 81.224817 
2169.918000 81.132554 
2171.846816 81.028175 
2173.775632 80.895759 
2175.704448 80.968060 
2177.633264 80.968651 
2179.562080 80.957330 
2181.490896 80.950280 
2183.419712 81.169572 
2185.348528 81.182128 
2187.277344 81.274728 
2189.206160 81.180890 
2191.134976 81.106262 
2193.063792 81.005148 
2194.992608 81.064636 
2196.921424 81.066982 
2198.850240 81.148955 
2200.779056 81.051144 
2202.707872 81.043964 
2204.636688 81.040221 
2206.565504 80.988643 
2208.494320 80.834062 
2210.423136 80.887165 
2212.351952 80.964976 
2214.280768 81.135825 
2216.209584 81.240271 
2218.138400 81.406274 
2220.067216 81.469013 
2221.996032 81.506164 
2223.924848 81.423638 
2225.853664 81.415692 
2227.782480 81.403109 
2229.711296 81.419692 
2231.640112 81.368965 
2233.568928 81.479506 
2235.497744 81.635680 
2237.426560 81.666814 
2239.355376 81.538246 
2241.284192 81.483649 
2243.213008 81.409387 
2245.141824 81.334691 
2247.070640 81.307793 
2248.999456 81.404716 
2250.928272 81.388648 
2252.857088 81.428860 
2254.785904 81.406843 
2256.714720 81.336853 
2258.643536 81.260948 
2260.572352 81.210506 
2262.501168 81.177123 
2264.429984 81.241713 
2266.358800 81.299822 
2268.287616 81.464482 
2270.216432 81.584466 
2272.145248 81.651879 
2274.074064 81.617119 
2276.002880 81.679404 
2277.931696 81.707747 
2279.860512 81.734823 
2281.789328 81.774213 
2283.718144 81.876649 
2285.646960 82.020056 
2287.575776 82.183344 
2289.504592 82.239864 
2291.433408 82.330367 
2293.362224 82.409831 
2295.291040 82.482897 
2297.219856 82.438328 
2299.148672 82.400447 
2301.077488 82.461070 
2303.006304 82.638325 
2304.935120 82.751745 
2306.863936 82.920355 
2308.792752 83.056598 
2310.721568 83.215407 
2312.650384 83.389001 
2314.579200 83.581258 
2316.508016 83.791478 
2318.436832 84.101315 
2320.365648 84.312466 
2322.294464 84.476991 
2324.223280 84.801108 
2326.152096 85.293109 
2328.080912 85.589183 
2330.009728 85.780940 
2331.938544 85.805153 
2333.867360 85.885681 
2335.796176 85.954321 
2337.724992 86.056448 
2339.653808 86.047061 
2341.582624 85.995381 
2343.511440 85.750416 
2345.440256 85.507096 
2347.369072 85.090940 
2349.297888 84.930703 
2351.226704 85.287289 
2353.155520 86.029624 
2355.084336 86.660029 
2357.013152 87.145559 
2358.941968 87.361482 
2360.870784 87.462782 
2362.799600 87.119683 
2364.728416 86.675031 
2366.657232 86.206344 
2368.586048 85.721450 
2370.514864 85.131570 
2372.443680 84.605447 
2374.372496 84.048625 
2376.301312 83.597038 
2378.230128 83.150377 
2380.158944 82.747865 
2382.087760 82.440190 
2384.016576 82.259269 
2385.945392 82.122844 
2387.874208 82.068863 
2389.803024 82.073544 
2391.731840 82.119007 
2393.660656 82.106505 
2395.589472 82.055187 
2397.518288 81.970878 
2399.447104 81.885194 
2401.375920 81.749798 
2403.304736 81.662476 
2405.233552 81.577224 
2407.162368 81.569788 
2409.091184 81.556979 
2411.020000 81.542930 
2412.948816 81.497770 
2414.877632 81.442677 
2416.806448 81.347282 
2418.735264 81.263238 
2420.664080 81.234843 
2422.592896 81.304602 
2424.521712 81.341058 
2426.450528 81.405128 
2428.379344 81.448621 
2430.308160 81.517247 
2432.236976 81.550745 
2434.165792 81.596733 
2436.094608 81.571740 
2438.023424 81.587339 
2439.952240 81.607527 
2441.881056 81.680139 
2443.809872 81.685173 
2445.738688 81.650035 
2447.667504 81.590185 
2449.596320 81.531586 
2451.525136 81.483489 
2453.453952 81.434728 
2455.382768 81.352511 
2457.311584 81.307585 
2459.240400 81.220717 
2461.169216 81.159300 
2463.098032 81.130649 
2465.026848 81.197065 
2466.955664 81.259836 
2468.884480 81.310234 
2470.813296 81.369024 
2472.742112 81.471355 
2474.670928 81.496575 
2476.599744 81.520496 
2478.528560 81.530435 
2480.457376 81.541977 
2482.386192 81.510259 
2484.315008 81.469244 
2486.243824 81.469538 
2488.172640 81.519049 
2490.101456 81.450196 
2492.030272 81.362527 
2493.959088 81.303204 
2495.887904 81.267249 
2497.816720 81.245788 
2499.745536 81.266897 
2501.674352 81.210555 
2503.603168 81.187341 
2505.531984 81.140678 
2507.460800 81.141676 
2509.389616 81.159429 
2511.318432 81.195940 
2513.247248 81.204569 
2515.176064 81.228495 
2517.104880 81.205116 
2519.033696 81.191003 
2520.962512 81.093821 
2522.891328 81.054449 
2524.820144 81.016987 
2526.748960 81.003500 
2528.677776 81.028292 
2530.606592 81.026636 
2532.535408 81.038908 
2534.464224 81.100975 
2536.393040 81.119412 
2538.321856 81.121265 
2540.250672 81.114809 
2542.179488 81.131397 
2544.108304 81.134565 
2546.037120 81.178468 
2547.965936 81.184558 
2549.894752 81.198111 
2551.823568 81.212741 
2553.752384 81.233885 
2555.681200 81.193563 
2557.610016 81.144143 
2559.538832 81.044662 
2561.467648 81.010810 
2563.396464 81.013585 
2565.325280 80.986629 
2567.254096 80.915063 
2569.182912 80.937403 
2571.111728 80.931383 
2573.040544 80.869844 
2574.969360 80.801861 
2576.898176 80.758218 
2578.826992 80.721721 
2580.755808 80.735984 
2582.684624 80.749175 
2584.613440 80.776714 
2586.542256 80.844768 
2588.471072 80.912992 
2590.399888 80.910798 
2592.328704 80.922480 
2594.257520 80.929917 
2596.186336 80.941246 
2598.115152 80.888635 
2600.043968 80.904024 
2601.972784 80.952736 
2603.901600 80.982695 
2605.830416 80.962166 
2607.759232 80.947373 
2609.688048 80.968876 
2611.616864 81.047844 
2613.545680 81.055357 
2615.474496 81.029991 
2617.403312 81.010395 
2619.332128 81.037867 
2621.260944 81.089539 
2623.189760 81.155902 
2625.118576 81.182299 
2627.047392 81.234226 
2628.976208 81.280299 
2630.905024 81.315552 
2632.833840 81.326118 
2634.762656 81.384432 
2636.691472 81.422991 
2638.620288 81.516488 
2640.549104 81.588395 
2642.477920 81.617595 
2644.406736 81.611234 
2646.335552 81.604307 
2648.264368 81.582478 
2650.193184 81.585543 
2652.122000 81.571878 
2654.050816 81.590549 
2655.979632 81.645303 
2657.908448 81.715214 
2659.837264 81.760744 
2661.766080 81.807222 
2663.694896 81.822867 
2665.623712 81.820520 
2667.552528 81.808457 
2669.481344 81.784558 
2671.410160 81.748285 
2673.338976 81.723155 
2675.267792 81.685811 
2677.196608 81.663069 
2679.125424 81.649577 
2681.054240 81.655224 
2682.983056 81.672608 
2684.911872 81.692855 
2686.840688 81.716954 
2688.769504 81.696003 
2690.698320 81.663981 
2692.627136 81.696596 
2694.555952 81.729132 
2696.484768 81.743335 
2698.413584 81.733607 
2700.342400 81.755695 
2702.271216 81.767262 
2704.200032 81.776798 
2706.128848 81.761460 
2708.057664 81.723829 
2709.986480 81.697957 
2711.915296 81.709232 
2713.844112 81.703810 
2715.772928 81.709494 
2717.701744 81.695762 
2719.630560 81.678941 
2721.559376 81.641784 
2723.488192 81.614521 
2725.417008 81.582889 
2727.345824 81.569919 
2729.274640 81.576990 
2731.203456 81.601139 
2733.132272 81.601438 
2735.061088 81.623708 
2736.989904 81.655378 
2738.918720 81.664742 
2740.847536 81.638254 
2742.776352 81.615233 
2744.705168 81.582379 
2746.633984 81.525306 
2748.562800 81.498535 
2750.491616 81.549499 
2752.420432 81.579930 
2754.349248 81.584801 
2756.278064 81.556889 
2758.206880 81.518557 
2760.135696 81.438645 
2762.064512 81.342134 
2763.993328 81.205401 
2765.922144 81.111219 
2767.850960 81.044854 
2769.779776 81.011404 
2771.708592 81.043452 
2773.637408 81.117746 
2775.566224 81.199483 
2777.495040 81.263091 
2779.423856 81.319337 
2781.352672 81.355472 
2783.281488 81.341458 
2785.210304 81.285548 
2787.139120 81.228749 
2789.067936 81.164025 
2790.996752 81.115150 
2792.925568 81.091566 
2794.854384 81.052511 
2796.783200 80.995129 
2798.712016 80.971303 
2800.640832 80.972325 
2802.569648 80.928621 
2804.498464 80.873530 
2806.427280 80.798765 
2808.356096 80.716929 
2810.284912 80.656036 
2812.213728 80.618883 
2814.142544 80.569230 
2816.071360 80.523587 
2818.000176 80.466477 
2819.928992 80.412716 
2821.857808 80.325689 
2823.786624 80.258502 
2825.715440 80.209583 
2827.644256 80.168119 
2829.573072 80.151635 
2831.501888 80.177265 
2833.430704 80.158474 
2835.359520 80.101952 
2837.288336 80.022708 
2839.217152 79.928511 
2841.145968 79.836117 
2843.074784 79.777181 
2845.003600 79.693072 
2846.932416 79.635493 
2848.861232 79.562785 
2850.790048 79.493276 
2852.718864 79.392984 
2854.647680 79.272185 
2856.576496 79.086570 
2858.505312 78.846273 
2860.434128 78.548328 
2862.362944 78.240776 
2864.291760 77.861607 
2866.220576 77.421786 
2868.149392 77.032832 
2870.078208 76.828807 
2872.007024 76.929580 
2873.935840 77.291007 
2875.864656 77.753801 
2877.793472 78.178246 
2879.722288 78.477875 
2881.651104 78.684193 
2883.579920 78.793646 
2885.508736 78.822633 
2887.437552 78.784416 
2889.366368 78.722691 
2891.295184 78.594988 
2893.224000 78.410197 
2895.152816 78.187546 
2897.081632 77.976227 
2899.010448 77.760463 
2900.939264 77.529421 
2902.868080 77.410348 
2904.796896 77.529050 
2906.725712 77.728239 
2908.654528 77.948177 
2910.583344 78.149245 
2912.512160 78.349137 
2914.440976 78.541959 
2916.369792 78.679585 
2918.298608 78.751919 
2920.227424 78.807810 
2922.156240 78.801833 
2924.085056 78.765128 
2926.013872 78.646152 
2927.942688 78.540844 
2929.871504 78.549784 
2931.800320 78.597400 
2933.729136 78.631882 
2935.657952 78.657946 
2937.586768 78.621209 
2939.515584 78.595728 
2941.444400 78.633154 
2943.373216 78.702807 
2945.302032 78.743537 
2947.230848 78.766180 
2949.159664 78.701462 
2951.088480 78.609122 
2953.017296 78.495807 
2954.946112 78.417389 
2956.874928 78.306932 
2958.803744 78.110617 
2960.732560 77.865086 
2962.661376 77.628337 
2964.590192 77.404541 
2966.519008 77.249350 
2968.447824 77.140710 
2970.376640 77.047932 
2972.305456 76.892555 
2974.234272 76.691465 
2976.163088 76.449219 
2978.091904 76.279069 
2980.020720 76.452666 
2981.949536 76.953479 
2983.878352 77.414815 
2985.807168 77.681404 
2987.735984 77.832404 
2989.664800 77.983450 
2991.593616 78.124661 
2993.522432 78.238154 
2995.451248 78.308637 
2997.380064 78.315871 
2999.308880 78.235266 
3001.237696 78.086600 
3003.166512 77.896492 
3005.095328 77.810507 
3007.024144 77.794035 
3008.952960 77.701613 
3010.881776 77.570414 
3012.810592 77.548847 
3014.739408 77.547970 
3016.668224 77.537088 
3018.597040 77.478377 
3020.525856 77.348993 
3022.454672 77.209235 
3024.383488 77.070729 
3026.312304 76.853344 
3028.241120 76.566991 
3030.169936 76.179950 
3032.098752 75.858184 
3034.027568 75.636592 
3035.956384 75.387233 
3037.885200 75.089594 
3039.814016 74.832522 
3041.742832 74.745112 
3043.671648 74.812448 
3045.600464 74.919364 
3047.529280 75.019640 
3049.458096 75.089971 
3051.386912 75.101947 
3053.315728 75.013501 
3055.244544 74.803037 
3057.173360 74.514154 
3059.102176 74.259663 
3061.030992 74.075870 
3062.959808 74.100343 
3064.888624 74.451011 
3066.817440 75.023877 
3068.746256 75.578465 
3070.675072 76.047791 
3072.603888 76.387041 
3074.532704 76.615609 
3076.461520 76.792948 
3078.390336 76.965571 
3080.319152 77.122671 
3082.247968 77.327193 
3084.176784 77.566455 
3086.105600 77.813927 
3088.034416 77.995189 
3089.963232 78.112930 
3091.892048 78.197564 
3093.820864 78.270292 
3095.749680 78.332113 
3097.678496 78.430499 
3099.607312 78.442640 
3101.536128 78.455725 
3103.464944 78.523461 
3105.393760 78.570465 
3107.322576 78.577793 
3109.251392 78.630509 
3111.180208 78.698332 
3113.109024 78.711754 
3115.037840 78.627779 
3116.966656 78.593605 
3118.895472 78.609639 
3120.824288 78.592422 
3122.753104 78.558841 
3124.681920 78.601572 
3126.610736 78.599878 
3128.539552 78.581012 
3130.468368 78.556075 
3132.397184 78.553121 
3134.326000 78.582320 
3136.254816 78.563074 
3138.183632 78.454421 
3140.112448 78.405948 
3142.041264 78.387324 
3143.970080 78.378118 
3145.898896 78.323871 
3147.827712 78.283019 
3149.756528 78.213675 
3151.685344 78.129201 
3153.614160 78.088929 
3155.542976 78.098015 
3157.471792 78.085473 
3159.400608 78.091600 
3161.329424 78.051930 
3163.258240 78.022659 
3165.187056 77.955183 
3167.115872 77.938044 
3169.044688 78.007024 
3170.973504 78.053224 
3172.902320 77.983416 
3174.831136 77.919246 
3176.759952 77.864753 
3178.688768 77.816110 
3180.617584 77.739356 
3182.546400 77.645696 
3184.475216 77.575924 
3186.404032 77.613979 
3188.332848 77.662743 
3190.261664 77.687944 
3192.190480 77.709362 
3194.119296 77.684913 
3196.048112 77.655188 
3197.976928 77.657863 
3199.905744 77.675184 
3201.834560 77.669871 
3203.763376 77.644360 
3205.692192 77.658981 
3207.621008 77.673933 
3209.549824 77.726221 
3211.478640 77.762252 
3213.407456 77.755484 
3215.336272 77.756504 
3217.265088 77.757102 
3219.193904 77.707368 
3221.122720 77.695415 
3223.051536 77.702647 
3224.980352 77.756821 
3226.909168 77.736112 
3228.837984 77.751773 
3230.766800 77.829173 
3232.695616 77.938381 
3234.624432 77.970245 
3236.553248 77.982590 
3238.482064 77.995115 
3240.410880 77.999337 
3242.339696 77.950617 
3244.268512 77.923628 
3246.197328 77.985901 
3248.126144 78.128094 
3250.054960 78.225601 
3251.983776 78.254206 
3253.912592 78.226807 
3255.841408 78.283312 
3257.770224 78.332214 
3259.699040 78.332665 
3261.627856 78.294718 
3263.556672 78.306303 
3265.485488 78.360421 
3267.414304 78.437250 
3269.343120 78.418146 
3271.271936 78.415258 
3273.200752 78.442196 
3275.129568 78.498757 
3277.058384 78.560970 
3278.987200 78.582854 
3280.916016 78.584727 
3282.844832 78.574854 
3284.773648 78.623291 
3286.702464 78.685261 
3288.631280 78.628061 
3290.560096 78.598041 
3292.488912 78.584048 
3294.417728 78.626633 
3296.346544 78.633725 
3298.275360 78.672011 
3300.204176 78.685633 
3302.132992 78.648297 
3304.061808 78.618979 
3305.990624 78.654084 
3307.919440 78.622575 
3309.848256 78.625268 
3311.777072 78.674836 
3313.705888 78.702423 
3315.634704 78.688777 
3317.563520 78.686849 
3319.492336 78.652395 
3321.421152 78.581949 
3323.349968 78.509595 
3325.278784 78.489949 
3327.207600 78.495680 
3329.136416 78.568308 
3331.065232 78.547894 
3332.994048 78.487311 
3334.922864 78.337626 
3336.851680 78.239866 
3338.780496 78.211182 
3340.709312 78.171166 
3342.638128 78.036598 
3344.566944 77.894829 
3346.495760 77.849299 
3348.424576 77.838041 
3350.353392 77.784560 
3352.282208 77.808852 
3354.211024 77.885061 
3356.139840 77.951548 
3358.068656 77.991572 
3359.997472 77.845632 
3361.926288 77.518531 
3363.855104 77.074006 
3365.783920 76.508252 
3367.712736 76.195466 
3369.641552 76.507683 
3371.570368 77.218807 
3373.499184 77.783226 
3375.428000 78.060984 
3377.356816 78.221777 
3379.285632 78.346329 
3381.214448 78.366335 
3383.143264 78.368108 
3385.072080 78.307060 
3387.000896 78.143367 
3388.929712 77.894059 
3390.858528 77.545311 
3392.787344 77.355879 
3394.716160 77.569022 
3396.644976 77.966644 
3398.573792 78.623090 
3400.502608 79.180443 
3402.431424 79.573108 
3404.360240 79.913982 
3406.289056 80.152822 
3408.217872 80.399527 
3410.146688 80.604615 
3412.075504 80.734787 
3414.004320 80.831398 
3415.933136 80.854014 
3417.861952 80.791432 
3419.790768 80.624652 
3421.719584 80.674686 
3423.648400 80.844117 
3425.577216 80.902624 
3427.506032 80.855159 
3429.434848 80.846773 
3431.363664 80.849043 
3433.292480 80.883161 
3435.221296 80.886031 
3437.150112 80.880163 
3439.078928 80.870611 
3441.007744 80.637473 
3442.936560 80.370713 
3444.865376 80.229538 
3446.794192 79.970580 
3448.723008 80.114168 
3450.651824 80.318893 
3452.580640 80.391194 
3454.509456 80.498389 
3456.438272 80.581042 
3458.367088 80.592527 
3460.295904 80.561895 
3462.224720 80.516784 
3464.153536 80.585081 
3466.082352 80.552981 
3468.011168 80.593113 
3469.939984 80.713497 
3471.868800 80.781717 
3473.797616 80.788509 
3475.726432 80.806362 
3477.655248 80.849584 
3479.584064 80.761098 
3481.512880 80.643959 
3483.441696 80.879971 
3485.370512 81.137512 
3487.299328 81.243683 
3489.228144 81.428639 
3491.156960 81.671852 
3493.085776 81.799146 
3495.014592 81.844634 
3496.943408 81.925922 
3498.872224 81.953929 
3500.801040 81.638942 
3502.729856 81.421182 
3504.658672 81.782117 
3506.587488 82.090941 
3508.516304 81.948205 
3510.445120 82.079410 
3512.373936 82.391504 
3514.302752 82.619173 
3516.231568 82.692294 
3518.160384 82.600825 
3520.089200 82.447276 
3522.018016 82.015875 
3523.946832 81.704381 
3525.875648 81.728263 
3527.804464 81.815785 
3529.733280 82.176168 
3531.662096 82.479569 
3533.590912 82.623899 
3535.519728 82.523924 
3537.448544 82.681105 
3539.377360 82.818162 
3541.306176 82.581826 
3543.234992 82.052290 
3545.163808 81.567738 
3547.092624 81.744906 
3549.021440 82.266882 
3550.950256 82.230092 
3552.879072 82.212137 
3554.807888 82.629645 
3556.736704 82.885677 
3558.665520 82.813727 
3560.594336 82.504874 
3562.523152 82.091362 
3564.451968 81.129214 
3566.380784 79.965981 
3568.309600 81.031507 
3570.238416 82.318158 
3572.167232 82.667650 
3574.096048 82.576708 
3576.024864 82.573959 
3577.953680 82.733837 
3579.882496 82.759202 
3581.811312 82.586794 
3583.740128 82.240674 
3585.668944 81.433634 
3587.597760 81.004792 
3589.526576 82.053347 
3591.455392 82.446391 
3593.384208 81.992606 
3595.313024 81.647628 
3597.241840 81.912001 
3599.170656 82.133325 
3601.099472 82.254276 
3603.028288 82.496398 
3604.957104 82.411209 
3606.885920 81.704564 
3608.814736 81.513638 
3610.743552 81.703958 
3612.672368 81.205871 
3614.601184 81.012240 
3616.530000 80.988954 
3618.458816 80.877815 
3620.387632 81.801792 
3622.316448 82.503791 
3624.245264 82.502107 
3626.174080 81.604091 
3628.102896 79.754197 
3630.031712 80.480421 
3631.960528 81.583057 
3633.889344 81.899179 
3635.818160 82.269949 
3637.746976 82.478912 
3639.675792 82.591209 
3641.604608 82.444928 
3643.533424 82.092906 
3645.462240 81.191092 
3647.391056 79.185110 
3649.319872 78.447725 
3651.248688 80.445276 
3653.177504 81.621913 
3655.106320 81.345083 
3657.035136 81.600318 
3658.963952 82.413652 
3660.892768 82.827395 
3662.821584 82.944711 
3664.750400 82.868050 
3666.679216 82.470927 
3668.608032 81.212482 
3670.536848 80.769817 
3672.465664 81.214079 
3674.394480 79.819033 
3676.323296 79.973515 
3678.252112 81.580510 
3680.180928 82.442604 
3682.109744 82.886212 
3684.038560 82.721839 
3685.967376 82.026830 
3687.896192 80.711746 
3689.825008 80.384075 
3691.753824 81.682884 
3693.682640 82.580511 
3695.611456 82.759296 
3697.540272 82.776929 
3699.469088 82.578608 
3701.397904 82.371784 
3703.326720 82.798732 
3705.255536 82.874605 
3707.184352 82.351435 
3709.113168 81.202894 
3711.041984 80.367657 
3712.970800 81.563243 
3714.899616 82.431053 
3716.828432 82.562782 
3718.757248 82.289861 
3720.686064 81.907363 
3722.614880 81.707451 
3724.543696 81.782982 
3726.472512 82.132502 
3728.401328 82.594150 
3730.330144 82.159789 
3732.258960 80.895357 
3734.187776 79.739978 
3736.116592 80.167927 
3738.045408 81.388881 
3739.974224 81.864386 
3741.903040 81.636561 
3743.831856 80.668362 
3745.760672 80.425713 
3747.689488 80.263632 
3749.618304 79.241813 
3751.547120 79.583781 
3753.475936 81.069364 
3755.404752 81.657551 
3757.333568 81.487488 
3759.262384 81.519994 
3761.191200 82.140677 
3763.120016 82.208504 
3765.048832 81.777513 
3766.977648 81.840349 
3768.906464 81.739503 
3770.835280 82.122820 
3772.764096 82.689116 
3774.692912 82.803577 
3776.621728 82.542054 
3778.550544 81.948379 
3780.479360 82.105438 
3782.408176 82.336087 
3784.336992 82.103986 
3786.265808 82.409209 
3788.194624 82.772615 
3790.123440 82.883574 
3792.052256 82.929652 
3793.981072 82.607813 
3795.909888 81.885177 
3797.838704 81.652041 
3799.767520 81.020439 
3801.696336 80.456836 
3803.625152 81.451431 
3805.553968 81.562131 
3807.482784 81.829324 
3809.411600 82.496994 
3811.340416 82.743561 
3813.269232 82.438440 
3815.198048 81.442029 
3817.126864 81.215096 
3819.055680 80.833803 
3820.984496 80.227987 
3822.913312 81.558031 
3824.842128 81.962572 
3826.770944 81.951165 
3828.699760 82.222935 
3830.628576 82.132252 
3832.557392 81.834471 
3834.486208 81.486371 
3836.415024 80.639936 
3838.343840 79.898722 
3840.272656 80.429662 
3842.201472 81.410566 
3844.130288 82.040573 
3846.059104 82.414946 
3847.987920 82.258363 
3849.916736 81.445788 
3851.845552 79.546681 
3853.774368 79.323854 
3855.703184 81.080983 
3857.632000 81.724768 
3859.560816 82.041088 
3861.489632 81.602239 
3863.418448 80.941099 
3865.347264 81.121678 
3867.276080 81.303826 
3869.204896 80.492499 
3871.133712 80.925321 
3873.062528 81.364956 
3874.991344 81.907348 
3876.920160 82.336008 
3878.848976 81.662825 
3880.777792 81.127582 
3882.706608 81.458116 
3884.635424 81.251819 
3886.564240 81.728294 
3888.493056 82.187646 
3890.421872 81.588990 
3892.350688 81.523131 
3894.279504 82.122055 
3896.208320 82.151031 
3898.137136 81.395058 
3900.065952 80.622094 
3901.994768 80.175187 
3903.923584 80.224832 
3905.852400 81.410985 
3907.781216 82.311601 
3909.710032 82.586877 
3911.638848 82.564166 
3913.567664 82.393153 
3915.496480 81.908009 
3917.425296 81.611311 
3919.354112 81.877062 
3921.282928 82.076576 
3923.211744 81.837516 
3925.140560 81.764834 
3927.069376 82.116868 
3928.998192 81.876763 
3930.927008 81.500043 
3932.855824 81.730415 
3934.784640 82.270741 
3936.713456 82.451541 
3938.642272 82.446749 
3940.571088 82.221216 
3942.499904 81.884181 
3944.428720 82.068039 
3946.357536 82.093331 
3948.286352 81.820250 
3950.215168 82.031941 
3952.143984 82.349076 
3954.072800 82.459676 
3956.001616 82.420151 
3957.930432 82.404030 
3959.859248 82.342212 
3961.788064 82.303688 
3963.716880 82.502204 
3965.645696 82.709729 
3967.574512 82.634924 
3969.503328 82.532227 
3971.432144 82.482103 
3973.360960 82.389581 
3975.289776 82.359964 
3977.218592 82.518640 
3979.147408 82.613358 
3981.076224 82.558967 
3983.005040 82.575807 
3984.933856 82.632457 
3986.862672 82.609999 
3988.791488 82.526278 
3990.720304 82.450404 
3992.649120 82.495784 
3994.577936 82.530896 
3996.506752 82.552348 
3998.435568 82.569361 
4000.364384 82.559369 