##YUNITS=%T
399.264912 130.298890 
401.193728 116.169095 
403.122544 135.402557 
405.051360 146.656960 
406.980176 91.254921 
408.908992 95.046067 
410.837808 123.797643 
412.766624 98.125742 
414.695440 88.838411 
416.624256 42.734785 
418.553072 46.614597 
420.481888 66.019396 
422.410704 107.250850 
424.339520 91.235331 
426.268336 164.054172 
428.197152 146.155736 
430.125968 183.526059 
432.054784 151.965946 
433.983600 134.778720 
435.912416 115.360103 
437.841232 137.272692 
439.770048 213.404746 
441.698864 227.413925 
443.627680 256.574824 
445.556496 230.660927 
447.485312 130.750077 
449.414128 134.122022 
451.342944 230.649044 
453.271760 197.107669 
455.200576 49.326781 
457.129392 75.768225 
459.058208 147.595550 
460.987024 116.858808 
462.915840 75.634744 
464.844656 118.480183 
466.773472 141.951289 
468.702288 148.863446 
470.631104 125.121346 
472.559920 89.079188 
474.488736 89.029620 
476.417552 81.897662 
478.346368 72.803715 
480.275184 101.598526 
482.204000 101.307574 
484.132816 84.995517 
486.061632 73.428698 
487.990448 100.246748 
489.919264 59.088310 
491.848080 88.152538 
493.776896 176.327499 
495.705712 121.450479 
497.634528 119.526642 
499.563344 165.796468 
501.492160 86.850795 
503.420976 87.709500 
505.349792 106.139910 
507.278608 41.723375 
509.207424 64.251103 
511.136240 91.855120 
513.065056 110.826243 
514.993872 155.509671 
516.922688 143.031108 
518.851504 106.296669 
520.780320 83.599733 
522.709136 75.991561 
524.637952 100.739352 
526.566768 83.057585 
528.495584 60.044782 
530.424400 88.681416 
532.353216 98.083177 
534.282032 78.999032 
536.210848 62.558419 
538.139664 74.968435 
540.068480 55.119359 
541.997296 89.688799 
543.926112 97.988652 
545.854928 65.828262 
547.783744 65.634740 
549.712560 81.162686 
551.641376 87.190909 
553.570192 90.350206 
555.499008 77.237885 
557.427824 70.155483 
559.356640 74.759840 
561.285456 61.570736 
563.214272 54.307411 
565.143088 74.494569 
567.071904 85.990741 
569.000720 83.288167 
570.929536 90.409139 
572.858352 83.802265 
574.787168 76.033866 
576.715984 70.331869 
578.644800 72.341213 
580.573616 67.667530 
582.502432 70.732002 
584.431248 67.713050 
586.360064 64.574833 
588.288880 67.271539 
590.217696 66.112283 
592.146512 66.562902 
594.075328 66.409003 
596.004144 63.110135 
597.932960 60.042134 
599.861776 60.196935 
601.790592 60.735413 
603.719408 63.282822 
605.648224 63.480632 
607.577040 62.245172 
609.505856 62.725316 
611.434672 62.936168 
613.363488 64.789839 
615.292304 63.587081 
617.221120 66.747829 
619.149936 63.251882 
621.078752 59.228222 
623.007568 58.871160 
624.936384 59.058713 
626.865200 60.848946 
628.794016 62.765209 
630.722832 60.988437 
632.651648 57.933074 
634.580464 56.813265 
636.509280 56.315898 
638.438096 54.705545 
640.366912 51.406777 
642.295728 50.855705 
644.224544 52.255457 
646.153360 53.487603 
648.082176 55.641544 
650.010992 57.712986 
651.939808 58.682803 
653.868624 58.051336 
655.797440 56.543752 
657.726256 55.081861 
659.655072 54.112429 
661.583888 54.347932 
663.512704 54.408291 
665.441520 53.212765 
667.370336 53.311287 
669.299152 54.907788 
671.227968 54.142850 
673.156784 54.004634 
675.085600 54.091884 
677.014416 53.109174 
678.943232 52.725699 
680.872048 52.429561 
682.800864 51.458477 
684.729680 49.584407 
686.658496 47.274367 
688.587312 45.596489 
690.516128 44.130391 
692.444944 42.698983 
694.373760 41.427730 
696.302576 41.422665 
698.231392 43.206327 
700.160208 44.432814 
702.089024 44.531622 
704.017840 45.109616 
705.946656 49.287679 
707.875472 55.230565 
709.804288 57.364580 
711.733104 56.823441 
713.661920 55.721401 
715.590736 54.278292 
717.519552 52.860437 
719.448368 51.857282 
721.377184 50.780903 
723.306000 49.682472 
725.234816 48.693405 
727.163632 47.153725 
729.092448 45.489510 
731.021264 43.545791 
732.950080 41.080106 
734.878896 38.237322 
736.807712 35.332225 
738.736528 32.223421 
740.665344 29.061213 
742.594160 26.209512 
744.522976 24.757973 
746.451792 25.093326 
748.380608 25.834188 
750.309424 25.440730 
752.238240 24.478391 
754.167056 25.286671 
756.095872 26.795976 
758.024688 27.132059 
759.953504 27.599479 
761.882320 30.041304 
763.811136 33.664387 
765.739952 37.100122 
767.668768 40.678821 
769.597584 44.073607 
771.526400 46.281848 
773.455216 46.814523 
775.384032 46.008464 
777.312848 44.224568 
779.241664 41.585256 
781.170480 38.111844 
783.099296 33.960627 
785.028112 30.243407 
786.956928 29.006261 
788.885744 30.533350 
790.814560 33.977058 
792.743376 39.247340 
794.672192 44.911964 
796.601008 49.269864 
798.529824 52.892711 
800.458640 54.841415 
802.387456 54.699265 
804.316272 53.537449 
806.245088 52.214027 
808.173904 50.539552 
810.102720 48.655458 
812.031536 45.699055 
813.960352 40.827759 
815.889168 35.724951 
817.817984 32.654855 
819.746800 33.351152 
821.675616 37.688704 
823.604432 44.305800 
825.533248 52.169993 
827.462064 60.233488 
829.390880 66.264119 
831.319696 68.882068 
833.248512 69.498492 
835.177328 69.192910 
837.106144 68.445700 
839.034960 67.328736 
840.963776 65.861074 
842.892592 63.831080 
844.821408 61.456820 
846.750224 59.774111 
848.679040 59.779408 
850.607856 61.379874 
852.536672 63.583079 
854.465488 65.256735 
856.394304 66.174806 
858.323120 66.459290 
860.251936 65.824742 
862.180752 63.873205 
864.109568 61.200061 
866.038384 59.657824 
867.967200 60.988435 
869.896016 63.388964 
871.824832 64.388781 
873.753648 64.212908 
875.682464 64.100435 
877.611280 64.747293 
879.540096 65.352273 
881.468912 64.776412 
883.397728 62.894888 
885.326544 60.572098 
887.255360 58.564263 
889.184176 57.011323 
891.112992 57.223539 
893.041808 59.233072 
894.970624 60.475770 
896.899440 60.153062 
898.828256 59.074501 
900.757072 57.647789 
902.685888 56.630071 
904.614704 56.519762 
906.543520 57.535657 
908.472336 58.809562 
910.401152 59.515884 
912.329968 59.484179 
914.258784 59.157976 
916.187600 58.667188 
918.116416 57.789706 
920.045232 56.651305 
921.974048 55.408740 
923.902864 54.184531 
925.831680 53.191906 
927.760496 52.485390 
929.689312 51.894696 
931.618128 51.202753 
933.546944 50.180657 
935.475760 48.576094 
937.404576 46.708571 
939.333392 45.507561 
941.262208 45.471381 
943.191024 46.658461 
945.119840 49.448085 
947.048656 51.716849 
948.977472 52.014227 
950.906288 51.782585 
952.835104 51.799253 
954.763920 51.557004 
956.692736 51.405658 
958.621552 52.177956 
960.550368 52.864613 
962.479184 52.856691 
964.408000 53.385056 
966.336816 55.225689 
968.265632 57.672758 
970.194448 59.854604 
972.123264 60.609415 
974.052080 59.972772 
975.980896 59.117649 
977.909712 58.720881 
979.838528 58.479368 
981.767344 58.284711 
983.696160 58.576575 
985.624976 59.296592 
987.553792 59.725904 
989.482608 59.985160 
991.411424 59.868840 
993.340240 59.012552 
995.269056 57.419018 
997.197872 55.266170 
999.126688 52.589746 
1001.055504 49.274689 
1002.984320 45.414497 
1004.913136 41.903911 
1006.841952 39.578664 
1008.770768 38.436340 
1010.699584 38.191630 
1012.628400 39.703187 
1014.557216 43.992277 
1016.486032 49.844551 
1018.414848 54.251089 
1020.343664 56.034801 
1022.272480 55.960693 
1024.201296 55.401235 
1026.130112 54.795502 
1028.058928 54.519507 
1029.987744 54.943973 
1031.916560 55.123394 
1033.845376 54.719202 
1035.774192 54.379009 
1037.703008 54.251742 
1039.631824 54.423728 
1041.560640 54.879446 
1043.489456 55.010834 
1045.418272 54.093802 
1047.347088 52.352375 
1049.275904 50.082874 
1051.204720 48.391588 
1053.133536 48.505989 
1055.062352 49.889835 
1056.991168 51.583267 
1058.919984 53.256188 
1060.848800 54.414887 
1062.777616 54.705162 
1064.706432 54.334951 
1066.635248 53.759543 
1068.564064 53.125947 
1070.492880 52.574712 
1072.421696 52.424473 
1074.350512 52.842202 
1076.279328 53.065904 
1078.208144 52.477201 
1080.136960 50.732149 
1082.065776 48.171164 
1083.994592 46.276659 
1085.923408 46.544163 
1087.852224 48.351677 
1089.781040 50.446711 
1091.709856 51.431122 
1093.638672 50.424345 
1095.567488 48.079857 
1097.496304 45.712216 
1099.425120 43.445192 
1101.353936 42.086387 
1103.282752 43.379070 
1105.211568 46.433091 
1107.140384 48.729075 
1109.069200 49.316308 
1110.998016 48.459666 
1112.926832 47.437769 
1114.855648 47.957818 
1116.784464 50.189590 
1118.713280 52.459517 
1120.642096 53.769716 
1122.570912 54.470976 
1124.499728 55.460158 
1126.428544 57.082158 
1128.357360 59.293249 
1130.286176 61.218050 
1132.214992 62.247965 
1134.143808 62.649976 
1136.072624 62.971610 
1138.001440 63.093197 
1139.930256 63.067771 
1141.859072 61.960073 
1143.787888 59.195542 
1145.716704 55.672512 
1147.645520 54.192646 
1149.574336 55.903055 
1151.503152 59.091667 
1153.431968 62.267256 
1155.360784 64.765035 
1157.289600 65.987477 
1159.218416 66.343723 
1161.147232 66.303483 
1163.076048 66.029187 
1165.004864 65.319220 
1166.933680 64.415840 
1168.862496 63.586943 
1170.791312 62.763879 
1172.720128 61.385116 
1174.648944 59.550934 
1176.577760 57.837945 
1178.506576 57.096796 
1180.435392 57.185349 
1182.364208 57.427141 
1184.293024 57.193431 
1186.221840 56.978758 
1188.150656 56.847437 
1190.079472 56.001373 
1192.008288 54.284438 
1193.937104 52.286857 
1195.865920 50.565534 
1197.794736 49.626395 
1199.723552 49.324531 
1201.652368 48.663244 
1203.581184 46.971471 
1205.510000 44.996696 
1207.438816 43.716846 
1209.367632 43.937892 
1211.296448 45.798980 
1213.225264 47.874410 
1215.154080 48.336039 
1217.082896 47.301604 
1219.011712 45.802121 
1220.940528 44.531278 
1222.869344 43.338363 
1224.798160 42.646427 
1226.726976 43.419004 
1228.655792 45.744519 
1230.584608 48.611810 
1232.513424 51.302271 
1234.442240 53.589927 
1236.371056 55.402567 
1238.299872 56.861694 
1240.228688 58.118935 
1242.157504 58.903869 
1244.086320 59.129376 
1246.015136 58.790345 
1247.943952 57.977715 
1249.872768 56.609525 
1251.801584 54.651694 
1253.730400 51.932753 
1255.659216 48.536514 
1257.588032 45.119589 
1259.516848 43.047258 
1261.445664 42.953636 
1263.374480 43.678603 
1265.303296 43.489332 
1267.232112 41.848926 
1269.160928 39.193843 
1271.089744 36.352026 
1273.018560 33.713709 
1274.947376 31.184338 
1276.876192 28.814078 
1278.805008 27.219674 
1280.733824 27.032332 
1282.662640 28.763309 
1284.591456 32.078320 
1286.520272 36.063539 
1288.449088 39.975555 
1290.377904 43.550238 
1292.306720 46.838028 
1294.235536 49.729290 
1296.164352 52.198377 
1298.093168 54.255554 
1300.021984 55.766509 
1301.950800 57.158555 
1303.879616 58.404090 
1305.808432 58.984275 
1307.737248 58.842732 
1309.666064 58.374056 
1311.594880 57.749511 
1313.523696 56.742795 
1315.452512 55.568631 
1317.381328 55.118404 
1319.310144 55.857252 
1321.238960 56.540183 
1323.167776 56.024703 
1325.096592 54.596038 
1327.025408 53.102311 
1328.954224 51.754197 
1330.883040 49.848873 
1332.811856 47.761929 
1334.740672 47.057196 
1336.669488 48.974989 
1338.598304 53.808397 
1340.527120 59.271054 
1342.455936 61.503656 
1344.384752 61.314522 
1346.313568 59.835731 
1348.242384 57.617418 
1350.171200 54.848952 
1352.100016 51.972148 
1354.028832 49.586331 
1355.957648 47.956779 
1357.886464 46.749950 
1359.815280 45.296250 
1361.744096 42.964333 
1363.672912 39.425409 
1365.601728 36.446857 
1367.530544 34.326859 
1369.459360 32.952677 
1371.388176 32.555563 
1373.316992 33.061758 
1375.245808 34.042228 
1377.174624 36.628565 
1379.103440 42.263795 
1381.032256 48.985769 
1382.961072 53.870993 
1384.889888 55.939717 
1386.818704 56.037420 
1388.747520 54.647543 
1390.676336 52.690311 
1392.605152 50.142223 
1394.533968 46.823459 
1396.462784 44.070348 
1398.391600 43.693744 
1400.320416 44.668581 
1402.249232 46.531801 
1404.178048 49.811748 
1406.106864 54.218101 
1408.035680 57.385292 
1409.964496 59.480407 
1411.893312 60.406537 
1413.822128 60.342867 
1415.750944 59.530471 
1417.679760 58.276649 
1419.608576 56.182546 
1421.537392 54.315285 
1423.466208 52.575715 
1425.395024 51.127627 
1427.323840 50.781978 
1429.252656 51.578134 
1431.181472 51.863619 
1433.110288 50.664024 
1435.039104 48.872771 
1436.967920 46.712212 
1438.896736 45.031012 
1440.825552 44.170427 
1442.754368 43.775022 
1444.683184 44.178634 
1446.612000 45.374750 
1448.540816 47.295571 
1450.469632 47.984590 
1452.398448 47.187782 
1454.327264 44.995444 
1456.256080 40.714835 
1458.184896 32.577246 
1460.113712 27.694659 
1462.042528 26.556224 
1463.971344 29.934580 
1465.900160 38.752402 
1467.828976 45.030570 
1469.757792 47.900187 
1471.686608 47.335689 
1473.615424 45.534213 
1475.544240 46.612119 
1477.473056 50.386115 
1479.401872 53.392575 
1481.330688 54.345964 
1483.259504 53.596426 
1485.188320 53.749379 
1487.117136 56.267008 
1489.045952 59.589565 
1490.974768 60.927457 
1492.903584 60.098766 
1494.832400 58.161623 
1496.761216 54.849222 
1498.690032 50.481491 
1500.618848 45.472326 
1502.547664 40.672651 
1504.476480 37.117393 
1506.405296 36.942581 
1508.334112 40.404742 
1510.262928 42.942290 
1512.191744 46.263133 
1514.120560 50.007615 
1516.049376 54.376077 
1517.978192 60.260935 
1519.907008 62.845526 
1521.835824 65.743600 
1523.764640 66.529738 
1525.693456 66.438020 
1527.622272 65.477970 
1529.551088 64.412948 
1531.479904 62.794649 
1533.408720 60.471393 
1535.337536 58.418202 
1537.266352 57.519151 
1539.195168 55.880549 
1541.123984 53.834100 
1543.052800 51.909076 
1544.981616 49.257526 
1546.910432 46.633194 
1548.839248 44.218369 
1550.768064 41.424095 
1552.696880 39.712967 
1554.625696 38.269630 
1556.554512 37.473824 
1558.483328 39.343916 
1560.412144 41.041490 
1562.340960 41.546834 
1564.269776 42.796035 
1566.198592 44.296921 
1568.127408 45.340485 
1570.056224 46.026183 
1571.985040 44.515819 
1573.913856 42.064836 
1575.842672 39.553111 
1577.771488 38.400960 
1579.700304 38.273726 
1581.629120 37.926010 
1583.557936 37.431108 
1585.486752 37.833014 
1587.415568 39.557004 
1589.344384 42.008871 
1591.273200 44.428173 
1593.202016 46.417490 
1595.130832 47.368145 
1597.059648 46.325784 
1598.988464 43.382923 
1600.917280 40.514202 
1602.846096 39.622559 
1604.774912 40.910816 
1606.703728 43.018824 
1608.632544 45.116592 
1610.561360 46.449344 
1612.490176 47.152550 
1614.418992 47.687635 
1616.347808 49.918089 
1618.276624 52.906382 
1620.205440 54.607160 
1622.134256 56.562172 
1624.063072 58.760985 
1625.991888 59.189885 
1627.920704 57.871543 
1629.849520 55.297970 
1631.778336 52.083324 
1633.707152 48.609918 
1635.635968 43.263603 
1637.564784 39.298690 
1639.493600 38.138925 
1641.422416 38.569156 
1643.351232 40.234596 
1645.280048 42.929152 
1647.208864 48.335051 
1649.137680 52.246415 
1651.066496 54.310599 
1652.995312 60.495805 
1654.924128 67.643452 
1656.852944 70.876431 
1658.781760 74.845255 
1660.710576 78.066265 
1662.639392 81.201595 
1664.568208 83.265490 
1666.497024 83.942364 
1668.425840 84.222878 
1670.354656 85.010815 
1672.283472 85.253007 
1674.212288 85.437803 
1676.141104 85.625555 
1678.069920 85.512577 
1679.998736 85.061519 
1681.927552 84.654444 
1683.856368 84.362262 
1685.785184 84.925698 
1687.714000 84.664276 
1689.642816 84.638098 
1691.571632 84.689689 
1693.500448 84.519150 
1695.429264 84.235894 
1697.358080 84.373630 
1699.286896 84.299651 
1701.215712 84.959427 
1703.144528 84.734699 
1705.073344 84.654298 
1707.002160 84.861271 
1708.930976 85.010678 
1710.859792 84.792260 
1712.788608 84.499673 
1714.717424 83.931461 
1716.646240 83.912242 
1718.575056 84.674192 
1720.503872 84.893458 
1722.432688 84.745268 
1724.361504 84.870426 
1726.290320 84.869831 
1728.219136 84.712955 
1730.147952 84.455185 
1732.076768 84.148561 
1734.005584 84.285542 
1735.934400 84.823009 
1737.863216 84.482334 
1739.792032 84.481109 
1741.720848 84.413060 
1743.649664 84.239360 
1745.578480 84.038346 
1747.507296 83.775246 
1749.436112 83.664150 
1751.364928 84.125367 
1753.293744 84.242446 
1755.222560 83.986836 
1757.151376 83.798631 
1759.080192 83.715219 
1761.009008 83.528962 
1762.937824 83.676826 
1764.866640 83.543334 
1766.795456 83.334675 
1768.724272 83.179946 
1770.653088 82.919260 
1772.581904 83.015617 
1774.510720 83.311667 
1776.439536 83.336297 
1778.368352 83.285675 
1780.297168 83.238401 
1782.225984 83.336429 
1784.154800 83.303324 
1786.083616 83.538153 
1788.012432 83.470604 
1789.941248 83.172576 
1791.870064 83.084878 
1793.798880 83.428117 
1795.727696 83.372225 
1797.656512 83.324728 
1799.585328 83.138098 
1801.514144 83.119707 
1803.442960 83.169173 
1805.371776 83.161114 
1807.300592 82.938638 
1809.229408 82.746614 
1811.158224 82.657740 
1813.087040 82.845331 
1815.015856 82.765831 
1816.944672 82.582692 
1818.873488 82.346808 
1820.802304 82.142345 
1822.731120 81.716564 
1824.659936 81.510814 
1826.588752 81.346175 
1828.517568 81.110911 
1830.446384 81.390768 
1832.375200 81.708178 
1834.304016 81.676959 
1836.232832 81.652674 
1838.161648 81.658098 
1840.090464 81.588302 
1842.019280 81.092761 
1843.948096 81.010692 
1845.876912 81.261769 
1847.805728 81.422936 
1849.734544 81.574610 
1851.663360 81.718278 
1853.592176 81.803892 
1855.520992 81.841737 
1857.449808 81.840360 
1859.378624 81.935299 
1861.307440 81.921462 
1863.236256 81.964563 
1865.165072 81.674281 
1867.093888 81.240566 
1869.022704 81.230027 
1870.951520 81.433953 
1872.880336 81.268156 
1874.809152 81.020700 
1876.737968 80.621863 
1878.666784 80.253757 
1880.595600 79.794092 
1882.524416 79.672097 
1884.453232 79.999908 
1886.382048 80.304934 
1888.310864 80.248591 
1890.239680 80.484005 
1892.168496 80.552636 
1894.097312 80.450223 
1896.026128 80.390442 
1897.954944 80.350907 
1899.883760 80.177933 
1901.812576 80.108582 
1903.741392 79.934752 
1905.670208 79.751726 
1907.599024 79.480472 
1909.527840 79.472041 
1911.456656 79.528258 
1913.385472 79.410560 
1915.314288 79.023663 
1917.243104 78.779146 
1919.171920 78.548217 
1921.100736 78.151995 
1923.029552 77.843657 
1924.958368 77.863613 
1926.887184 77.848987 
1928.816000 78.173632 
1930.744816 78.527691 
1932.673632 78.774341 
1934.602448 78.871752 
1936.531264 79.033030 
1938.460080 79.003384 
1940.388896 78.802151 
1942.317712 78.745815 
1944.246528 78.798509 
1946.175344 78.510735 
1948.104160 78.366282 
1950.032976 78.326083 
1951.961792 78.404313 
1953.890608 78.426388 
1955.819424 78.628273 
1957.748240 78.773471 
1959.677056 78.764288 
1961.605872 78.227974 
1963.534688 77.900992 
1965.463504 77.663022 
1967.392320 78.030875 
1969.321136 78.490882 
1971.249952 78.836299 
1973.178768 78.891560 
1975.107584 78.984871 
1977.036400 78.832816 
1978.965216 78.797200 
1980.894032 78.825008 
1982.822848 78.893042 
1984.751664 78.715440 
1986.680480 78.743608 
1988.609296 78.816894 
1990.538112 78.977305 
1992.466928 78.879225 
1994.395744 78.949893 
1996.324560 78.859656 
1998.253376 78.867434 
2000.182192 78.912636 
2002.111008 79.086825 
2004.039824 79.069226 
2005.968640 79.152811 
2007.897456 79.030043 
2009.826272 78.955875 
2011.755088 78.869227 
2013.683904 78.823886 
2015.612720 78.698445 
2017.541536 78.875116 
2019.470352 78.913850 
2021.399168 79.062067 
2023.327984 78.914024 
2025.256800 78.861306 
2027.185616 78.776064 
2029.114432 78.874907 
2031.043248 78.777148 
2032.972064 78.797832 
2034.900880 78.541279 
2036.829696 78.523127 
2038.758512 78.525794 
2040.687328 78.549035 
2042.616144 78.500941 
2044.544960 78.505320 
2046.473776 78.582454 
2048.402592 78.629470 
2050.331408 78.430862 
2052.260224 78.497091 
2054.189040 78.498885 
2056.117856 78.641129 
2058.046672 78.718004 
2059.975488 78.752073 
2061.904304 78.739199 
2063.833120 78.605241 
2065.761936 78.398767 
2067.690752 78.378619 
2069.619568 78.363552 
2071.548384 78.388968 
2073.477200 78.424355 
2075.406016 78.542497 
2077.334832 78.489023 
2079.263648 78.458129 
2081.192464 78.467112 
2083.121280 78.611660 
2085.050096 78.747089 
2086.978912 78.876607 
2088.907728 78.856267 
2090.836544 78.957703 
2092.765360 79.067822 
2094.694176 79.050176 
2096.622992 78.900868 
2098.551808 78.877975 
2100.480624 78.863119 
2102.409440 78.864906 
2104.338256 78.844662 
2106.267072 78.887752 
2108.195888 78.821356 
2110.124704 78.787402 
2112.053520 78.701971 
2113.982336 78.770387 
2115.911152 78.781917 
2117.839968 78.827466 
2119.768784 78.860832 
2121.697600 78.905938 
2123.626416 78.900931 
2125.555232 78.913024 
2127.484048 78.867561 
2129.412864 78.906645 
2131.341680 78.851829 
2133.270496 78.715909 
2135.199312 78.495612 
2137.128128 78.442775 
2139.056944 78.430545 
2140.985760 78.559534 
2142.914576 78.511549 
2144.843392 78.379431 
2146.772208 78.239818 
2148.701024 78.318766 
2150.629840 78.435390 
2152.558656 78.749216 
2154.487472 78.799514 
2156.416288 78.996331 
2158.345104 78.665553 
2160.273920 77.945756 
2162.202736 77.536821 
2164.131552 77.406098 
2166.060368 77.412203 
2167.989184 77.639453 
2169.918000 77.620923 
2171.846816 77.572392 
2173.775632 77.499229 
2175.704448 77.449492 
2177.633264 77.334164 
2179.562080 77.474778 
2181.490896 77.602850 
2183.419712 77.757636 
2185.348528 77.753006 
2187.277344 77.769034 
2189.206160 77.736951 
2191.134976 77.720879 
2193.063792 77.646898 
2194.992608 77.638085 
2196.921424 77.654579 
2198.850240 77.942074 
2200.779056 77.950983 
2202.707872 77.797362 
2204.636688 77.674605 
2206.565504 77.657960 
2208.494320 77.554117 
2210.423136 77.526394 
2212.351952 77.511769 
2214.280768 77.621527 
2216.209584 77.752797 
2218.138400 77.845924 
2220.067216 77.897946 
2221.996032 77.984325 
2223.924848 77.920662 
2225.853664 77.911906 
2227.782480 77.913663 
2229.711296 77.988575 
2231.640112 78.071864 
2233.568928 78.215108 
2235.497744 78.274129 
2237.426560 78.242736 
2239.355376 78.237480 
2241.284192 78.238906 
2243.213008 78.094251 
2245.141824 78.000089 
2247.070640 77.982089 
2248.999456 78.133848 
2250.928272 78.221780 
2252.857088 78.224354 
2254.785904 78.118707 
2256.714720 78.034320 
2258.643536 77.905572 
2260.572352 77.828569 
2262.501168 77.812127 
2264.429984 77.894083 
2266.358800 77.876246 
2268.287616 77.939784 
2270.216432 78.046050 
2272.145248 78.079760 
2274.074064 78.021135 
2276.002880 78.040012 
2277.931696 78.054054 
2279.860512 78.214721 
2281.789328 78.394369 
2283.718144 78.557336 
2285.646960 78.688834 
2287.575776 78.843344 
2289.504592 78.962916 
2291.433408 79.089769 
2293.362224 79.104413 
2295.291040 79.105000 
2297.219856 79.085967 
2299.148672 79.081550 
2301.077488 79.112410 
2303.006304 79.197613 
2304.935120 79.266614 
2306.863936 79.345427 
2308.792752 79.352418 
2310.721568 79.432276 
2312.650384 79.566283 
2314.579200 79.699006 
2316.508016 79.747028 
2318.436832 79.858588 
2320.365648 79.959138 
2322.294464 80.052996 
2324.223280 80.312841 
2326.152096 80.790263 
2328.080912 81.042658 
2330.009728 81.105067 
2331.938544 81.080284 
2333.867360 81.140503 
2335.796176 81.173692 
2337.724992 81.214629 
2339.653808 81.102692 
2341.582624 80.985677 
2343.511440 80.902389 
2345.440256 80.975164 
2347.369072 80.873022 
2349.297888 80.773596 
2351.226704 80.843329 
2353.155520 81.138572 
2355.084336 81.387090 
2357.013152 81.557689 
2358.941968 81.641104 
2360.870784 81.622978 
2362.799600 81.332648 
2364.728416 81.189233 
2366.657232 80.931764 
2368.586048 80.756723 
2370.514864 80.468131 
2372.443680 80.201422 
2374.372496 79.943049 
2376.301312 79.669252 
2378.230128 79.471177 
2380.158944 79.374115 
2382.087760 79.255027 
2384.016576 79.203999 
2385.945392 79.162219 
2387.874208 79.159318 
2389.803024 79.156098 
2391.731840 79.164476 
2393.660656 79.133953 
2395.589472 79.069366 
2397.518288 79.006867 
2399.447104 78.952166 
2401.375920 78.878646 
2403.304736 78.820138 
2405.233552 78.704145 
2407.162368 78.637141 
2409.091184 78.616787 
2411.020000 78.571642 
2412.948816 78.490772 
2414.877632 78.388427 
2416.806448 78.292817 
2418.735264 78.269350 
2420.664080 78.244835 
2422.592896 78.308933 
2424.521712 78.388281 
2426.450528 78.487017 
2428.379344 78.563227 
2430.308160 78.613884 
2432.236976 78.601197 
2434.165792 78.634303 
2436.094608 78.646338 
2438.023424 78.646371 
2439.952240 78.682068 
2441.881056 78.782169 
2443.809872 78.805870 
2445.738688 78.802233 
2447.667504 78.748316 
2449.596320 78.657603 
2451.525136 78.580916 
2453.453952 78.554474 
2455.382768 78.508474 
2457.311584 78.504763 
2459.240400 78.431628 
2461.169216 78.377722 
2463.098032 78.411836 
2465.026848 78.476535 
2466.955664 78.473434 
2468.884480 78.495449 
2470.813296 78.522317 
2472.742112 78.558946 
2474.670928 78.558224 
2476.599744 78.586232 
2478.528560 78.593821 
2480.457376 78.606566 
2482.386192 78.566258 
2484.315008 78.578259 
2486.243824 78.533931 
2488.172640 78.491820 
2490.101456 78.463167 
2492.030272 78.477383 
2493.959088 78.422182 
2495.887904 78.374970 
2497.816720 78.328424 
2499.745536 78.302682 
2501.674352 78.240148 
2503.603168 78.154946 
2505.531984 78.050534 
2507.460800 78.024216 
2509.389616 78.024199 
2511.318432 78.103342 
2513.247248 78.160203 
2515.176064 78.197218 
2517.104880 78.219923 
2519.033696 78.269217 
2520.962512 78.204463 
2522.891328 78.138073 
2524.820144 78.056033 
2526.748960 78.024782 
2528.677776 78.054139 
2530.606592 78.088664 
2532.535408 78.088183 
2534.464224 78.109152 
2536.393040 78.130857 
2538.321856 78.175546 
2540.250672 78.184119 
2542.179488 78.172651 
2544.108304 78.200087 
2546.037120 78.258909 
2547.965936 78.273806 
2549.894752 78.317556 
2551.823568 78.287842 
2553.752384 78.253531 
2555.681200 78.197930 
2557.610016 78.139469 
2559.538832 78.054919 
2561.467648 77.997054 
2563.396464 77.946329 
2565.325280 77.937398 
2567.254096 77.890360 
2569.182912 77.890585 
2571.111728 77.904039 
2573.040544 77.883276 
2574.969360 77.802634 
2576.898176 77.703309 
2578.826992 77.630220 
2580.755808 77.661144 
2582.684624 77.668839 
2584.613440 77.684041 
2586.542256 77.733116 
2588.471072 77.801364 
2590.399888 77.824197 
2592.328704 77.848355 
2594.257520 77.872864 
2596.186336 77.925539 
2598.115152 77.910056 
2600.043968 77.870517 
2601.972784 77.856533 
2603.901600 77.879099 
2605.830416 77.870894 
2607.759232 77.847961 
2609.688048 77.825706 
2611.616864 77.870396 
2613.545680 77.891049 
2615.474496 77.888654 
2617.403312 77.937656 
2619.332128 78.022268 
2621.260944 78.076898 
2623.189760 78.148929 
2625.118576 78.207885 
2627.047392 78.276808 
2628.976208 78.292253 
2630.905024 78.285618 
2632.833840 78.300038 
2634.762656 78.332806 
2636.691472 78.361709 
2638.620288 78.449170 
2640.549104 78.527743 
2642.477920 78.564311 
2644.406736 78.578840 
2646.335552 78.575202 
2648.264368 78.507329 
2650.193184 78.476248 
2652.122000 78.487904 
2654.050816 78.568043 
2655.979632 78.652040 
2657.908448 78.741620 
2659.837264 78.838380 
2661.766080 78.955743 
2663.694896 79.056576 
2665.623712 79.113122 
2667.552528 79.099200 
2669.481344 79.094852 
2671.410160 79.084977 
2673.338976 79.070008 
2675.267792 79.034529 
2677.196608 79.026174 
2679.125424 79.039702 
2681.054240 79.069093 
2682.983056 79.086845 
2684.911872 79.087731 
2686.840688 79.106914 
2688.769504 79.090816 
2690.698320 79.049244 
2692.627136 79.045766 
2694.555952 79.039672 
2696.484768 79.028097 
2698.413584 79.008564 
2700.342400 78.997253 
2702.271216 78.964746 
2704.200032 78.940585 
2706.128848 78.909504 
2708.057664 78.906960 
2709.986480 78.930512 
2711.915296 78.956763 
2713.844112 78.966616 
2715.772928 78.975689 
2717.701744 78.940724 
2719.630560 78.915402 
2721.559376 78.884660 
2723.488192 78.860319 
2725.417008 78.866791 
2727.345824 78.878306 
2729.274640 78.870236 
2731.203456 78.897750 
2733.132272 78.918251 
2735.061088 78.947593 
2736.989904 79.002009 
2738.918720 79.061501 
2740.847536 79.081702 
2742.776352 79.071744 
2744.705168 79.047023 
2746.633984 79.017517 
2748.562800 78.986360 
2750.491616 78.998437 
2752.420432 79.010496 
2754.349248 79.011141 
2756.278064 79.001015 
2758.206880 78.960285 
2760.135696 78.854671 
2762.064512 78.762843 
2763.993328 78.646191 
2765.922144 78.558026 
2767.850960 78.534777 
2769.779776 78.518835 
2771.708592 78.496643 
2773.637408 78.542727 
2775.566224 78.599574 
2777.495040 78.631573 
2779.423856 78.651844 
2781.352672 78.672008 
2783.281488 78.682652 
2785.210304 78.673409 
2787.139120 78.637942 
2789.067936 78.586338 
2790.996752 78.556338 
2792.925568 78.536361 
2794.854384 78.474283 
2796.783200 78.429562 
2798.712016 78.416428 
2800.640832 78.383987 
2802.569648 78.329851 
2804.498464 78.288417 
2806.427280 78.237780 
2808.356096 78.201359 
2810.284912 78.168133 
2812.213728 78.161387 
2814.142544 78.163661 
2816.071360 78.137114 
2818.000176 78.100032 
2819.928992 78.093318 
2821.857808 78.070836 
2823.786624 78.026496 
2825.715440 77.989830 
2827.644256 77.935521 
2829.573072 77.851325 
2831.501888 77.794366 
2833.430704 77.733471 
2835.359520 77.652353 
2837.288336 77.524573 
2839.217152 77.392903 
2841.145968 77.281965 
2843.074784 77.214147 
2845.003600 77.134117 
2846.932416 77.061643 
2848.861232 77.003121 
2850.790048 76.933193 
2852.718864 76.832523 
2854.647680 76.746904 
2856.576496 76.629451 
2858.505312 76.458250 
2860.434128 76.229798 
2862.362944 76.012844 
2864.291760 75.747837 
2866.220576 75.447964 
2868.149392 75.164415 
2870.078208 74.920842 
2872.007024 74.822033 
2873.935840 74.938990 
2875.864656 75.189714 
2877.793472 75.481036 
2879.722288 75.689676 
2881.651104 75.812503 
2883.579920 75.849270 
2885.508736 75.869875 
2887.437552 75.833270 
2889.366368 75.756137 
2891.295184 75.608352 
2893.224000 75.420244 
2895.152816 75.196134 
2897.081632 74.978971 
2899.010448 74.700102 
2900.939264 74.483449 
2902.868080 74.440102 
2904.796896 74.551857 
2906.725712 74.714942 
2908.654528 74.909332 
2910.583344 75.112736 
2912.512160 75.318680 
2914.440976 75.506050 
2916.369792 75.652597 
2918.298608 75.704847 
2920.227424 75.718419 
2922.156240 75.682710 
2924.085056 75.639421 
2926.013872 75.510188 
2927.942688 75.382825 
2929.871504 75.330660 
2931.800320 75.356748 
2933.729136 75.401652 
2935.657952 75.421857 
2937.586768 75.383483 
2939.515584 75.336495 
2941.444400 75.322032 
2943.373216 75.360272 
2945.302032 75.375946 
2947.230848 75.353419 
2949.159664 75.271622 
2951.088480 75.140319 
2953.017296 75.029143 
2954.946112 74.980537 
2956.874928 74.932062 
2958.803744 74.817824 
2960.732560 74.662513 
2962.661376 74.494548 
2964.590192 74.294988 
2966.519008 74.125836 
2968.447824 73.966687 
2970.376640 73.827325 
2972.305456 73.632736 
2974.234272 73.383170 
2976.163088 73.118620 
2978.091904 72.952741 
2980.020720 73.062655 
2981.949536 73.411649 
2983.878352 73.755447 
2985.807168 73.963846 
2987.735984 74.066920 
2989.664800 74.164325 
2991.593616 74.241959 
2993.522432 74.260582 
2995.451248 74.274824 
2997.380064 74.252529 
2999.308880 74.134090 
3001.237696 73.977699 
3003.166512 73.791452 
3005.095328 73.698870 
3007.024144 73.648600 
3008.952960 73.587941 
3010.881776 73.501819 
3012.810592 73.447970 
3014.739408 73.451453 
3016.668224 73.502067 
3018.597040 73.561904 
3020.525856 73.559022 
3022.454672 73.501651 
3024.383488 73.325048 
3026.312304 72.989588 
3028.241120 72.510703 
3030.169936 71.891491 
3032.098752 71.307720 
3034.027568 70.862287 
3035.956384 70.574486 
3037.885200 70.421012 
3039.814016 70.498710 
3041.742832 70.853123 
3043.671648 71.295918 
3045.600464 71.726685 
3047.529280 72.113860 
3049.458096 72.386052 
3051.386912 72.556214 
3053.315728 72.579850 
3055.244544 72.417590 
3057.173360 72.104461 
3059.102176 71.733230 
3061.030992 71.411072 
3062.959808 71.358879 
3064.888624 71.645296 
3066.817440 72.179233 
3068.746256 72.757599 
3070.675072 73.244302 
3072.603888 73.620728 
3074.532704 73.877570 
3076.461520 74.087046 
3078.390336 74.276119 
3080.319152 74.461477 
3082.247968 74.701567 
3084.176784 74.928393 
3086.105600 75.164231 
3088.034416 75.379494 
3089.963232 75.558304 
3091.892048 75.646018 
3093.820864 75.714478 
3095.749680 75.784853 
3097.678496 75.866273 
3099.607312 75.878824 
3101.536128 75.927090 
3103.464944 75.978265 
3105.393760 75.967138 
3107.322576 75.994653 
3109.251392 76.092635 
3111.180208 76.171637 
3113.109024 76.210950 
3115.037840 76.161388 
3116.966656 76.087693 
3118.895472 76.056108 
3120.824288 76.034016 
3122.753104 76.003987 
3124.681920 75.996986 
3126.610736 75.907199 
3128.539552 75.850874 
3130.468368 75.846318 
3132.397184 75.849096 
3134.326000 75.808520 
3136.254816 75.710719 
3138.183632 75.572010 
3140.112448 75.500716 
3142.041264 75.487431 
3143.970080 75.419199 
3145.898896 75.326815 
3147.827712 75.236730 
3149.756528 75.121585 
3151.685344 75.060250 
3153.614160 75.000874 
3155.542976 74.963775 
3157.471792 74.917132 
3159.400608 74.912909 
3161.329424 74.921077 
3163.258240 74.984718 
3165.187056 75.035040 
3167.115872 75.091570 
3169.044688 75.170527 
3170.973504 75.203356 
3172.902320 75.188648 
3174.831136 75.169913 
3176.759952 75.117301 
3178.688768 75.056254 
3180.617584 74.968214 
3182.546400 74.899848 
3184.475216 74.871081 
3186.404032 74.897312 
3188.332848 74.932057 
3190.261664 74.974115 
3192.190480 74.992131 
3194.119296 75.018123 
3196.048112 75.019923 
3197.976928 75.002985 
3199.905744 75.010509 
3201.834560 75.012683 
3203.763376 75.010620 
3205.692192 75.088188 
3207.621008 75.139853 
3209.549824 75.176389 
3211.478640 75.208356 
3213.407456 75.220532 
3215.336272 75.239153 
3217.265088 75.253266 
3219.193904 75.214075 
3221.122720 75.212688 
3223.051536 75.216519 
3224.980352 75.253805 
3226.909168 75.278630 
3228.837984 75.287533 
3230.766800 75.350790 
3232.695616 75.434337 
3234.624432 75.441027 
3236.553248 75.467793 
3238.482064 75.486523 
3240.410880 75.480977 
3242.339696 75.455433 
3244.268512 75.446785 
3246.197328 75.495570 
3248.126144 75.584446 
3250.054960 75.621372 
3251.983776 75.648819 
3253.912592 75.613447 
3255.841408 75.646421 
3257.770224 75.686666 
3259.699040 75.628858 
3261.627856 75.563806 
3263.556672 75.521365 
3265.485488 75.506500 
3267.414304 75.546392 
3269.343120 75.532253 
3271.271936 75.482816 
3273.200752 75.438015 
3275.129568 75.393115 
3277.058384 75.336177 
3278.987200 75.269104 
3280.916016 75.210249 
3282.844832 75.139102 
3284.773648 75.070600 
3286.702464 75.092212 
3288.631280 75.065723 
3290.560096 74.972940 
3292.488912 74.873195 
3294.417728 74.922078 
3296.346544 74.916965 
3298.275360 74.888993 
3300.204176 74.866598 
3302.132992 74.783408 
3304.061808 74.699739 
3305.990624 74.667986 
3307.919440 74.601451 
3309.848256 74.528122 
3311.777072 74.458126 
3313.705888 74.374056 
3315.634704 74.235794 
3317.563520 74.064643 
3319.492336 73.849490 
3321.421152 73.603218 
3323.349968 73.334726 
3325.278784 73.135913 
3327.207600 72.908595 
3329.136416 72.608565 
3331.065232 72.217683 
3332.994048 71.765317 
3334.922864 71.237002 
3336.851680 70.612634 
3338.780496 69.939756 
3340.709312 69.205587 
3342.638128 68.333881 
3344.566944 67.479791 
3346.495760 66.690255 
3348.424576 66.169782 
3350.353392 66.250003 
3352.282208 67.367641 
3354.211024 69.369908 
3356.139840 71.540817 
3358.068656 73.119925 
3359.997472 73.870556 
3361.926288 73.941336 
3363.855104 73.580865 
3365.783920 73.122078 
3367.712736 73.088239 
3369.641552 73.712786 
3371.570368 74.674347 
3373.499184 75.489589 
3375.428000 76.003016 
3377.356816 76.286073 
3379.285632 76.492405 
3381.214448 76.600634 
3383.143264 76.676240 
3385.072080 76.643123 
3387.000896 76.587367 
3388.929712 76.547825 
3390.858528 76.449350 
3392.787344 76.321855 
3394.716160 76.370467 
3396.644976 76.596126 
3398.573792 76.956480 
3400.502608 77.250195 
3402.431424 77.481867 
3404.360240 77.697763 
3406.289056 77.806026 
3408.217872 77.902679 
3410.146688 78.023163 
3412.075504 78.086258 
3414.004320 78.077631 
3415.933136 77.980310 
3417.861952 77.927200 
3419.790768 77.801258 
3421.719584 77.716700 
3423.648400 77.654544 
3425.577216 77.498667 
3427.506032 77.332910 
3429.434848 77.185164 
3431.363664 77.000576 
3433.292480 76.771889 
3435.221296 76.472481 
3437.150112 76.148671 
3439.078928 75.728667 
3441.007744 75.008524 
3442.936560 74.064873 
3444.865376 72.862976 
3446.794192 71.324818 
3448.723008 70.104748 
3450.651824 69.811273 
3452.580640 70.940553 
3454.509456 73.054988 
3456.438272 75.038870 
3458.367088 76.381199 
3460.295904 77.184024 
3462.224720 77.586896 
3464.153536 77.883775 
3466.082352 77.988815 
3468.011168 78.071246 
3469.939984 78.171694 
3471.868800 78.242175 
3473.797616 78.235150 
3475.726432 78.372410 
3477.655248 78.521625 
3479.584064 78.587883 
3481.512880 78.640590 
3483.441696 78.816007 
3485.370512 79.038160 
3487.299328 79.254655 
3489.228144 79.420838 
3491.156960 79.594785 
3493.085776 79.712583 
3495.014592 79.781563 
3496.943408 79.854631 
3498.872224 79.910244 
3500.801040 79.825315 
3502.729856 79.744264 
3504.658672 79.944802 
3506.587488 80.120479 
3508.516304 80.040673 
3510.445120 80.109995 
3512.373936 80.279499 
3514.302752 80.427020 
3516.231568 80.456195 
3518.160384 80.395580 
3520.089200 80.266706 
3522.018016 79.989333 
3523.946832 79.777795 
3525.875648 79.811391 
3527.804464 79.890791 
3529.733280 80.161973 
3531.662096 80.333197 
3533.590912 80.364274 
3535.519728 80.318339 
3537.448544 80.491351 
3539.377360 80.557934 
3541.306176 80.438489 
3543.234992 80.213980 
3545.163808 79.901659 
3547.092624 79.922342 
3549.021440 80.221029 
3550.950256 80.257375 
3552.879072 80.297242 
3554.807888 80.518722 
3556.736704 80.660708 
3558.665520 80.667374 
3560.594336 80.496662 
3562.523152 80.162637 
3564.451968 79.505549 
3566.380784 78.878503 
3568.309600 79.692846 
3570.238416 80.427501 
3572.167232 80.475737 
3574.096048 80.320219 
3576.024864 80.420002 
3577.953680 80.533738 
3579.882496 80.516767 
3581.811312 80.386530 
3583.740128 80.171218 
3585.668944 79.775330 
3587.597760 79.627529 
3589.526576 80.182367 
3591.455392 80.308606 
3593.384208 80.012377 
3595.313024 79.801292 
3597.241840 79.991690 
3599.170656 80.150818 
3601.099472 80.195450 
3603.028288 80.349795 
3604.957104 80.241078 
3606.885920 79.827153 
3608.814736 79.866715 
3610.743552 80.008861 
3612.672368 79.625929 
3614.601184 79.491356 
3616.530000 79.416948 
3618.458816 79.416408 
3620.387632 79.971516 
3622.316448 80.140018 
3624.245264 80.000203 
3626.174080 79.394545 
3628.102896 78.247230 
3630.031712 78.972524 
3631.960528 79.493143 
3633.889344 79.526075 
3635.818160 79.764575 
3637.746976 80.006717 
3639.675792 80.118549 
3641.604608 79.954662 
3643.533424 79.659444 
3645.462240 79.039753 
3647.391056 77.947869 
3649.319872 77.516697 
3651.248688 78.741607 
3653.177504 79.384092 
3655.106320 79.094089 
3657.035136 79.357683 
3658.963952 79.881151 
3660.892768 80.132977 
3662.821584 80.229620 
3664.750400 80.240200 
3666.679216 80.088505 
3668.608032 79.350675 
3670.536848 79.397149 
3672.465664 79.694389 
3674.394480 78.592572 
3676.323296 78.822734 
3678.252112 79.674802 
3680.180928 80.164553 
3682.109744 80.403032 
3684.038560 80.215037 
3685.967376 79.727152 
3687.896192 78.835044 
3689.825008 78.761645 
3691.753824 79.697972 
3693.682640 80.193289 
3695.611456 80.149205 
3697.540272 80.118563 
3699.469088 79.997875 
3701.397904 79.964695 
3703.326720 80.323865 
3705.255536 80.196883 
3707.184352 79.748202 
3709.113168 79.085552 
3711.041984 78.680100 
3712.970800 79.593055 
3714.899616 80.112427 
3716.828432 80.080219 
3718.757248 79.864124 
3720.686064 79.558168 
3722.614880 79.534131 
3724.543696 79.672697 
3726.472512 79.893397 
3728.401328 80.085680 
3730.330144 79.761798 
3732.258960 79.041221 
3734.187776 78.474358 
3736.116592 78.989039 
3738.045408 79.615855 
3739.974224 79.741004 
3741.903040 79.506878 
3743.831856 78.889744 
3745.760672 79.045450 
3747.689488 78.864097 
3749.618304 78.168057 
3751.547120 78.299271 
3753.475936 79.189091 
3755.404752 79.389307 
3757.333568 79.186021 
3759.262384 79.209935 
3761.191200 79.612242 
3763.120016 79.494182 
3765.048832 79.188046 
3766.977648 79.278546 
3768.906464 79.238201 
3770.835280 79.660933 
3772.764096 79.914532 
3774.692912 79.839268 
3776.621728 79.727830 
3778.550544 79.410487 
3780.479360 79.555995 
3782.408176 79.643643 
3784.336992 79.461996 
3786.265808 79.687593 
3788.194624 79.905952 
3790.123440 79.973815 
3792.052256 80.029375 
3793.981072 79.825326 
3795.909888 79.433234 
3797.838704 79.417501 
3799.767520 78.896537 
3801.696336 78.541148 
3803.625152 79.264211 
3805.553968 79.160652 
3807.482784 79.398445 
3809.411600 79.766009 
3811.340416 79.856629 
3813.269232 79.672880 
3815.198048 79.035736 
3817.126864 79.206073 
3819.055680 78.964928 
3820.984496 78.604675 
3822.913312 79.565254 
3824.842128 79.597692 
3826.770944 79.572091 
3828.699760 79.686424 
3830.628576 79.531281 
3832.557392 79.412894 
3834.486208 79.313097 
3836.415024 78.759142 
3838.343840 78.266508 
3840.272656 78.718401 
3842.201472 79.257554 
3844.130288 79.705780 
3846.059104 79.775112 
3847.987920 79.553545 
3849.916736 79.135102 
3851.845552 77.971313 
3853.774368 78.137731 
3855.703184 79.268557 
3857.632000 79.383972 
3859.560816 79.468534 
3861.489632 79.202724 
3863.418448 78.886967 
3865.347264 79.070251 
3867.276080 79.055226 
3869.204896 78.513129 
3871.133712 78.992486 
3873.062528 79.128277 
3874.991344 79.456576 
3876.920160 79.703410 
3878.848976 79.171592 
3880.777792 78.995483 
3882.706608 79.225819 
3884.635424 78.870431 
3886.564240 79.259706 
3888.493056 79.533850 
3890.421872 79.126113 
3892.350688 79.215106 
3894.279504 79.546478 
3896.208320 79.445916 
3898.137136 79.000085 
3900.065952 78.626213 
3901.994768 78.416892 
3903.923584 78.405283 
3905.852400 79.075009 
3907.781216 79.562658 
3909.710032 79.645162 
3911.638848 79.606182 
3913.567664 79.529805 
3915.496480 79.225437 
3917.425296 79.061368 
3919.354112 79.303587 
3921.282928 79.443078 
3923.211744 79.241260 
3925.140560 79.243720 
3927.069376 79.520308 
3928.998192 79.342841 
3930.927008 79.149071 
3932.855824 79.325536 
3934.784640 79.630789 
3936.713456 79.661056 
3938.642272 79.630304 
3940.571088 79.499288 
3942.499904 79.343662 
3944.428720 79.466796 
3946.357536 79.402720 
3948.286352 79.262066 
3950.215168 79.417022 
3952.143984 79.558548 
3954.072800 79.637046 
3956.001616 79.655278 
3957.930432 79.651391 
3959.859248 79.616954 
3961.788064 79.595273 
3963.716880 79.734278 
3965.645696 79.846851 
3967.574512 79.788853 
3969.503328 79.757662 
3971.432144 79.762924 
3973.360960 79.697964 
3975.289776 79.671381 
3977.218592 79.790147 
3979.147408 79.859152 
3981.076224 79.826392 
3983.005040 79.858058 
3984.933856 79.902051 
3986.862672 79.874342 
3988.791488 79.855479 
3990.720304 79.869164 
3992.649120 79.899561 
3994.577936 79.895506 
3996.506752 79.919868 
3998.435568 79.934181 
4000.364384 79.953430 