##YUNITS=%T
399.264912 52.129293 
401.193728 105.770650 
403.122544 106.920001 
405.051360 96.261680 
406.980176 53.781905 
408.908992 35.997725 
410.837808 39.444326 
412.766624 58.460113 
414.695440 76.705848 
416.624256 65.112990 
418.553072 53.718512 
420.481888 57.332532 
422.410704 105.755116 
424.339520 137.548805 
426.268336 151.125098 
428.197152 127.518448 
430.125968 109.593849 
432.054784 98.823922 
433.983600 95.389398 
435.912416 86.997601 
437.841232 74.910843 
439.770048 98.906852 
441.698864 105.443309 
443.627680 123.648293 
445.556496 121.526162 
447.485312 76.811231 
449.414128 71.747677 
451.342944 121.578632 
453.271760 185.935510 
455.200576 157.381222 
457.129392 125.487565 
459.058208 97.409546 
460.987024 56.864440 
462.915840 47.439705 
464.844656 84.199409 
466.773472 128.696160 
468.702288 143.828573 
470.631104 103.419578 
472.559920 93.300649 
474.488736 85.063767 
476.417552 82.765715 
478.346368 91.625300 
480.275184 93.061062 
482.204000 94.736058 
484.132816 92.113359 
486.061632 84.559840 
487.990448 99.350006 
489.919264 96.166626 
491.848080 107.206438 
493.776896 128.846571 
495.705712 87.406626 
497.634528 73.132086 
499.563344 126.152112 
501.492160 88.165624 
503.420976 104.534939 
505.349792 183.282500 
507.278608 150.903485 
509.207424 103.796514 
511.136240 106.577380 
513.065056 80.454038 
514.993872 82.755506 
516.922688 87.716380 
518.851504 85.952806 
520.780320 96.504560 
522.709136 96.095051 
524.637952 81.408625 
526.566768 81.558571 
528.495584 72.848901 
530.424400 92.945588 
532.353216 122.660029 
534.282032 109.568368 
536.210848 73.389049 
538.139664 58.628720 
540.068480 67.790022 
541.997296 73.158581 
543.926112 76.436775 
545.854928 79.422843 
547.783744 59.346272 
549.712560 58.010964 
551.641376 62.491398 
553.570192 70.177476 
555.499008 81.553221 
557.427824 93.114693 
559.356640 93.693033 
561.285456 68.556648 
563.214272 56.243885 
565.143088 65.028300 
567.071904 65.361597 
569.000720 76.846917 
570.929536 86.691746 
572.858352 83.184882 
574.787168 76.622715 
576.715984 71.807829 
578.644800 72.853135 
580.573616 72.595068 
582.502432 71.080543 
584.431248 69.707399 
586.360064 68.709198 
588.288880 68.918496 
590.217696 69.118960 
592.146512 69.350428 
594.075328 68.287830 
596.004144 66.120115 
597.932960 64.536812 
599.861776 64.057788 
601.790592 65.470474 
603.719408 65.863661 
605.648224 67.109127 
607.577040 69.481636 
609.505856 66.685364 
611.434672 64.509825 
613.363488 62.631187 
615.292304 61.322091 
617.221120 56.403403 
619.149936 55.439086 
621.078752 58.879273 
623.007568 58.817239 
624.936384 61.418898 
626.865200 63.107977 
628.794016 62.509121 
630.722832 63.287748 
632.651648 63.945710 
634.580464 58.764299 
636.509280 54.505134 
638.438096 53.257888 
640.366912 53.374767 
642.295728 52.243660 
644.224544 51.986827 
646.153360 51.707043 
648.082176 53.942770 
650.010992 56.645203 
651.939808 57.804271 
653.868624 58.142100 
655.797440 57.965066 
657.726256 57.045240 
659.655072 56.485351 
661.583888 55.772948 
663.512704 55.369366 
665.441520 54.386797 
667.370336 54.514318 
669.299152 55.429189 
671.227968 54.808138 
673.156784 54.835231 
675.085600 54.693276 
677.014416 54.034504 
678.943232 53.410624 
680.872048 52.530799 
682.800864 51.165897 
684.729680 49.309307 
686.658496 47.242929 
688.587312 45.215474 
690.516128 43.718081 
692.444944 42.453862 
694.373760 41.736527 
696.302576 42.121448 
698.231392 43.794132 
700.160208 44.889203 
702.089024 45.214133 
704.017840 45.935655 
705.946656 49.702032 
707.875472 55.069248 
709.804288 57.232966 
711.733104 56.636590 
713.661920 55.569778 
715.590736 54.281747 
717.519552 53.036313 
719.448368 52.077568 
721.377184 50.860956 
723.306000 49.745861 
725.234816 48.741148 
727.163632 47.395167 
729.092448 45.687149 
731.021264 43.612903 
732.950080 40.943025 
734.878896 38.008511 
736.807712 34.722582 
738.736528 31.185629 
740.665344 27.726697 
742.594160 24.636882 
744.522976 23.291654 
746.451792 23.944776 
748.380608 25.001333 
750.309424 24.657751 
752.238240 23.516002 
754.167056 24.118404 
756.095872 25.434447 
758.024688 25.791593 
759.953504 26.532643 
761.882320 29.010622 
763.811136 32.570045 
765.739952 36.214638 
767.668768 40.091648 
769.597584 43.689644 
771.526400 45.965442 
773.455216 46.562214 
775.384032 46.007016 
777.312848 44.486196 
779.241664 42.133210 
781.170480 38.973065 
783.099296 34.946844 
785.028112 31.206566 
786.956928 30.100753 
788.885744 31.926918 
790.814560 35.526644 
792.743376 40.486544 
794.672192 45.587865 
796.601008 49.738066 
798.529824 53.426264 
800.458640 55.445071 
802.387456 55.358459 
804.316272 54.200463 
806.245088 52.878249 
808.173904 51.265196 
810.102720 49.476203 
812.031536 46.555333 
813.960352 41.884574 
815.889168 36.992758 
817.817984 33.923223 
819.746800 34.412327 
821.675616 38.199584 
823.604432 44.196324 
825.533248 51.656682 
827.462064 59.822414 
829.390880 66.128875 
831.319696 68.999169 
833.248512 69.676303 
835.177328 69.344616 
837.106144 68.509364 
839.034960 67.232548 
840.963776 65.418952 
842.892592 63.211823 
844.821408 60.869334 
846.750224 59.048012 
848.679040 58.915452 
850.607856 60.478905 
852.536672 62.926945 
854.465488 65.318688 
856.394304 66.840356 
858.323120 67.206366 
860.251936 66.678361 
862.180752 65.174183 
864.109568 62.649274 
866.038384 60.886008 
867.967200 61.805986 
869.896016 63.809075 
871.824832 64.651774 
873.753648 64.330823 
875.682464 64.290854 
877.611280 65.081087 
879.540096 65.882324 
881.468912 65.371329 
883.397728 63.354330 
885.326544 61.024254 
887.255360 59.254326 
889.184176 58.111543 
891.112992 58.490834 
893.041808 60.217198 
894.970624 61.317210 
896.899440 60.909590 
898.828256 59.675270 
900.757072 58.035451 
902.685888 56.660844 
904.614704 56.405229 
906.543520 57.464360 
908.472336 58.920103 
910.401152 59.734960 
912.329968 59.826011 
914.258784 59.560098 
916.187600 58.901177 
918.116416 57.925669 
920.045232 56.817133 
921.974048 55.595823 
923.902864 54.284103 
925.831680 53.177714 
927.760496 52.397819 
929.689312 51.809385 
931.618128 51.009049 
933.546944 49.745204 
935.475760 48.002607 
937.404576 46.072232 
939.333392 44.927005 
941.262208 45.070588 
943.191024 46.448875 
945.119840 49.059748 
947.048656 51.092059 
948.977472 51.174757 
950.906288 50.693016 
952.835104 50.464723 
954.763920 50.102548 
956.692736 50.058492 
958.621552 51.060516 
960.550368 52.076035 
962.479184 52.297279 
964.408000 52.811986 
966.336816 54.724410 
968.265632 57.599334 
970.194448 60.088721 
972.123264 60.955567 
974.052080 60.354449 
975.980896 59.494869 
977.909712 59.134546 
979.838528 58.943632 
981.767344 58.706547 
983.696160 58.972545 
985.624976 59.774671 
987.553792 60.230839 
989.482608 60.329441 
991.411424 60.037190 
993.340240 59.004152 
995.269056 57.148806 
997.197872 54.745453 
999.126688 51.807774 
1001.055504 48.186053 
1002.984320 43.947374 
1004.913136 40.100400 
1006.841952 37.645494 
1008.770768 36.562525 
1010.699584 36.520141 
1012.628400 38.421983 
1014.557216 43.151128 
1016.486032 49.367137 
1018.414848 53.971233 
1020.343664 55.750974 
1022.272480 55.490332 
1024.201296 54.787945 
1026.130112 54.145406 
1028.058928 53.837519 
1029.987744 54.305834 
1031.916560 54.748389 
1033.845376 54.621396 
1035.774192 54.310397 
1037.703008 54.066291 
1039.631824 54.253477 
1041.560640 54.836134 
1043.489456 55.051771 
1045.418272 54.198360 
1047.347088 52.355107 
1049.275904 49.846916 
1051.204720 47.986453 
1053.133536 48.004894 
1055.062352 49.303385 
1056.991168 50.894297 
1058.919984 52.553906 
1060.848800 53.890391 
1062.777616 54.431144 
1064.706432 54.096759 
1066.635248 53.386537 
1068.564064 52.550448 
1070.492880 51.907577 
1072.421696 51.803827 
1074.350512 52.441902 
1076.279328 53.049258 
1078.208144 52.743487 
1080.136960 51.036909 
1082.065776 48.303350 
1083.994592 46.223469 
1085.923408 46.529112 
1087.852224 48.599753 
1089.781040 50.996797 
1091.709856 52.366356 
1093.638672 51.573182 
1095.567488 49.184141 
1097.496304 46.415454 
1099.425120 43.340606 
1101.353936 41.224967 
1103.282752 42.145983 
1105.211568 45.146741 
1107.140384 47.538317 
1109.069200 48.291002 
1110.998016 47.617423 
1112.926832 46.711273 
1114.855648 47.432126 
1116.784464 49.980318 
1118.713280 52.515859 
1120.642096 54.009753 
1122.570912 54.861010 
1124.499728 55.997871 
1126.428544 57.673736 
1128.357360 59.743443 
1130.286176 61.370162 
1132.214992 62.173539 
1134.143808 62.463803 
1136.072624 62.753709 
1138.001440 62.789282 
1139.930256 62.513420 
1141.859072 61.106349 
1143.787888 58.057176 
1145.716704 54.264377 
1147.645520 52.600386 
1149.574336 54.403726 
1151.503152 57.895600 
1153.431968 61.487766 
1155.360784 64.361005 
1157.289600 65.738595 
1159.218416 66.164509 
1161.147232 66.182117 
1163.076048 65.948107 
1165.004864 65.210246 
1166.933680 64.242276 
1168.862496 63.340264 
1170.791312 62.436960 
1172.720128 61.003064 
1174.648944 59.254202 
1176.577760 57.617802 
1178.506576 56.796772 
1180.435392 56.854267 
1182.364208 57.134477 
1184.293024 56.951892 
1186.221840 56.588954 
1188.150656 56.115791 
1190.079472 54.946627 
1192.008288 53.014291 
1193.937104 50.974902 
1195.865920 49.404621 
1197.794736 48.660311 
1199.723552 48.461888 
1201.652368 47.748520 
1203.581184 45.896754 
1205.510000 43.852723 
1207.438816 42.659798 
1209.367632 43.029064 
1211.296448 44.977118 
1213.225264 46.978982 
1215.154080 47.306061 
1217.082896 46.107840 
1219.011712 44.491144 
1220.940528 43.103153 
1222.869344 41.770761 
1224.798160 40.988695 
1226.726976 41.802252 
1228.655792 44.314956 
1230.584608 47.416337 
1232.513424 50.284305 
1234.442240 52.703402 
1236.371056 54.699208 
1238.299872 56.393365 
1240.228688 57.836679 
1242.157504 58.691619 
1244.086320 58.932698 
1246.015136 58.527603 
1247.943952 57.620956 
1249.872768 56.170073 
1251.801584 54.104706 
1253.730400 51.193288 
1255.659216 47.551005 
1257.588032 43.878627 
1259.516848 41.673247 
1261.445664 41.631224 
1263.374480 42.445713 
1265.303296 42.196869 
1267.232112 40.306818 
1269.160928 37.324991 
1271.089744 34.231839 
1273.018560 31.526910 
1274.947376 28.896612 
1276.876192 26.356251 
1278.805008 24.648381 
1280.733824 24.414035 
1282.662640 26.105195 
1284.591456 29.410187 
1286.520272 33.437296 
1288.449088 37.375530 
1290.377904 41.036146 
1292.306720 44.528255 
1294.235536 47.681669 
1296.164352 50.402785 
1298.093168 52.661745 
1300.021984 54.291168 
1301.950800 55.747657 
1303.879616 57.014573 
1305.808432 57.558062 
1307.737248 57.374044 
1309.666064 56.963584 
1311.594880 56.519261 
1313.523696 55.788715 
1315.452512 54.833511 
1317.381328 54.573173 
1319.310144 55.532126 
1321.238960 56.397611 
1323.167776 55.956921 
1325.096592 54.509909 
1327.025408 52.956321 
1328.954224 51.543701 
1330.883040 49.647750 
1332.811856 47.763615 
1334.740672 47.396983 
1336.669488 49.502555 
1338.598304 54.075695 
1340.527120 59.065401 
1342.455936 61.045995 
1344.384752 60.746637 
1346.313568 59.202135 
1348.242384 57.017575 
1350.171200 54.449030 
1352.100016 51.717712 
1354.028832 49.289708 
1355.957648 47.546025 
1357.886464 46.319776 
1359.815280 44.929569 
1361.744096 42.795434 
1363.672912 39.754440 
1365.601728 37.330345 
1367.530544 35.536513 
1369.459360 34.084600 
1371.388176 33.323819 
1373.316992 33.272513 
1375.245808 33.850162 
1377.174624 36.512676 
1379.103440 42.359944 
1381.032256 49.158778 
1382.961072 53.924388 
1384.889888 55.848986 
1386.818704 55.783953 
1388.747520 54.286647 
1390.676336 52.273314 
1392.605152 49.631548 
1394.533968 46.135723 
1396.462784 43.165423 
1398.391600 42.598250 
1400.320416 43.507425 
1402.249232 45.521776 
1404.178048 49.013769 
1406.106864 53.659147 
1408.035680 56.952544 
1409.964496 58.984968 
1411.893312 59.749114 
1413.822128 59.573372 
1415.750944 58.706008 
1417.679760 57.457751 
1419.608576 55.564662 
1421.537392 53.924205 
1423.466208 52.374285 
1425.395024 51.162419 
1427.323840 51.004713 
1429.252656 51.740725 
1431.181472 51.810920 
1433.110288 50.438699 
1435.039104 48.440758 
1436.967920 45.797906 
1438.896736 43.861171 
1440.825552 42.789777 
1442.754368 42.104736 
1444.683184 42.358336 
1446.612000 43.651609 
1448.540816 45.878112 
1450.469632 46.808070 
1452.398448 46.046451 
1454.327264 43.788666 
1456.256080 39.094755 
1458.184896 30.279704 
1460.113712 25.365214 
1462.042528 24.466833 
1463.971344 28.337204 
1465.900160 38.149755 
1467.828976 45.268796 
1469.757792 48.563025 
1471.686608 47.893327 
1473.615424 45.426794 
1475.544240 46.248752 
1477.473056 50.021640 
1479.401872 52.919434 
1481.330688 53.566206 
1483.259504 52.685559 
1485.188320 52.948947 
1487.117136 55.843635 
1489.045952 59.646663 
1490.974768 61.479589 
1492.903584 60.943539 
1494.832400 59.107500 
1496.761216 55.818738 
1498.690032 51.481300 
1500.618848 46.491120 
1502.547664 41.658631 
1504.476480 38.012126 
1506.405296 37.529124 
1508.334112 40.561721 
1510.262928 42.837613 
1512.191744 45.838691 
1514.120560 49.324045 
1516.049376 53.483552 
1517.978192 59.318438 
1519.907008 61.972871 
1521.835824 64.749250 
1523.764640 65.540574 
1525.693456 65.444391 
1527.622272 64.371517 
1529.551088 63.173425 
1531.479904 61.418036 
1533.408720 58.586119 
1535.337536 56.342321 
1537.266352 55.597977 
1539.195168 53.879539 
1541.123984 51.718844 
1543.052800 50.062745 
1544.981616 47.515067 
1546.910432 45.008980 
1548.839248 42.503918 
1550.768064 39.446426 
1552.696880 37.679263 
1554.625696 36.095222 
1556.554512 35.193243 
1558.483328 36.832422 
1560.412144 38.581087 
1562.340960 39.545437 
1564.269776 41.305082 
1566.198592 43.344072 
1568.127408 44.544481 
1570.056224 45.044436 
1571.985040 43.359592 
1573.913856 40.756887 
1575.842672 38.066066 
1577.771488 36.900996 
1579.700304 36.939925 
1581.629120 36.624377 
1583.557936 36.065224 
1585.486752 36.538989 
1587.415568 38.459422 
1589.344384 41.152883 
1591.273200 43.772234 
1593.202016 45.895597 
1595.130832 46.935434 
1597.059648 45.884582 
1598.988464 42.818681 
1600.917280 39.674019 
1602.846096 38.486457 
1604.774912 39.710673 
1606.703728 41.907717 
1608.632544 44.144476 
1610.561360 45.742789 
1612.490176 46.829794 
1614.418992 47.727628 
1616.347808 50.156072 
1618.276624 53.133481 
1620.205440 54.679291 
1622.134256 56.278288 
1624.063072 58.037898 
1625.991888 58.337767 
1627.920704 56.740945 
1629.849520 53.814099 
1631.778336 50.369694 
1633.707152 46.634498 
1635.635968 40.490961 
1637.564784 35.917093 
1639.493600 34.686365 
1641.422416 35.108323 
1643.351232 36.815723 
1645.280048 39.550556 
1647.208864 44.961873 
1649.137680 49.105924 
1651.066496 51.417669 
1652.995312 57.889268 
1654.924128 65.720666 
1656.852944 69.524688 
1658.781760 73.985532 
1660.710576 77.495060 
1662.639392 80.691821 
1664.568208 82.843211 
1666.497024 83.643575 
1668.425840 83.883278 
1670.354656 84.688121 
1672.283472 85.059495 
1674.212288 85.219818 
1676.141104 85.423359 
1678.069920 85.333127 
1679.998736 84.710494 
1681.927552 84.093769 
1683.856368 83.551981 
1685.785184 84.182222 
1687.714000 83.933566 
1689.642816 83.824650 
1691.571632 83.824029 
1693.500448 83.705811 
1695.429264 83.517413 
1697.358080 83.829422 
1699.286896 83.841259 
1701.215712 84.675420 
1703.144528 84.531247 
1705.073344 84.497458 
1707.002160 84.780888 
1708.930976 84.974755 
1710.859792 84.817071 
1712.788608 84.551980 
1714.717424 83.964833 
1716.646240 83.895482 
1718.575056 84.876494 
1720.503872 85.328416 
1722.432688 85.268281 
1724.361504 85.411645 
1726.290320 85.430745 
1728.219136 85.275209 
1730.147952 84.943106 
1732.076768 84.526702 
1734.005584 84.541579 
1735.934400 85.218961 
1737.863216 84.962687 
1739.792032 84.919622 
1741.720848 84.812146 
1743.649664 84.682880 
1745.578480 84.453356 
1747.507296 84.134294 
1749.436112 84.045457 
1751.364928 84.587130 
1753.293744 84.800650 
1755.222560 84.580942 
1757.151376 84.366981 
1759.080192 84.253851 
1761.009008 83.983429 
1762.937824 84.158238 
1764.866640 84.121745 
1766.795456 83.884720 
1768.724272 83.643433 
1770.653088 83.320207 
1772.581904 83.372961 
1774.510720 83.733986 
1776.439536 83.810296 
1778.368352 83.809873 
1780.297168 83.764456 
1782.225984 83.916740 
1784.154800 83.883764 
1786.083616 84.096309 
1788.012432 84.063167 
1789.941248 83.713376 
1791.870064 83.574807 
1793.798880 83.966550 
1795.727696 83.925691 
1797.656512 83.879947 
1799.585328 83.675147 
1801.514144 83.711934 
1803.442960 83.825723 
1805.371776 83.835960 
1807.300592 83.602821 
1809.229408 83.379164 
1811.158224 83.280553 
1813.087040 83.502895 
1815.015856 83.464763 
1816.944672 83.254523 
1818.873488 82.988514 
1820.802304 82.785811 
1822.731120 82.346762 
1824.659936 82.090472 
1826.588752 81.952099 
1828.517568 81.739792 
1830.446384 82.020762 
1832.375200 82.379137 
1834.304016 82.308053 
1836.232832 82.220803 
1838.161648 82.199824 
1840.090464 82.121646 
1842.019280 81.639072 
1843.948096 81.511437 
1845.876912 81.775937 
1847.805728 82.019293 
1849.734544 82.252324 
1851.663360 82.414302 
1853.592176 82.452826 
1855.520992 82.545822 
1857.449808 82.533764 
1859.378624 82.575071 
1861.307440 82.648440 
1863.236256 82.732548 
1865.165072 82.396586 
1867.093888 81.925361 
1869.022704 81.857308 
1870.951520 82.041515 
1872.880336 81.885181 
1874.809152 81.688333 
1876.737968 81.336352 
1878.666784 80.999080 
1880.595600 80.598134 
1882.524416 80.502084 
1884.453232 80.729412 
1886.382048 81.015699 
1888.310864 80.979162 
1890.239680 81.192131 
1892.168496 81.251941 
1894.097312 81.147119 
1896.026128 81.084768 
1897.954944 81.061276 
1899.883760 80.890387 
1901.812576 80.861549 
1903.741392 80.676984 
1905.670208 80.429334 
1907.599024 80.164321 
1909.527840 80.192705 
1911.456656 80.238505 
1913.385472 80.110716 
1915.314288 79.658199 
1917.243104 79.391635 
1919.171920 79.181466 
1921.100736 78.806448 
1923.029552 78.564429 
1924.958368 78.644197 
1926.887184 78.616942 
1928.816000 78.967015 
1930.744816 79.287212 
1932.673632 79.579010 
1934.602448 79.735624 
1936.531264 79.831205 
1938.460080 79.665024 
1940.388896 79.462307 
1942.317712 79.255009 
1944.246528 79.276097 
1946.175344 79.034963 
1948.104160 78.942618 
1950.032976 78.965672 
1951.961792 79.078054 
1953.890608 79.064955 
1955.819424 79.270055 
1957.748240 79.268229 
1959.677056 79.173906 
1961.605872 78.791285 
1963.534688 78.563996 
1965.463504 78.376791 
1967.392320 78.844759 
1969.321136 79.199772 
1971.249952 79.454726 
1973.178768 79.562148 
1975.107584 79.614609 
1977.036400 79.458576 
1978.965216 79.595025 
1980.894032 79.741516 
1982.822848 79.813243 
1984.751664 79.626309 
1986.680480 79.722874 
1988.609296 79.636410 
1990.538112 79.501989 
1992.466928 79.571201 
1994.395744 79.800453 
1996.324560 79.563844 
1998.253376 79.532186 
2000.182192 79.592457 
2002.111008 79.830868 
2004.039824 79.849172 
2005.968640 79.835916 
2007.897456 79.532476 
2009.826272 79.508025 
2011.755088 79.447774 
2013.683904 79.429225 
2015.612720 79.314219 
2017.541536 79.569785 
2019.470352 79.618281 
2021.399168 79.738281 
2023.327984 79.596225 
2025.256800 79.683801 
2027.185616 79.736697 
2029.114432 79.709198 
2031.043248 79.536171 
2032.972064 79.479815 
2034.900880 79.189724 
2036.829696 79.138557 
2038.758512 78.999260 
2040.687328 79.097010 
2042.616144 79.314464 
2044.544960 79.487958 
2046.473776 79.422310 
2048.402592 79.314089 
2050.331408 79.218285 
2052.260224 79.468122 
2054.189040 79.517262 
2056.117856 79.532071 
2058.046672 79.490911 
2059.975488 79.617807 
2061.904304 79.579183 
2063.833120 79.437304 
2065.761936 79.274896 
2067.690752 79.275978 
2069.619568 79.265612 
2071.548384 79.310893 
2073.477200 79.327365 
2075.406016 79.386556 
2077.334832 79.431550 
2079.263648 79.421267 
2081.192464 79.376602 
2083.121280 79.523931 
2085.050096 79.607436 
2086.978912 79.696336 
2088.907728 79.682696 
2090.836544 79.800065 
2092.765360 79.937929 
2094.694176 79.980729 
2096.622992 79.894874 
2098.551808 79.858870 
2100.480624 79.740392 
2102.409440 79.748218 
2104.338256 79.810153 
2106.267072 79.847471 
2108.195888 79.753754 
2110.124704 79.759409 
2112.053520 79.643853 
2113.982336 79.692694 
2115.911152 79.754147 
2117.839968 79.773562 
2119.768784 79.762042 
2121.697600 79.856175 
2123.626416 79.826146 
2125.555232 79.762614 
2127.484048 79.663624 
2129.412864 79.681542 
2131.341680 79.631416 
2133.270496 79.478126 
2135.199312 79.227009 
2137.128128 79.271208 
2139.056944 79.333714 
2140.985760 79.294970 
2142.914576 79.210925 
2144.843392 79.226848 
2146.772208 79.025137 
2148.701024 79.073607 
2150.629840 79.203682 
2152.558656 79.443430 
2154.487472 79.443575 
2156.416288 79.617775 
2158.345104 79.407403 
2160.273920 78.863494 
2162.202736 78.433430 
2164.131552 78.335166 
2166.060368 78.217123 
2167.989184 78.327949 
2169.918000 78.386334 
2171.846816 78.300798 
2173.775632 78.095828 
2175.704448 78.147659 
2177.633264 78.157027 
2179.562080 78.204510 
2181.490896 78.342246 
2183.419712 78.649432 
2185.348528 78.622893 
2187.277344 78.671525 
2189.206160 78.644161 
2191.134976 78.549568 
2193.063792 78.517649 
2194.992608 78.550612 
2196.921424 78.520602 
2198.850240 78.680707 
2200.779056 78.684841 
2202.707872 78.709695 
2204.636688 78.666731 
2206.565504 78.567543 
2208.494320 78.409411 
2210.423136 78.394027 
2212.351952 78.415491 
2214.280768 78.562352 
2216.209584 78.677632 
2218.138400 78.828897 
2220.067216 78.865190 
2221.996032 78.987578 
2223.924848 78.930502 
2225.853664 78.910435 
2227.782480 78.901112 
2229.711296 78.966944 
2231.640112 78.969774 
2233.568928 79.078192 
2235.497744 79.207885 
2237.426560 79.277295 
2239.355376 79.264528 
2241.284192 79.232448 
2243.213008 79.114233 
2245.141824 79.092184 
2247.070640 79.095102 
2248.999456 79.141646 
2250.928272 79.048575 
2252.857088 79.010979 
2254.785904 78.981211 
2256.714720 78.927905 
2258.643536 78.836838 
2260.572352 78.798517 
2262.501168 78.814100 
2264.429984 78.888172 
2266.358800 78.824051 
2268.287616 78.875961 
2270.216432 78.951836 
2272.145248 79.012431 
2274.074064 79.018824 
2276.002880 79.091934 
2277.931696 79.145698 
2279.860512 79.286156 
2281.789328 79.420462 
2283.718144 79.575124 
2285.646960 79.718482 
2287.575776 79.882078 
2289.504592 79.957395 
2291.433408 80.086733 
2293.362224 80.120944 
2295.291040 80.119471 
2297.219856 80.102719 
2299.148672 80.095808 
2301.077488 80.171756 
2303.006304 80.287568 
2304.935120 80.305564 
2306.863936 80.393477 
2308.792752 80.461092 
2310.721568 80.532736 
2312.650384 80.632978 
2314.579200 80.798297 
2316.508016 80.946192 
2318.436832 81.096190 
2320.365648 81.148964 
2322.294464 81.247890 
2324.223280 81.497154 
2326.152096 81.929741 
2328.080912 82.144740 
2330.009728 82.210809 
2331.938544 82.213381 
2333.867360 82.342631 
2335.796176 82.339598 
2337.724992 82.379849 
2339.653808 82.298705 
2341.582624 82.211998 
2343.511440 82.002640 
2345.440256 82.007425 
2347.369072 81.973274 
2349.297888 81.912924 
2351.226704 82.014872 
2353.155520 82.332585 
2355.084336 82.609994 
2357.013152 82.787729 
2358.941968 82.769977 
2360.870784 82.827041 
2362.799600 82.571274 
2364.728416 82.353190 
2366.657232 82.110786 
2368.586048 81.802568 
2370.514864 81.437866 
2372.443680 81.195397 
2374.372496 80.952480 
2376.301312 80.739820 
2378.230128 80.535333 
2380.158944 80.368936 
2382.087760 80.203801 
2384.016576 80.133438 
2385.945392 80.068718 
2387.874208 80.051110 
2389.803024 80.059069 
2391.731840 80.092067 
2393.660656 80.050114 
2395.589472 79.993482 
2397.518288 79.899037 
2399.447104 79.805125 
2401.375920 79.688886 
2403.304736 79.596409 
2405.233552 79.496501 
2407.162368 79.462105 
2409.091184 79.460400 
2411.020000 79.471485 
2412.948816 79.393076 
2414.877632 79.267884 
2416.806448 79.168239 
2418.735264 79.137448 
2420.664080 79.156920 
2422.592896 79.205761 
2424.521712 79.270183 
2426.450528 79.346716 
2428.379344 79.393803 
2430.308160 79.488457 
2432.236976 79.547449 
2434.165792 79.590543 
2436.094608 79.570887 
2438.023424 79.575578 
2439.952240 79.633391 
2441.881056 79.698332 
2443.809872 79.683410 
2445.738688 79.673450 
2447.667504 79.647035 
2449.596320 79.570278 
2451.525136 79.468540 
2453.453952 79.402594 
2455.382768 79.366830 
2457.311584 79.337325 
2459.240400 79.241607 
2461.169216 79.178462 
2463.098032 79.180336 
2465.026848 79.279889 
2466.955664 79.325702 
2468.884480 79.364903 
2470.813296 79.400874 
2472.742112 79.447151 
2474.670928 79.488220 
2476.599744 79.528223 
2478.528560 79.545646 
2480.457376 79.555531 
2482.386192 79.490815 
2484.315008 79.485489 
2486.243824 79.490044 
2488.172640 79.484552 
2490.101456 79.396227 
2492.030272 79.357989 
2493.959088 79.295694 
2495.887904 79.216388 
2497.816720 79.183014 
2499.745536 79.195455 
2501.674352 79.088355 
2503.603168 78.997115 
2505.531984 78.935224 
2507.460800 78.904818 
2509.389616 78.911574 
2511.318432 78.980261 
2513.247248 79.030249 
2515.176064 79.078975 
2517.104880 79.079956 
2519.033696 79.112639 
2520.962512 79.052645 
2522.891328 79.017665 
2524.820144 78.991934 
2526.748960 78.959433 
2528.677776 78.955193 
2530.606592 78.967995 
2532.535408 78.971573 
2534.464224 79.016304 
2536.393040 79.016899 
2538.321856 79.039856 
2540.250672 79.020238 
2542.179488 79.010653 
2544.108304 79.065516 
2546.037120 79.150432 
2547.965936 79.142920 
2549.894752 79.129886 
2551.823568 79.136176 
2553.752384 79.172616 
2555.681200 79.126329 
2557.610016 79.048905 
2559.538832 78.921463 
2561.467648 78.852118 
2563.396464 78.783590 
2565.325280 78.770078 
2567.254096 78.744302 
2569.182912 78.750028 
2571.111728 78.744395 
2573.040544 78.709473 
2574.969360 78.645670 
2576.898176 78.602471 
2578.826992 78.496765 
2580.755808 78.478823 
2582.684624 78.502491 
2584.613440 78.551611 
2586.542256 78.618182 
2588.471072 78.704996 
2590.399888 78.733410 
2592.328704 78.745706 
2594.257520 78.742038 
2596.186336 78.778932 
2598.115152 78.770113 
2600.043968 78.760136 
2601.972784 78.739021 
2603.901600 78.761633 
2605.830416 78.744139 
2607.759232 78.711715 
2609.688048 78.720898 
2611.616864 78.743690 
2613.545680 78.731855 
2615.474496 78.774924 
2617.403312 78.812371 
2619.332128 78.901342 
2621.260944 78.955950 
2623.189760 79.023254 
2625.118576 79.094961 
2627.047392 79.155250 
2628.976208 79.181626 
2630.905024 79.202599 
2632.833840 79.198581 
2634.762656 79.217105 
2636.691472 79.254439 
2638.620288 79.361600 
2640.549104 79.432586 
2642.477920 79.444529 
2644.406736 79.443983 
2646.335552 79.432795 
2648.264368 79.380075 
2650.193184 79.353125 
2652.122000 79.373197 
2654.050816 79.437381 
2655.979632 79.528296 
2657.908448 79.638213 
2659.837264 79.716630 
2661.766080 79.811417 
2663.694896 79.917544 
2665.623712 79.969228 
2667.552528 79.952688 
2669.481344 79.932181 
2671.410160 79.902454 
2673.338976 79.880729 
2675.267792 79.857924 
2677.196608 79.850206 
2679.125424 79.840530 
2681.054240 79.851779 
2682.983056 79.888611 
2684.911872 79.892811 
2686.840688 79.886228 
2688.769504 79.860328 
2690.698320 79.848292 
2692.627136 79.872037 
2694.555952 79.867958 
2696.484768 79.867882 
2698.413584 79.842915 
2700.342400 79.806092 
2702.271216 79.762244 
2704.200032 79.745790 
2706.128848 79.735918 
2708.057664 79.738010 
2709.986480 79.746097 
2711.915296 79.754405 
2713.844112 79.769894 
2715.772928 79.787910 
2717.701744 79.757264 
2719.630560 79.715723 
2721.559376 79.693065 
2723.488192 79.666404 
2725.417008 79.644009 
2727.345824 79.661193 
2729.274640 79.664798 
2731.203456 79.705561 
2733.132272 79.746989 
2735.061088 79.771008 
2736.989904 79.816250 
2738.918720 79.873078 
2740.847536 79.898772 
2742.776352 79.896947 
2744.705168 79.870235 
2746.633984 79.833285 
2748.562800 79.804333 
2750.491616 79.858090 
2752.420432 79.886220 
2754.349248 79.862232 
2756.278064 79.803809 
2758.206880 79.755858 
2760.135696 79.654584 
2762.064512 79.545269 
2763.993328 79.419113 
2765.922144 79.325589 
2767.850960 79.269009 
2769.779776 79.249564 
2771.708592 79.263177 
2773.637408 79.322654 
2775.566224 79.376149 
2777.495040 79.424245 
2779.423856 79.483351 
2781.352672 79.534925 
2783.281488 79.542334 
2785.210304 79.511456 
2787.139120 79.453428 
2789.067936 79.406502 
2790.996752 79.381148 
2792.925568 79.345415 
2794.854384 79.285926 
2796.783200 79.224435 
2798.712016 79.192708 
2800.640832 79.171684 
2802.569648 79.133159 
2804.498464 79.083693 
2806.427280 79.015338 
2808.356096 78.966771 
2810.284912 78.933363 
2812.213728 78.909726 
2814.142544 78.901329 
2816.071360 78.887068 
2818.000176 78.859209 
2819.928992 78.852276 
2821.857808 78.785292 
2823.786624 78.702005 
2825.715440 78.647977 
2827.644256 78.605841 
2829.573072 78.549675 
2831.501888 78.525801 
2833.430704 78.459471 
2835.359520 78.377697 
2837.288336 78.245983 
2839.217152 78.131899 
2841.145968 78.064267 
2843.074784 77.984133 
2845.003600 77.868367 
2846.932416 77.796660 
2848.861232 77.739866 
2850.790048 77.695963 
2852.718864 77.599628 
2854.647680 77.466986 
2856.576496 77.296554 
2858.505312 77.113451 
2860.434128 76.869107 
2862.362944 76.588485 
2864.291760 76.270522 
2866.220576 75.945324 
2868.149392 75.617442 
2870.078208 75.367554 
2872.007024 75.271601 
2873.935840 75.412246 
2875.864656 75.716841 
2877.793472 76.069278 
2879.722288 76.316437 
2881.651104 76.491570 
2883.579920 76.567448 
2885.508736 76.595539 
2887.437552 76.558465 
2889.366368 76.463788 
2891.295184 76.324968 
2893.224000 76.132856 
2895.152816 75.880916 
2897.081632 75.652317 
2899.010448 75.393274 
2900.939264 75.149046 
2902.868080 75.091518 
2904.796896 75.237334 
2906.725712 75.431568 
2908.654528 75.628006 
2910.583344 75.820451 
2912.512160 76.030212 
2914.440976 76.243715 
2916.369792 76.410147 
2918.298608 76.467823 
2920.227424 76.473215 
2922.156240 76.429721 
2924.085056 76.371631 
2926.013872 76.265880 
2927.942688 76.152864 
2929.871504 76.119355 
2931.800320 76.145431 
2933.729136 76.169782 
2935.657952 76.177504 
2937.586768 76.140579 
2939.515584 76.088454 
2941.444400 76.088222 
2943.373216 76.139977 
2945.302032 76.159260 
2947.230848 76.153538 
2949.159664 76.073113 
2951.088480 75.949247 
2953.017296 75.856836 
2954.946112 75.812666 
2956.874928 75.732784 
2958.803744 75.611521 
2960.732560 75.449544 
2962.661376 75.250551 
2964.590192 75.045946 
2966.519008 74.854184 
2968.447824 74.665060 
2970.376640 74.502115 
2972.305456 74.276433 
2974.234272 74.012127 
2976.163088 73.728504 
2978.091904 73.541867 
2980.020720 73.715449 
2981.949536 74.165635 
2983.878352 74.533945 
2985.807168 74.773570 
2987.735984 74.869443 
2989.664800 74.952285 
2991.593616 75.032162 
2993.522432 75.086889 
2995.451248 75.111830 
2997.380064 75.037172 
2999.308880 74.914038 
3001.237696 74.805492 
3003.166512 74.648192 
3005.095328 74.518503 
3007.024144 74.433480 
3008.952960 74.347683 
3010.881776 74.279984 
3012.810592 74.267282 
3014.739408 74.275102 
3016.668224 74.320109 
3018.597040 74.355749 
3020.525856 74.318056 
3022.454672 74.212150 
3024.383488 74.030761 
3026.312304 73.681709 
3028.241120 73.206253 
3030.169936 72.622836 
3032.098752 72.100417 
3034.027568 71.718960 
3035.956384 71.436762 
3037.885200 71.232470 
3039.814016 71.223238 
3041.742832 71.475746 
3043.671648 71.839169 
3045.600464 72.171545 
3047.529280 72.486023 
3049.458096 72.725766 
3051.386912 72.842222 
3053.315728 72.801726 
3055.244544 72.606634 
3057.173360 72.315663 
3059.102176 72.010060 
3061.030992 71.680587 
3062.959808 71.574209 
3064.888624 71.902118 
3066.817440 72.520646 
3068.746256 73.149332 
3070.675072 73.614186 
3072.603888 73.965427 
3074.532704 74.263474 
3076.461520 74.511226 
3078.390336 74.748075 
3080.319152 74.939110 
3082.247968 75.167419 
3084.176784 75.425488 
3086.105600 75.674302 
3088.034416 75.842961 
3089.963232 75.999340 
3091.892048 76.134734 
3093.820864 76.230162 
3095.749680 76.298578 
3097.678496 76.361110 
3099.607312 76.352930 
3101.536128 76.428312 
3103.464944 76.499724 
3105.393760 76.517708 
3107.322576 76.545234 
3109.251392 76.635336 
3111.180208 76.730520 
3113.109024 76.736328 
3115.037840 76.668749 
3116.966656 76.650703 
3118.895472 76.626959 
3120.824288 76.590974 
3122.753104 76.564705 
3124.681920 76.543936 
3126.610736 76.481357 
3128.539552 76.443716 
3130.468368 76.431892 
3132.397184 76.419714 
3134.326000 76.398722 
3136.254816 76.353393 
3138.183632 76.239978 
3140.112448 76.156643 
3142.041264 76.055103 
3143.970080 75.991696 
3145.898896 75.929136 
3147.827712 75.851661 
3149.756528 75.700876 
3151.685344 75.625853 
3153.614160 75.599055 
3155.542976 75.569144 
3157.471792 75.511960 
3159.400608 75.504842 
3161.329424 75.502235 
3163.258240 75.517470 
3165.187056 75.516783 
3167.115872 75.577604 
3169.044688 75.679864 
3170.973504 75.742228 
3172.902320 75.724033 
3174.831136 75.707187 
3176.759952 75.639060 
3178.688768 75.571570 
3180.617584 75.492715 
3182.546400 75.438871 
3184.475216 75.364272 
3186.404032 75.356999 
3188.332848 75.425695 
3190.261664 75.495833 
3192.190480 75.481958 
3194.119296 75.460575 
3196.048112 75.461392 
3197.976928 75.481075 
3199.905744 75.513896 
3201.834560 75.514953 
3203.763376 75.493866 
3205.692192 75.512794 
3207.621008 75.542446 
3209.549824 75.616732 
3211.478640 75.640914 
3213.407456 75.606913 
3215.336272 75.633308 
3217.265088 75.671110 
3219.193904 75.632768 
3221.122720 75.657312 
3223.051536 75.683462 
3224.980352 75.716811 
3226.909168 75.721106 
3228.837984 75.722455 
3230.766800 75.765219 
3232.695616 75.868954 
3234.624432 75.900333 
3236.553248 75.923392 
3238.482064 75.923633 
3240.410880 75.917537 
3242.339696 75.894170 
3244.268512 75.918878 
3246.197328 75.947360 
3248.126144 76.008220 
3250.054960 76.092773 
3251.983776 76.166288 
3253.912592 76.149018 
3255.841408 76.138938 
3257.770224 76.135507 
3259.699040 76.113012 
3261.627856 76.118917 
3263.556672 76.078996 
3265.485488 76.023003 
3267.414304 76.056175 
3269.343120 76.057624 
3271.271936 76.027129 
3273.200752 75.987160 
3275.129568 75.989489 
3277.058384 75.942883 
3278.987200 75.907622 
3280.916016 75.837961 
3282.844832 75.782119 
3284.773648 75.756504 
3286.702464 75.717687 
3288.631280 75.655772 
3290.560096 75.609885 
3292.488912 75.556365 
3294.417728 75.588351 
3296.346544 75.581342 
3298.275360 75.567346 
3300.204176 75.561145 
3302.132992 75.476641 
3304.061808 75.393668 
3305.990624 75.379594 
3307.919440 75.334829 
3309.848256 75.248969 
3311.777072 75.195866 
3313.705888 75.168043 
3315.634704 75.077461 
3317.563520 74.956329 
3319.492336 74.756370 
3321.421152 74.530218 
3323.349968 74.289367 
3325.278784 74.130849 
3327.207600 73.927779 
3329.136416 73.713990 
3331.065232 73.471182 
3332.994048 73.139410 
3334.922864 72.673496 
3336.851680 72.205638 
3338.780496 71.715163 
3340.709312 71.157176 
3342.638128 70.502176 
3344.566944 69.786553 
3346.495760 69.121876 
3348.424576 68.637713 
3350.353392 68.600898 
3352.282208 69.425090 
3354.211024 70.988204 
3356.139840 72.737916 
3358.068656 74.055829 
3359.997472 74.690124 
3361.926288 74.671751 
3363.855104 74.257084 
3365.783920 73.719208 
3367.712736 73.569988 
3369.641552 74.084855 
3371.570368 75.008623 
3373.499184 75.786264 
3375.428000 76.245890 
3377.356816 76.554591 
3379.285632 76.788626 
3381.214448 76.885419 
3383.143264 76.928773 
3385.072080 76.952798 
3387.000896 76.958352 
3388.929712 76.874779 
3390.858528 76.735379 
3392.787344 76.697502 
3394.716160 76.779827 
3396.644976 76.961867 
3398.573792 77.378336 
3400.502608 77.736846 
3402.431424 77.988459 
3404.360240 78.180545 
3406.289056 78.306278 
3408.217872 78.396539 
3410.146688 78.515260 
3412.075504 78.587975 
3414.004320 78.595852 
3415.933136 78.543406 
3417.861952 78.435169 
3419.790768 78.281771 
3421.719584 78.225868 
3423.648400 78.207384 
3425.577216 78.124309 
3427.506032 77.975972 
3429.434848 77.799212 
3431.363664 77.631513 
3433.292480 77.496620 
3435.221296 77.306776 
3437.150112 77.024573 
3439.078928 76.687005 
3441.007744 76.100719 
3442.936560 75.324435 
3444.865376 74.431827 
3446.794192 73.293541 
3448.723008 72.368565 
3450.651824 72.004240 
3452.580640 72.789626 
3454.509456 74.477722 
3456.438272 76.112004 
3458.367088 77.214307 
3460.295904 77.845431 
3462.224720 78.153899 
3464.153536 78.371087 
3466.082352 78.457991 
3468.011168 78.586555 
3469.939984 78.704870 
3471.868800 78.734622 
3473.797616 78.741020 
3475.726432 78.850367 
3477.655248 78.960469 
3479.584064 78.962865 
3481.512880 78.958141 
3483.441696 79.160801 
3485.370512 79.469491 
3487.299328 79.664438 
3489.228144 79.794040 
3491.156960 80.015812 
3493.085776 80.202953 
3495.014592 80.315740 
3496.943408 80.404873 
3498.872224 80.455890 
3500.801040 80.318339 
3502.729856 80.263481 
3504.658672 80.525716 
3506.587488 80.749769 
3508.516304 80.627706 
3510.445120 80.653578 
3512.373936 80.867382 
3514.302752 81.029417 
3516.231568 81.069829 
3518.160384 81.031337 
3520.089200 80.891975 
3522.018016 80.579438 
3523.946832 80.375876 
3525.875648 80.412498 
3527.804464 80.508207 
3529.733280 80.704392 
3531.662096 80.852883 
3533.590912 80.949373 
3535.519728 80.971883 
3537.448544 81.119469 
3539.377360 81.206123 
3541.306176 81.041997 
3543.234992 80.688389 
3545.163808 80.371804 
3547.092624 80.515206 
3549.021440 80.840583 
3550.950256 80.797855 
3552.879072 80.783653 
3554.807888 81.073746 
3556.736704 81.305457 
3558.665520 81.342208 
3560.594336 81.180478 
3562.523152 80.853667 
3564.451968 80.104948 
3566.380784 79.312460 
3568.309600 80.073258 
3570.238416 80.878496 
3572.167232 81.115842 
3574.096048 81.060834 
3576.024864 81.063940 
3577.953680 81.173309 
3579.882496 81.220719 
3581.811312 81.150688 
3583.740128 80.889899 
3585.668944 80.271546 
3587.597760 80.028388 
3589.526576 80.803984 
3591.455392 81.042586 
3593.384208 80.688396 
3595.313024 80.415779 
3597.241840 80.629887 
3599.170656 80.870580 
3601.099472 80.953131 
3603.028288 81.060185 
3604.957104 80.937119 
3606.885920 80.508034 
3608.814736 80.482248 
3610.743552 80.572011 
3612.672368 80.207871 
3614.601184 80.078095 
3616.530000 79.967205 
3618.458816 79.884992 
3620.387632 80.579280 
3622.316448 80.878789 
3624.245264 80.703135 
3626.174080 80.042461 
3628.102896 78.762309 
3630.031712 79.380969 
3631.960528 80.113873 
3633.889344 80.260297 
3635.818160 80.441932 
3637.746976 80.653196 
3639.675792 80.855819 
3641.604608 80.759277 
3643.533424 80.419670 
3645.462240 79.671318 
3647.391056 78.367840 
3649.319872 77.844026 
3651.248688 79.251628 
3653.177504 80.057947 
3655.106320 79.779211 
3657.035136 80.008390 
3658.963952 80.637668 
3660.892768 81.004709 
3662.821584 81.145325 
3664.750400 81.080568 
3666.679216 80.883422 
3668.608032 80.156288 
3670.536848 80.006043 
3672.465664 80.281955 
3674.394480 79.132192 
3676.323296 79.229654 
3678.252112 80.281931 
3680.180928 80.963601 
3682.109744 81.294522 
3684.038560 81.122742 
3685.967376 80.584350 
3687.896192 79.647491 
3689.825008 79.444974 
3691.753824 80.454469 
3693.682640 81.043336 
3695.611456 81.049295 
3697.540272 81.052560 
3699.469088 80.897344 
3701.397904 80.826124 
3703.326720 81.147963 
3705.255536 81.074529 
3707.184352 80.662762 
3709.113168 79.898520 
3711.041984 79.363388 
3712.970800 80.294821 
3714.899616 80.851007 
3716.828432 80.848423 
3718.757248 80.630371 
3720.686064 80.332378 
3722.614880 80.237566 
3724.543696 80.227008 
3726.472512 80.439429 
3728.401328 80.802635 
3730.330144 80.523118 
3732.258960 79.698805 
3734.187776 78.890432 
3736.116592 79.358017 
3738.045408 80.172442 
3739.974224 80.377491 
3741.903040 80.149412 
3743.831856 79.392108 
3745.760672 79.523365 
3747.689488 79.408197 
3749.618304 78.651194 
3751.547120 78.810771 
3753.475936 79.752952 
3755.404752 80.040342 
3757.333568 79.908197 
3759.262384 79.895335 
3761.191200 80.322601 
3763.120016 80.270232 
3765.048832 79.922174 
3766.977648 79.981291 
3768.906464 79.928878 
3770.835280 80.301731 
3772.764096 80.605917 
3774.692912 80.646566 
3776.621728 80.540051 
3778.550544 80.163814 
3780.479360 80.296641 
3782.408176 80.415198 
3784.336992 80.251488 
3786.265808 80.460012 
3788.194624 80.701142 
3790.123440 80.773180 
3792.052256 80.814553 
3793.981072 80.580203 
3795.909888 80.138989 
3797.838704 80.022275 
3799.767520 79.491071 
3801.696336 79.141406 
3803.625152 79.856129 
3805.553968 79.823556 
3807.482784 80.106964 
3809.411600 80.564759 
3811.340416 80.717831 
3813.269232 80.489176 
3815.198048 79.812531 
3817.126864 79.841102 
3819.055680 79.520975 
3820.984496 79.124011 
3822.913312 80.144143 
3824.842128 80.302542 
3826.770944 80.291557 
3828.699760 80.400015 
3830.628576 80.272974 
3832.557392 80.112856 
3834.486208 79.881467 
3836.415024 79.327223 
3838.343840 78.892258 
3840.272656 79.300350 
3842.201472 79.864493 
3844.130288 80.248880 
3846.059104 80.435083 
3847.987920 80.266442 
3849.916736 79.754073 
3851.845552 78.482476 
3853.774368 78.474460 
3855.703184 79.712475 
3857.632000 79.985453 
3859.560816 80.101291 
3861.489632 79.829325 
3863.418448 79.426737 
3865.347264 79.634302 
3867.276080 79.656335 
3869.204896 79.055008 
3871.133712 79.487235 
3873.062528 79.738875 
3874.991344 80.238215 
3876.920160 80.490680 
3878.848976 79.895467 
3880.777792 79.598839 
3882.706608 79.813613 
3884.635424 79.532677 
3886.564240 79.930276 
3888.493056 80.206046 
3890.421872 79.771291 
3892.350688 79.885129 
3894.279504 80.259830 
3896.208320 80.188880 
3898.137136 79.629152 
3900.065952 79.168558 
3901.994768 78.981193 
3903.923584 79.018730 
3905.852400 79.726723 
3907.781216 80.222791 
3909.710032 80.332480 
3911.638848 80.337881 
3913.567664 80.263870 
3915.496480 79.939876 
3917.425296 79.815485 
3919.354112 80.007452 
3921.282928 80.131903 
3923.211744 79.977705 
3925.140560 79.972721 
3927.069376 80.203410 
3928.998192 79.985112 
3930.927008 79.683884 
3932.855824 79.827698 
3934.784640 80.237042 
3936.713456 80.373348 
3938.642272 80.370875 
3940.571088 80.183339 
3942.499904 79.962576 
3944.428720 80.137366 
3946.357536 80.127817 
3948.286352 79.920965 
3950.215168 80.083650 
3952.143984 80.280032 
3954.072800 80.359898 
3956.001616 80.329505 
3957.930432 80.342859 
3959.859248 80.356509 
3961.788064 80.338445 
3963.716880 80.445849 
3965.645696 80.548462 
3967.574512 80.534365 
3969.503328 80.480659 
3971.432144 80.443561 
3973.360960 80.388114 
3975.289776 80.402718 
3977.218592 80.539229 
3979.147408 80.596367 
3981.076224 80.596905 
3983.005040 80.645350 
3984.933856 80.665913 
3986.862672 80.626245 
3988.791488 80.600198 
3990.720304 80.567806 
3992.649120 80.600104 
3994.577936 80.599972 
3996.506752 80.569402 
3998.435568 80.580423 
4000.364384 80.599728 