##YUNITS=%T
399.264912 105.748446 
401.193728 141.120274 
403.122544 149.321397 
405.051360 114.273733 
406.980176 54.245566 
408.908992 50.946380 
410.837808 69.405660 
412.766624 106.559590 
414.695440 116.903311 
416.624256 75.584078 
418.553072 64.169169 
420.481888 73.927049 
422.410704 105.021611 
424.339520 162.159249 
426.268336 171.015085 
428.197152 108.043949 
430.125968 111.905700 
432.054784 111.632242 
433.983600 110.998997 
435.912416 99.385862 
437.841232 99.154023 
439.770048 125.959763 
441.698864 98.067286 
443.627680 133.516223 
445.556496 169.683006 
447.485312 84.881834 
449.414128 82.966865 
451.342944 153.913173 
453.271760 165.010183 
455.200576 120.789382 
457.129392 95.216486 
459.058208 71.858960 
460.987024 79.612756 
462.915840 100.520036 
464.844656 88.999117 
466.773472 79.797447 
468.702288 116.389999 
470.631104 101.975146 
472.559920 86.528113 
474.488736 88.835048 
476.417552 84.347305 
478.346368 87.673862 
480.275184 80.493864 
482.204000 80.807143 
484.132816 80.308581 
486.061632 79.686861 
487.990448 109.955561 
489.919264 108.137628 
491.848080 116.363040 
493.776896 140.198185 
495.705712 98.295213 
497.634528 103.662173 
499.563344 135.574606 
501.492160 97.747255 
503.420976 101.136541 
505.349792 150.310436 
507.278608 154.118965 
509.207424 115.288094 
511.136240 96.280684 
513.065056 64.986033 
514.993872 53.922864 
516.922688 85.429917 
518.851504 96.686940 
520.780320 78.290782 
522.709136 79.001829 
524.637952 85.026394 
526.566768 88.975684 
528.495584 77.428918 
530.424400 51.552345 
532.353216 75.732363 
534.282032 98.688099 
536.210848 84.019118 
538.139664 68.684455 
540.068480 67.143265 
541.997296 87.287232 
543.926112 93.502243 
545.854928 78.118510 
547.783744 63.340725 
549.712560 63.946764 
551.641376 65.773218 
553.570192 82.323192 
555.499008 96.313993 
557.427824 95.046175 
559.356640 89.542164 
561.285456 80.735551 
563.214272 65.388137 
565.143088 57.812323 
567.071904 66.352167 
569.000720 81.897891 
570.929536 89.141333 
572.858352 82.663317 
574.787168 74.645985 
576.715984 73.510586 
578.644800 74.175883 
580.573616 73.464450 
582.502432 76.298891 
584.431248 75.231083 
586.360064 71.383545 
588.288880 71.070160 
590.217696 70.685473 
592.146512 67.734421 
594.075328 67.693925 
596.004144 68.361313 
597.932960 65.439128 
599.861776 61.965407 
601.790592 64.230657 
603.719408 65.801843 
605.648224 65.559147 
607.577040 67.455138 
609.505856 67.583052 
611.434672 67.729585 
613.363488 69.857659 
615.292304 66.023592 
617.221120 62.385562 
619.149936 61.122823 
621.078752 61.374344 
623.007568 60.925614 
624.936384 61.815455 
626.865200 60.803792 
628.794016 59.703176 
630.722832 62.082299 
632.651648 62.619700 
634.580464 60.111192 
636.509280 56.341767 
638.438096 52.682203 
640.366912 52.954347 
642.295728 55.553641 
644.224544 54.767332 
646.153360 53.709717 
648.082176 56.436798 
650.010992 60.310067 
651.939808 62.320773 
653.868624 62.385247 
655.797440 61.621423 
657.726256 60.722061 
659.655072 60.157580 
661.583888 59.931104 
663.512704 59.750581 
665.441520 58.535616 
667.370336 57.993378 
669.299152 58.730292 
671.227968 58.269332 
673.156784 58.137482 
675.085600 58.244015 
677.014416 58.075400 
678.943232 57.475577 
680.872048 56.440045 
682.800864 55.031402 
684.729680 53.343096 
686.658496 51.124436 
688.587312 48.266172 
690.516128 46.387821 
692.444944 45.580378 
694.373760 45.350228 
696.302576 46.072751 
698.231392 47.593227 
700.160208 48.496730 
702.089024 48.966842 
704.017840 49.724134 
705.946656 53.367315 
707.875472 58.715927 
709.804288 60.941651 
711.733104 60.465214 
713.661920 59.485579 
715.590736 58.420421 
717.519552 57.289421 
719.448368 56.316551 
721.377184 55.275258 
723.306000 54.205376 
725.234816 53.087899 
727.163632 51.818775 
729.092448 50.050371 
731.021264 48.095891 
732.950080 45.700023 
734.878896 42.646529 
736.807712 39.435446 
738.736528 35.939777 
740.665344 32.101623 
742.594160 28.510112 
744.522976 27.094771 
746.451792 27.979468 
748.380608 28.825108 
750.309424 28.249004 
752.238240 26.707629 
754.167056 26.840376 
756.095872 28.068100 
758.024688 28.107659 
759.953504 28.168698 
761.882320 29.897129 
763.811136 33.030120 
765.739952 36.948727 
767.668768 41.545355 
769.597584 45.518515 
771.526400 47.848685 
773.455216 48.805266 
775.384032 49.110559 
777.312848 48.776482 
779.241664 47.847578 
781.170480 45.683108 
783.099296 41.828193 
785.028112 37.736376 
786.956928 35.930687 
788.885744 36.874092 
790.814560 39.714800 
792.743376 43.981804 
794.672192 48.501468 
796.601008 52.672620 
798.529824 57.120890 
800.458640 59.703746 
802.387456 59.626125 
804.316272 58.566648 
806.245088 57.401697 
808.173904 55.893124 
810.102720 54.250182 
812.031536 51.601956 
813.960352 47.331371 
815.889168 42.633107 
817.817984 39.120287 
819.746800 38.569847 
821.675616 41.064152 
823.604432 45.932321 
825.533248 52.931499 
827.462064 61.507641 
829.390880 68.333609 
831.319696 71.193788 
833.248512 71.792289 
835.177328 71.386508 
837.106144 70.420151 
839.034960 68.955466 
840.963776 66.980463 
842.892592 64.589425 
844.821408 61.925084 
846.750224 59.567873 
848.679040 58.872540 
850.607856 60.444099 
852.536672 63.694074 
854.465488 66.926138 
856.394304 68.888483 
858.323120 69.617359 
860.251936 69.331611 
862.180752 67.819539 
864.109568 65.188706 
866.038384 63.324391 
867.967200 64.421074 
869.896016 66.710771 
871.824832 67.518189 
873.753648 67.199320 
875.682464 67.361785 
877.611280 68.474521 
879.540096 69.314637 
881.468912 68.861747 
883.397728 67.194917 
885.326544 65.172852 
887.255360 63.405986 
889.184176 62.172577 
891.112992 62.523798 
893.041808 64.392872 
894.970624 65.603771 
896.899440 65.262066 
898.828256 64.138124 
900.757072 62.614725 
902.685888 61.114459 
904.614704 60.587082 
906.543520 61.285369 
908.472336 62.551160 
910.401152 63.514797 
912.329968 63.785317 
914.258784 63.548095 
916.187600 63.049973 
918.116416 62.242024 
920.045232 61.156979 
921.974048 59.924378 
923.902864 58.708114 
925.831680 57.560417 
927.760496 56.741585 
929.689312 56.097201 
931.618128 55.228324 
933.546944 53.884015 
935.475760 51.882740 
937.404576 49.561595 
939.333392 48.244357 
941.262208 48.342648 
943.191024 49.754063 
945.119840 52.378801 
947.048656 54.194410 
948.977472 54.119881 
950.906288 53.507469 
952.835104 53.181848 
954.763920 52.687171 
956.692736 52.688317 
958.621552 54.201402 
960.550368 55.799213 
962.479184 56.452342 
964.408000 57.188954 
966.336816 58.966325 
968.265632 61.676485 
970.194448 63.954342 
972.123264 64.611048 
974.052080 63.929518 
975.980896 62.993578 
977.909712 62.458484 
979.838528 62.035463 
981.767344 61.520382 
983.696160 61.611227 
985.624976 62.306683 
987.553792 62.719720 
989.482608 62.829784 
991.411424 62.470719 
993.340240 61.401410 
995.269056 59.555463 
997.197872 57.221348 
999.126688 54.449652 
1001.055504 51.069347 
1002.984320 47.018801 
1004.913136 43.270253 
1006.841952 40.870077 
1008.770768 39.865618 
1010.699584 40.025895 
1012.628400 42.188483 
1014.557216 47.105850 
1016.486032 53.408639 
1018.414848 57.961804 
1020.343664 59.560285 
1022.272480 59.078045 
1024.201296 58.306230 
1026.130112 57.736506 
1028.058928 57.248157 
1029.987744 57.426767 
1031.916560 57.945410 
1033.845376 58.013379 
1035.774192 57.692588 
1037.703008 57.261522 
1039.631824 57.402598 
1041.560640 58.262155 
1043.489456 58.895897 
1045.418272 58.359349 
1047.347088 56.808586 
1049.275904 54.446368 
1051.204720 52.316893 
1053.133536 51.841351 
1055.062352 52.699549 
1056.991168 54.143136 
1058.919984 56.050622 
1060.848800 57.844553 
1062.777616 58.720101 
1064.706432 58.645617 
1066.635248 58.054803 
1068.564064 57.145505 
1070.492880 56.327753 
1072.421696 56.060038 
1074.350512 56.666453 
1076.279328 57.336497 
1078.208144 57.088940 
1080.136960 55.440509 
1082.065776 52.698389 
1083.994592 50.495876 
1085.923408 50.529655 
1087.852224 52.540866 
1089.781040 55.105383 
1091.709856 56.401992 
1093.638672 55.524597 
1095.567488 53.196924 
1097.496304 50.516796 
1099.425120 47.327002 
1101.353936 45.077835 
1103.282752 46.182440 
1105.211568 49.106452 
1107.140384 51.244395 
1109.069200 52.004453 
1110.998016 51.531275 
1112.926832 50.823749 
1114.855648 51.700573 
1116.784464 54.380299 
1118.713280 56.924082 
1120.642096 58.228518 
1122.570912 58.894454 
1124.499728 59.874846 
1126.428544 61.417134 
1128.357360 63.287886 
1130.286176 64.736629 
1132.214992 65.493569 
1134.143808 65.737633 
1136.072624 65.876541 
1138.001440 65.740877 
1139.930256 65.284214 
1141.859072 63.603270 
1143.787888 60.201701 
1145.716704 56.059831 
1147.645520 54.393157 
1149.574336 56.532784 
1151.503152 60.206584 
1153.431968 63.749334 
1155.360784 66.756318 
1157.289600 68.400416 
1159.218416 68.856701 
1161.147232 68.734442 
1163.076048 68.388784 
1165.004864 67.643369 
1166.933680 66.704265 
1168.862496 65.803437 
1170.791312 64.910362 
1172.720128 63.410711 
1174.648944 61.770629 
1176.577760 60.495372 
1178.506576 59.895666 
1180.435392 59.881093 
1182.364208 59.946271 
1184.293024 59.567275 
1186.221840 59.079176 
1188.150656 58.410499 
1190.079472 56.975449 
1192.008288 54.901288 
1193.937104 53.011739 
1195.865920 51.889323 
1197.794736 51.624135 
1199.723552 51.776779 
1201.652368 51.147763 
1203.581184 49.229840 
1205.510000 47.174552 
1207.438816 46.094055 
1209.367632 46.479901 
1211.296448 48.352121 
1213.225264 50.251722 
1215.154080 50.513156 
1217.082896 49.328457 
1219.011712 47.727220 
1220.940528 46.421965 
1222.869344 45.187206 
1224.798160 44.350550 
1226.726976 44.963116 
1228.655792 47.208597 
1230.584608 50.094198 
1232.513424 52.751173 
1234.442240 54.910413 
1236.371056 56.694559 
1238.299872 58.315504 
1240.228688 59.747673 
1242.157504 60.574254 
1244.086320 60.767614 
1246.015136 60.501213 
1247.943952 59.825992 
1249.872768 58.626656 
1251.801584 56.810052 
1253.730400 54.155800 
1255.659216 50.744696 
1257.588032 47.243125 
1259.516848 45.052387 
1261.445664 44.956434 
1263.374480 45.863909 
1265.303296 45.777109 
1267.232112 43.917280 
1269.160928 40.810231 
1271.089744 37.637718 
1273.018560 35.256177 
1274.947376 33.005042 
1276.876192 30.441140 
1278.805008 28.528274 
1280.733824 28.051335 
1282.662640 29.452845 
1284.591456 32.330042 
1286.520272 35.834709 
1288.449088 39.291310 
1290.377904 42.592804 
1292.306720 45.857722 
1294.235536 48.974967 
1296.164352 51.834923 
1298.093168 54.272744 
1300.021984 55.891875 
1301.950800 57.109142 
1303.879616 57.997422 
1305.808432 58.128861 
1307.737248 57.636257 
1309.666064 57.208427 
1311.594880 57.331143 
1313.523696 57.754370 
1315.452512 57.955354 
1317.381328 58.292354 
1319.310144 59.341379 
1321.238960 60.139540 
1323.167776 59.630677 
1325.096592 58.101915 
1327.025408 56.405291 
1328.954224 54.717890 
1330.883040 52.493522 
1332.811856 50.453493 
1334.740672 50.249057 
1336.669488 52.590307 
1338.598304 56.929663 
1340.527120 61.258851 
1342.455936 63.003130 
1344.384752 62.657108 
1346.313568 61.117510 
1348.242384 59.166781 
1350.171200 57.294024 
1352.100016 55.263152 
1354.028832 52.972344 
1355.957648 50.980924 
1357.886464 49.570961 
1359.815280 48.024304 
1361.744096 45.663089 
1363.672912 43.026715 
1365.601728 41.699038 
1367.530544 40.679196 
1369.459360 39.528526 
1371.388176 38.973656 
1373.316992 38.761517 
1375.245808 38.866538 
1377.174624 41.403465 
1379.103440 47.106092 
1381.032256 53.581423 
1382.961072 57.920242 
1384.889888 59.554957 
1386.818704 59.236771 
1388.747520 57.699793 
1390.676336 55.823771 
1392.605152 53.304651 
1394.533968 49.640238 
1396.462784 46.519581 
1398.391600 45.812086 
1400.320416 46.514156 
1402.249232 48.640857 
1404.178048 51.991375 
1406.106864 56.335254 
1408.035680 59.374739 
1409.964496 60.939466 
1411.893312 61.177045 
1413.822128 60.711934 
1415.750944 59.672023 
1417.679760 58.285202 
1419.608576 56.701454 
1421.537392 55.926960 
1423.466208 54.784711 
1425.395024 53.751646 
1427.323840 53.906551 
1429.252656 54.534933 
1431.181472 54.518453 
1433.110288 53.466922 
1435.039104 51.748688 
1436.967920 48.852007 
1438.896736 47.037181 
1440.825552 46.103095 
1442.754368 45.306567 
1444.683184 45.408265 
1446.612000 46.559965 
1448.540816 48.565334 
1450.469632 49.524343 
1452.398448 48.677476 
1454.327264 46.462241 
1456.256080 41.571951 
1458.184896 32.458238 
1460.113712 28.206411 
1462.042528 27.905690 
1463.971344 31.824477 
1465.900160 41.481760 
1467.828976 48.875254 
1469.757792 52.638979 
1471.686608 52.023519 
1473.615424 48.865386 
1475.544240 49.609792 
1477.473056 53.265278 
1479.401872 55.837295 
1481.330688 55.847894 
1483.259504 54.943141 
1485.188320 55.505945 
1487.117136 58.481187 
1489.045952 62.213352 
1490.974768 64.238890 
1492.903584 64.351091 
1494.832400 62.911911 
1496.761216 59.565848 
1498.690032 55.405758 
1500.618848 50.924708 
1502.547664 46.742413 
1504.476480 43.606236 
1506.405296 42.226581 
1508.334112 44.155026 
1510.262928 46.843271 
1512.191744 49.821727 
1514.120560 53.164796 
1516.049376 56.795789 
1517.978192 61.903920 
1519.907008 64.231338 
1521.835824 66.100602 
1523.764640 66.767770 
1525.693456 66.471051 
1527.622272 65.144482 
1529.551088 63.910994 
1531.479904 62.165208 
1533.408720 58.982748 
1535.337536 56.954267 
1537.266352 56.638328 
1539.195168 55.111178 
1541.123984 53.059488 
1543.052800 51.964627 
1544.981616 49.908387 
1546.910432 47.978446 
1548.839248 45.798699 
1550.768064 42.797366 
1552.696880 41.114975 
1554.625696 39.396096 
1556.554512 38.521511 
1558.483328 39.052390 
1560.412144 40.234281 
1562.340960 42.177190 
1564.269776 44.479780 
1566.198592 46.808064 
1568.127408 48.046850 
1570.056224 47.823834 
1571.985040 46.277704 
1573.913856 44.025807 
1575.842672 40.873278 
1577.771488 39.387745 
1579.700304 39.818105 
1581.629120 39.656315 
1583.557936 39.300724 
1585.486752 39.981405 
1587.415568 42.117533 
1589.344384 44.873054 
1591.273200 47.404843 
1593.202016 49.273488 
1595.130832 49.970207 
1597.059648 48.741500 
1598.988464 45.657230 
1600.917280 42.426459 
1602.846096 41.194302 
1604.774912 42.509935 
1606.703728 44.716954 
1608.632544 46.577667 
1610.561360 47.737379 
1612.490176 48.710374 
1614.418992 49.953155 
1616.347808 52.565294 
1618.276624 55.761460 
1620.205440 57.504908 
1622.134256 58.699313 
1624.063072 59.647263 
1625.991888 59.678250 
1627.920704 57.635003 
1629.849520 54.409003 
1631.778336 50.929688 
1633.707152 47.192292 
1635.635968 40.659041 
1637.564784 36.264245 
1639.493600 35.702083 
1641.422416 36.727354 
1643.351232 38.962149 
1645.280048 41.880051 
1647.208864 47.005165 
1649.137680 51.236166 
1651.066496 53.602710 
1652.995312 59.094292 
1654.924128 66.804100 
1656.852944 71.008876 
1658.781760 75.514516 
1660.710576 78.829770 
1662.639392 81.596559 
1664.568208 83.735177 
1666.497024 84.722519 
1668.425840 84.875295 
1670.354656 85.560242 
1672.283472 86.212684 
1674.212288 86.477842 
1676.141104 86.528253 
1678.069920 86.525703 
1679.998736 85.740619 
1681.927552 85.025346 
1683.856368 83.850880 
1685.785184 84.166843 
1687.714000 83.974151 
1689.642816 83.251757 
1691.571632 82.777114 
1693.500448 82.677910 
1695.429264 82.677791 
1697.358080 83.568458 
1699.286896 83.981445 
1701.215712 84.834501 
1703.144528 85.056709 
1705.073344 84.956812 
1707.002160 85.218070 
1708.930976 85.622010 
1710.859792 85.596632 
1712.788608 85.432700 
1714.717424 84.823781 
1716.646240 84.674315 
1718.575056 85.840549 
1720.503872 86.853229 
1722.432688 87.037685 
1724.361504 87.280211 
1726.290320 87.435374 
1728.219136 87.289874 
1730.147952 86.820573 
1732.076768 86.426133 
1734.005584 86.247948 
1735.934400 87.009642 
1737.863216 86.961452 
1739.792032 86.844272 
1741.720848 86.770824 
1743.649664 86.604367 
1745.578480 86.405781 
1747.507296 86.027382 
1749.436112 85.855205 
1751.364928 86.361504 
1753.293744 86.743044 
1755.222560 86.661521 
1757.151376 86.386444 
1759.080192 86.339571 
1761.009008 86.055310 
1762.937824 86.178602 
1764.866640 86.291369 
1766.795456 86.071292 
1768.724272 85.732244 
1770.653088 85.311569 
1772.581904 85.137033 
1774.510720 85.689991 
1776.439536 85.897760 
1778.368352 85.894359 
1780.297168 85.713139 
1782.225984 85.852807 
1784.154800 85.868103 
1786.083616 86.108270 
1788.012432 86.126681 
1789.941248 85.681556 
1791.870064 85.266023 
1793.798880 85.672384 
1795.727696 85.792771 
1797.656512 85.851583 
1799.585328 85.664511 
1801.514144 85.610683 
1803.442960 85.806213 
1805.371776 85.903032 
1807.300592 85.721115 
1809.229408 85.492581 
1811.158224 85.332224 
1813.087040 85.578252 
1815.015856 85.629468 
1816.944672 85.461972 
1818.873488 85.256073 
1820.802304 85.060817 
1822.731120 84.631604 
1824.659936 84.303605 
1826.588752 84.225300 
1828.517568 84.002477 
1830.446384 84.113998 
1832.375200 84.592209 
1834.304016 84.624331 
1836.232832 84.515454 
1838.161648 84.425332 
1840.090464 84.405706 
1842.019280 83.984359 
1843.948096 83.711166 
1845.876912 83.966611 
1847.805728 84.261149 
1849.734544 84.502500 
1851.663360 84.736271 
1853.592176 84.805547 
1855.520992 84.875903 
1857.449808 84.879419 
1859.378624 84.936032 
1861.307440 84.953511 
1863.236256 85.017332 
1865.165072 84.688003 
1867.093888 84.121819 
1869.022704 83.878460 
1870.951520 84.217006 
1872.880336 84.243114 
1874.809152 84.081116 
1876.737968 83.721022 
1878.666784 83.391293 
1880.595600 83.108824 
1882.524416 83.125778 
1884.453232 83.350148 
1886.382048 83.591115 
1888.310864 83.483687 
1890.239680 83.614357 
1892.168496 83.692993 
1894.097312 83.576810 
1896.026128 83.525986 
1897.954944 83.608725 
1899.883760 83.461318 
1901.812576 83.344606 
1903.741392 83.144559 
1905.670208 82.981155 
1907.599024 82.668876 
1909.527840 82.634161 
1911.456656 82.760954 
1913.385472 82.729039 
1915.314288 82.392501 
1917.243104 82.050951 
1919.171920 81.853028 
1921.100736 81.561446 
1923.029552 81.190624 
1924.958368 81.364102 
1926.887184 81.487170 
1928.816000 81.818494 
1930.744816 82.042979 
1932.673632 82.240395 
1934.602448 82.327473 
1936.531264 82.458032 
1938.460080 82.361017 
1940.388896 82.203358 
1942.317712 82.016907 
1944.246528 82.142814 
1946.175344 82.006105 
1948.104160 81.906378 
1950.032976 81.847346 
1951.961792 81.907666 
1953.890608 81.899323 
1955.819424 82.064162 
1957.748240 82.012832 
1959.677056 81.862548 
1961.605872 81.500424 
1963.534688 81.341343 
1965.463504 81.121120 
1967.392320 81.520408 
1969.321136 81.993569 
1971.249952 82.338840 
1973.178768 82.381049 
1975.107584 82.379460 
1977.036400 82.328716 
1978.965216 82.460660 
1980.894032 82.483343 
1982.822848 82.531132 
1984.751664 82.224544 
1986.680480 82.156262 
1988.609296 82.164553 
1990.538112 82.176399 
1992.466928 82.150772 
1994.395744 82.335607 
1996.324560 82.224462 
1998.253376 82.209944 
2000.182192 82.278981 
2002.111008 82.452051 
2004.039824 82.391609 
2005.968640 82.413323 
2007.897456 82.291095 
2009.826272 82.302984 
2011.755088 82.102032 
2013.683904 82.037377 
2015.612720 81.967583 
2017.541536 82.116856 
2019.470352 82.238883 
2021.399168 82.478770 
2023.327984 82.329814 
2025.256800 82.367218 
2027.185616 82.375571 
2029.114432 82.506055 
2031.043248 82.441919 
2032.972064 82.279786 
2034.900880 81.887566 
2036.829696 81.900084 
2038.758512 81.864124 
2040.687328 82.005331 
2042.616144 82.129455 
2044.544960 82.164890 
2046.473776 82.089990 
2048.402592 81.972771 
2050.331408 81.848164 
2052.260224 82.144707 
2054.189040 82.264284 
2056.117856 82.314849 
2058.046672 82.263033 
2059.975488 82.331835 
2061.904304 82.192745 
2063.833120 82.034579 
2065.761936 81.952771 
2067.690752 81.964832 
2069.619568 81.911670 
2071.548384 81.960035 
2073.477200 81.939929 
2075.406016 81.906673 
2077.334832 81.878867 
2079.263648 81.915594 
2081.192464 81.950548 
2083.121280 82.119257 
2085.050096 82.179550 
2086.978912 82.285890 
2088.907728 82.216476 
2090.836544 82.276673 
2092.765360 82.384354 
2094.694176 82.414906 
2096.622992 82.303895 
2098.551808 82.291162 
2100.480624 82.295558 
2102.409440 82.388118 
2104.338256 82.372210 
2106.267072 82.279004 
2108.195888 82.204374 
2110.124704 82.223845 
2112.053520 82.160369 
2113.982336 82.215332 
2115.911152 82.274609 
2117.839968 82.330391 
2119.768784 82.310519 
2121.697600 82.357915 
2123.626416 82.333403 
2125.555232 82.370426 
2127.484048 82.321784 
2129.412864 82.331046 
2131.341680 82.339363 
2133.270496 82.217731 
2135.199312 81.928385 
2137.128128 81.931483 
2139.056944 81.983692 
2140.985760 82.068745 
2142.914576 81.984098 
2144.843392 81.964871 
2146.772208 81.734365 
2148.701024 81.725012 
2150.629840 81.888808 
2152.558656 82.245279 
2154.487472 82.427230 
2156.416288 82.386465 
2158.345104 81.775341 
2160.273920 81.310198 
2162.202736 81.173907 
2164.131552 81.071265 
2166.060368 81.064878 
2167.989184 81.354569 
2169.918000 81.283645 
2171.846816 81.220940 
2173.775632 81.179178 
2175.704448 81.213792 
2177.633264 81.196524 
2179.562080 81.254382 
2181.490896 81.202275 
2183.419712 81.317697 
2185.348528 81.403912 
2187.277344 81.484451 
2189.206160 81.326765 
2191.134976 81.165617 
2193.063792 81.150146 
2194.992608 81.302134 
2196.921424 81.330948 
2198.850240 81.379337 
2200.779056 81.356862 
2202.707872 81.447617 
2204.636688 81.410974 
2206.565504 81.360348 
2208.494320 81.210366 
2210.423136 81.135447 
2212.351952 81.169180 
2214.280768 81.351011 
2216.209584 81.453372 
2218.138400 81.555443 
2220.067216 81.560281 
2221.996032 81.550288 
2223.924848 81.500529 
2225.853664 81.594382 
2227.782480 81.550971 
2229.711296 81.589181 
2231.640112 81.545183 
2233.568928 81.659374 
2235.497744 81.756652 
2237.426560 81.717079 
2239.355376 81.616901 
2241.284192 81.627855 
2243.213008 81.642480 
2245.141824 81.653210 
2247.070640 81.591914 
2248.999456 81.616576 
2250.928272 81.647810 
2252.857088 81.679839 
2254.785904 81.521750 
2256.714720 81.426060 
2258.643536 81.356343 
2260.572352 81.351447 
2262.501168 81.356466 
2264.429984 81.407706 
2266.358800 81.410298 
2268.287616 81.480628 
2270.216432 81.488143 
2272.145248 81.531223 
2274.074064 81.525320 
2276.002880 81.555574 
2277.931696 81.616051 
2279.860512 81.725804 
2281.789328 81.803522 
2283.718144 81.889362 
2285.646960 82.019087 
2287.575776 82.202760 
2289.504592 82.298544 
2291.433408 82.413843 
2293.362224 82.450358 
2295.291040 82.503085 
2297.219856 82.499146 
2299.148672 82.505160 
2301.077488 82.617108 
2303.006304 82.724285 
2304.935120 82.760151 
2306.863936 82.880747 
2308.792752 82.930821 
2310.721568 83.063518 
2312.650384 83.194358 
2314.579200 83.321587 
2316.508016 83.479782 
2318.436832 83.737099 
2320.365648 83.855834 
2322.294464 83.908297 
2324.223280 84.133091 
2326.152096 84.573101 
2328.080912 84.858498 
2330.009728 84.985265 
2331.938544 85.078867 
2333.867360 85.256043 
2335.796176 85.263160 
2337.724992 85.253422 
2339.653808 85.207426 
2341.582624 85.201774 
2343.511440 85.052137 
2345.440256 84.800005 
2347.369072 84.574979 
2349.297888 84.568094 
2351.226704 84.806146 
2353.155520 85.288663 
2355.084336 85.650801 
2357.013152 85.922944 
2358.941968 86.020978 
2360.870784 86.087397 
2362.799600 85.736270 
2364.728416 85.390424 
2366.657232 85.114904 
2368.586048 84.817954 
2370.514864 84.435701 
2372.443680 84.095136 
2374.372496 83.700195 
2376.301312 83.341935 
2378.230128 83.042413 
2380.158944 82.802230 
2382.087760 82.604097 
2384.016576 82.493776 
2385.945392 82.412117 
2387.874208 82.365263 
2389.803024 82.336255 
2391.731840 82.337262 
2393.660656 82.302985 
2395.589472 82.263603 
2397.518288 82.198990 
2399.447104 82.130752 
2401.375920 82.025203 
2403.304736 81.967536 
2405.233552 81.923134 
2407.162368 81.895982 
2409.091184 81.849568 
2411.020000 81.814032 
2412.948816 81.740121 
2414.877632 81.657540 
2416.806448 81.592647 
2418.735264 81.573389 
2420.664080 81.574223 
2422.592896 81.630443 
2424.521712 81.688228 
2426.450528 81.741908 
2428.379344 81.790486 
2430.308160 81.847962 
2432.236976 81.841444 
2434.165792 81.868410 
2436.094608 81.878402 
2438.023424 81.870859 
2439.952240 81.892597 
2441.881056 81.990328 
2443.809872 82.009185 
2445.738688 81.986801 
2447.667504 81.940437 
2449.596320 81.892546 
2451.525136 81.854126 
2453.453952 81.812264 
2455.382768 81.762200 
2457.311584 81.726375 
2459.240400 81.654734 
2461.169216 81.606639 
2463.098032 81.572705 
2465.026848 81.657862 
2466.955664 81.705645 
2468.884480 81.707766 
2470.813296 81.718877 
2472.742112 81.755032 
2474.670928 81.766646 
2476.599744 81.803939 
2478.528560 81.805011 
2480.457376 81.833490 
2482.386192 81.784433 
2484.315008 81.747126 
2486.243824 81.714359 
2488.172640 81.698687 
2490.101456 81.672134 
2492.030272 81.637886 
2493.959088 81.567128 
2495.887904 81.532465 
2497.816720 81.502578 
2499.745536 81.529137 
2501.674352 81.470518 
2503.603168 81.414458 
2505.531984 81.354097 
2507.460800 81.343825 
2509.389616 81.344001 
2511.318432 81.402747 
2513.247248 81.441752 
2515.176064 81.483144 
2517.104880 81.497086 
2519.033696 81.495970 
2520.962512 81.430416 
2522.891328 81.387991 
2524.820144 81.372128 
2526.748960 81.348399 
2528.677776 81.310383 
2530.606592 81.323610 
2532.535408 81.361736 
2534.464224 81.401472 
2536.393040 81.409463 
2538.321856 81.441416 
2540.250672 81.429144 
2542.179488 81.431259 
2544.108304 81.441604 
2546.037120 81.428623 
2547.965936 81.392791 
2549.894752 81.429409 
2551.823568 81.478854 
2553.752384 81.496708 
2555.681200 81.398768 
2557.610016 81.332882 
2559.538832 81.284568 
2561.467648 81.205213 
2563.396464 81.157071 
2565.325280 81.183799 
2567.254096 81.171542 
2569.182912 81.197920 
2571.111728 81.181529 
2573.040544 81.120455 
2574.969360 81.029040 
2576.898176 80.970557 
2578.826992 80.933771 
2580.755808 80.945031 
2582.684624 80.966089 
2584.613440 80.988870 
2586.542256 81.034485 
2588.471072 81.127183 
2590.399888 81.160322 
2592.328704 81.153205 
2594.257520 81.135527 
2596.186336 81.177280 
2598.115152 81.175317 
2600.043968 81.149755 
2601.972784 81.142233 
2603.901600 81.145159 
2605.830416 81.112923 
2607.759232 81.066985 
2609.688048 81.070809 
2611.616864 81.152385 
2613.545680 81.162585 
2615.474496 81.177713 
2617.403312 81.174486 
2619.332128 81.227279 
2621.260944 81.304349 
2623.189760 81.377100 
2625.118576 81.404216 
2627.047392 81.449128 
2628.976208 81.457620 
2630.905024 81.452798 
2632.833840 81.456116 
2634.762656 81.479006 
2636.691472 81.507578 
2638.620288 81.604917 
2640.549104 81.676696 
2642.477920 81.700048 
2644.406736 81.694153 
2646.335552 81.673615 
2648.264368 81.611374 
2650.193184 81.581207 
2652.122000 81.598717 
2654.050816 81.665399 
2655.979632 81.739847 
2657.908448 81.838512 
2659.837264 81.924809 
2661.766080 82.002900 
2663.694896 82.065224 
2665.623712 82.094163 
2667.552528 82.086216 
2669.481344 82.066147 
2671.410160 82.061945 
2673.338976 82.037750 
2675.267792 81.998480 
2677.196608 82.001659 
2679.125424 82.005157 
2681.054240 81.988562 
2682.983056 81.983145 
2684.911872 81.990944 
2686.840688 82.005879 
2688.769504 81.993001 
2690.698320 81.973297 
2692.627136 81.990224 
2694.555952 81.986364 
2696.484768 81.981843 
2698.413584 81.960969 
2700.342400 81.950968 
2702.271216 81.940333 
2704.200032 81.930352 
2706.128848 81.917879 
2708.057664 81.916960 
2709.986480 81.930480 
2711.915296 81.938219 
2713.844112 81.924239 
2715.772928 81.941538 
2717.701744 81.898094 
2719.630560 81.858855 
2721.559376 81.864268 
2723.488192 81.845484 
2725.417008 81.834611 
2727.345824 81.844526 
2729.274640 81.840320 
2731.203456 81.868162 
2733.132272 81.897100 
2735.061088 81.917315 
2736.989904 81.951466 
2738.918720 81.997225 
2740.847536 82.007865 
2742.776352 81.994658 
2744.705168 81.949567 
2746.633984 81.919962 
2748.562800 81.930764 
2750.491616 81.972751 
2752.420432 81.975131 
2754.349248 81.933250 
2756.278064 81.881733 
2758.206880 81.838437 
2760.135696 81.766857 
2762.064512 81.669913 
2763.993328 81.569940 
2765.922144 81.495714 
2767.850960 81.436085 
2769.779776 81.417726 
2771.708592 81.438147 
2773.637408 81.495461 
2775.566224 81.557073 
2777.495040 81.603768 
2779.423856 81.643492 
2781.352672 81.662255 
2783.281488 81.651328 
2785.210304 81.629457 
2787.139120 81.599995 
2789.067936 81.545403 
2790.996752 81.520156 
2792.925568 81.488462 
2794.854384 81.410851 
2796.783200 81.361162 
2798.712016 81.350248 
2800.640832 81.333056 
2802.569648 81.269560 
2804.498464 81.212112 
2806.427280 81.168433 
2808.356096 81.128439 
2810.284912 81.085399 
2812.213728 81.063446 
2814.142544 81.042996 
2816.071360 81.033533 
2818.000176 81.002902 
2819.928992 80.961983 
2821.857808 80.899596 
2823.786624 80.856750 
2825.715440 80.807032 
2827.644256 80.740775 
2829.573072 80.671199 
2831.501888 80.625854 
2833.430704 80.590474 
2835.359520 80.539825 
2837.288336 80.436263 
2839.217152 80.338492 
2841.145968 80.290351 
2843.074784 80.234074 
2845.003600 80.130755 
2846.932416 80.068646 
2848.861232 80.018369 
2850.790048 79.936839 
2852.718864 79.806116 
2854.647680 79.683003 
2856.576496 79.560732 
2858.505312 79.373248 
2860.434128 79.110910 
2862.362944 78.807289 
2864.291760 78.443922 
2866.220576 78.058101 
2868.149392 77.663674 
2870.078208 77.416012 
2872.007024 77.465127 
2873.935840 77.788498 
2875.864656 78.189955 
2877.793472 78.542347 
2879.722288 78.782927 
2881.651104 78.971178 
2883.579920 79.067970 
2885.508736 79.097200 
2887.437552 79.060737 
2889.366368 78.985617 
2891.295184 78.857896 
2893.224000 78.696399 
2895.152816 78.503122 
2897.081632 78.313491 
2899.010448 78.113822 
2900.939264 77.936865 
2902.868080 77.889350 
2904.796896 77.991924 
2906.725712 78.120984 
2908.654528 78.282814 
2910.583344 78.453801 
2912.512160 78.619965 
2914.440976 78.756328 
2916.369792 78.887742 
2918.298608 78.936800 
2920.227424 78.913125 
2922.156240 78.877866 
2924.085056 78.845033 
2926.013872 78.720392 
2927.942688 78.613321 
2929.871504 78.598101 
2931.800320 78.638914 
2933.729136 78.647662 
2935.657952 78.657704 
2937.586768 78.627570 
2939.515584 78.580250 
2941.444400 78.548253 
2943.373216 78.541478 
2945.302032 78.522737 
2947.230848 78.498552 
2949.159664 78.429145 
2951.088480 78.337234 
2953.017296 78.270067 
2954.946112 78.239978 
2956.874928 78.175629 
2958.803744 78.045117 
2960.732560 77.857014 
2962.661376 77.674409 
2964.590192 77.482967 
2966.519008 77.288550 
2968.447824 77.137104 
2970.376640 77.032929 
2972.305456 76.873436 
2974.234272 76.676589 
2976.163088 76.471189 
2978.091904 76.362076 
2980.020720 76.543148 
2981.949536 76.926638 
2983.878352 77.266965 
2985.807168 77.463974 
2987.735984 77.520094 
2989.664800 77.601130 
2991.593616 77.711810 
2993.522432 77.773076 
2995.451248 77.786720 
2997.380064 77.733810 
2999.308880 77.618067 
3001.237696 77.485146 
3003.166512 77.323654 
3005.095328 77.244113 
3007.024144 77.191203 
3008.952960 77.115088 
3010.881776 77.034519 
3012.810592 77.001985 
3014.739408 76.994683 
3016.668224 77.041769 
3018.597040 77.082225 
3020.525856 76.998763 
3022.454672 76.830183 
3024.383488 76.615403 
3026.312304 76.322122 
3028.241120 75.925872 
3030.169936 75.389009 
3032.098752 74.872345 
3034.027568 74.538621 
3035.956384 74.295336 
3037.885200 74.120376 
3039.814016 74.128320 
3041.742832 74.308922 
3043.671648 74.582633 
3045.600464 74.883426 
3047.529280 75.121144 
3049.458096 75.274680 
3051.386912 75.291431 
3053.315728 75.145549 
3055.244544 74.879983 
3057.173360 74.549576 
3059.102176 74.244779 
3061.030992 73.998233 
3062.959808 74.020565 
3064.888624 74.409859 
3066.817440 75.050914 
3068.746256 75.692879 
3070.675072 76.167565 
3072.603888 76.513378 
3074.532704 76.755343 
3076.461520 76.932591 
3078.390336 77.129088 
3080.319152 77.328140 
3082.247968 77.533974 
3084.176784 77.747523 
3086.105600 78.008529 
3088.034416 78.180249 
3089.963232 78.326982 
3091.892048 78.458145 
3093.820864 78.517192 
3095.749680 78.524072 
3097.678496 78.580565 
3099.607312 78.581853 
3101.536128 78.612792 
3103.464944 78.673932 
3105.393760 78.702665 
3107.322576 78.760403 
3109.251392 78.831728 
3111.180208 78.897986 
3113.109024 78.907394 
3115.037840 78.847122 
3116.966656 78.813360 
3118.895472 78.798707 
3120.824288 78.739516 
3122.753104 78.719871 
3124.681920 78.750053 
3126.610736 78.711820 
3128.539552 78.662908 
3130.468368 78.632807 
3132.397184 78.638681 
3134.326000 78.621510 
3136.254816 78.527910 
3138.183632 78.426329 
3140.112448 78.382380 
3142.041264 78.329280 
3143.970080 78.280753 
3145.898896 78.187710 
3147.827712 78.069054 
3149.756528 77.958663 
3151.685344 77.916920 
3153.614160 77.886766 
3155.542976 77.849346 
3157.471792 77.796859 
3159.400608 77.825659 
3161.329424 77.860327 
3163.258240 77.876469 
3165.187056 77.877572 
3167.115872 77.918859 
3169.044688 77.997537 
3170.973504 78.023414 
3172.902320 77.999972 
3174.831136 77.934934 
3176.759952 77.833908 
3178.688768 77.778586 
3180.617584 77.716315 
3182.546400 77.655985 
3184.475216 77.613519 
3186.404032 77.623502 
3188.332848 77.648339 
3190.261664 77.709992 
3192.190480 77.744339 
3194.119296 77.720255 
3196.048112 77.649808 
3197.976928 77.592576 
3199.905744 77.585644 
3201.834560 77.638644 
3203.763376 77.693033 
3205.692192 77.728248 
3207.621008 77.751929 
3209.549824 77.792693 
3211.478640 77.797824 
3213.407456 77.745002 
3215.336272 77.698695 
3217.265088 77.749166 
3219.193904 77.751948 
3221.122720 77.742213 
3223.051536 77.746624 
3224.980352 77.764582 
3226.909168 77.785288 
3228.837984 77.855997 
3230.766800 77.901051 
3232.695616 77.980157 
3234.624432 77.998715 
3236.553248 78.017094 
3238.482064 78.011322 
3240.410880 77.997425 
3242.339696 77.951505 
3244.268512 77.950410 
3246.197328 78.022247 
3248.126144 78.157282 
3250.054960 78.229483 
3251.983776 78.239284 
3253.912592 78.209330 
3255.841408 78.245495 
3257.770224 78.258240 
3259.699040 78.234984 
3261.627856 78.221120 
3263.556672 78.214205 
3265.485488 78.227995 
3267.414304 78.290850 
3269.343120 78.260635 
3271.271936 78.219174 
3273.200752 78.232791 
3275.129568 78.242066 
3277.058384 78.204330 
3278.987200 78.186584 
3280.916016 78.140760 
3282.844832 78.093848 
3284.773648 78.092036 
3286.702464 78.111903 
3288.631280 78.058188 
3290.560096 78.014089 
3292.488912 77.959458 
3294.417728 77.992701 
3296.346544 78.012076 
3298.275360 78.003027 
3300.204176 77.971378 
3302.132992 77.938555 
3304.061808 77.917244 
3305.990624 77.948217 
3307.919440 77.922425 
3309.848256 77.838555 
3311.777072 77.809096 
3313.705888 77.803796 
3315.634704 77.736950 
3317.563520 77.630207 
3319.492336 77.489685 
3321.421152 77.367346 
3323.349968 77.184229 
3325.278784 77.075868 
3327.207600 76.975228 
3329.136416 76.836746 
3331.065232 76.565774 
3332.994048 76.248974 
3334.922864 75.849697 
3336.851680 75.430277 
3338.780496 75.020558 
3340.709312 74.559726 
3342.638128 73.996064 
3344.566944 73.368018 
3346.495760 72.771260 
3348.424576 72.338393 
3350.353392 72.225765 
3352.282208 72.878796 
3354.211024 74.253491 
3356.139840 75.819190 
3358.068656 76.955496 
3359.997472 77.459677 
3361.926288 77.422204 
3363.855104 76.965297 
3365.783920 76.287247 
3367.712736 75.941799 
3369.641552 76.337633 
3371.570368 77.308753 
3373.499184 78.165878 
3375.428000 78.648338 
3377.356816 78.960647 
3379.285632 79.155665 
3381.214448 79.262335 
3383.143264 79.368179 
3385.072080 79.373963 
3387.000896 79.346081 
3388.929712 79.256493 
3390.858528 79.113059 
3392.787344 79.043021 
3394.716160 79.157252 
3396.644976 79.352480 
3398.573792 79.700461 
3400.502608 80.027802 
3402.431424 80.293010 
3404.360240 80.402001 
3406.289056 80.471681 
3408.217872 80.634584 
3410.146688 80.768419 
3412.075504 80.792934 
3414.004320 80.790437 
3415.933136 80.760273 
3417.861952 80.655812 
3419.790768 80.469022 
3421.719584 80.451510 
3423.648400 80.449595 
3425.577216 80.417240 
3427.506032 80.329272 
3429.434848 80.175809 
3431.363664 80.012132 
3433.292480 79.900892 
3435.221296 79.752390 
3437.150112 79.557146 
3439.078928 79.265874 
3441.007744 78.730954 
3442.936560 78.041325 
3444.865376 77.256491 
3446.794192 76.249127 
3448.723008 75.557093 
3450.651824 75.390559 
3452.580640 76.109593 
3454.509456 77.576380 
3456.438272 78.962206 
3458.367088 79.880543 
3460.295904 80.421353 
3462.224720 80.706351 
3464.153536 80.930940 
3466.082352 80.982402 
3468.011168 80.977969 
3469.939984 81.019387 
3471.868800 81.117259 
3473.797616 81.146405 
3475.726432 81.210728 
3477.655248 81.328390 
3479.584064 81.310446 
3481.512880 81.259659 
3483.441696 81.430027 
3485.370512 81.661821 
3487.299328 81.796775 
3489.228144 81.964502 
3491.156960 82.135278 
3493.085776 82.257840 
3495.014592 82.321388 
3496.943408 82.370398 
3498.872224 82.409032 
3500.801040 82.222612 
3502.729856 82.052926 
3504.658672 82.283183 
3506.587488 82.535523 
3508.516304 82.454355 
3510.445120 82.494070 
3512.373936 82.707912 
3514.302752 82.860288 
3516.231568 82.903941 
3518.160384 82.839412 
3520.089200 82.715793 
3522.018016 82.383111 
3523.946832 82.119160 
3525.875648 82.169123 
3527.804464 82.247065 
3529.733280 82.503554 
3531.662096 82.708771 
3533.590912 82.782484 
3535.519728 82.697756 
3537.448544 82.857936 
3539.377360 82.966562 
3541.306176 82.803322 
3543.234992 82.558555 
3545.163808 82.229754 
3547.092624 82.273493 
3549.021440 82.605109 
3550.950256 82.587307 
3552.879072 82.558214 
3554.807888 82.860616 
3556.736704 83.151732 
3558.665520 83.119806 
3560.594336 82.830594 
3562.523152 82.493204 
3564.451968 81.777906 
3566.380784 80.944729 
3568.309600 81.703509 
3570.238416 82.717542 
3572.167232 82.987351 
3574.096048 82.852455 
3576.024864 82.839118 
3577.953680 82.997589 
3579.882496 83.032409 
3581.811312 82.891348 
3583.740128 82.656705 
3585.668944 82.112391 
3587.597760 81.733810 
3589.526576 82.452180 
3591.455392 82.757474 
3593.384208 82.403571 
3595.313024 82.093896 
3597.241840 82.293021 
3599.170656 82.568143 
3601.099472 82.682463 
3603.028288 82.804559 
3604.957104 82.728220 
3606.885920 82.245420 
3608.814736 82.054237 
3610.743552 82.132700 
3612.672368 81.769432 
3614.601184 81.603462 
3616.530000 81.567929 
3618.458816 81.588510 
3620.387632 82.267829 
3622.316448 82.686114 
3624.245264 82.650754 
3626.174080 82.016913 
3628.102896 80.604029 
3630.031712 80.968353 
3631.960528 81.873426 
3633.889344 82.098973 
3635.818160 82.389238 
3637.746976 82.621262 
3639.675792 82.773741 
3641.604608 82.617341 
3643.533424 82.249942 
3645.462240 81.549027 
3647.391056 80.056485 
3649.319872 79.268512 
3651.248688 80.752774 
3653.177504 81.841987 
3655.106320 81.658813 
3657.035136 81.788222 
3658.963952 82.498982 
3660.892768 82.926260 
3662.821584 82.991151 
3664.750400 82.920476 
3666.679216 82.692243 
3668.608032 81.803915 
3670.536848 81.442745 
3672.465664 81.780228 
3674.394480 80.694189 
3676.323296 80.601916 
3678.252112 81.877033 
3680.180928 82.652521 
3682.109744 83.027330 
3684.038560 82.861863 
3685.967376 82.296902 
3687.896192 81.287339 
3689.825008 81.012860 
3691.753824 82.043684 
3693.682640 82.772448 
3695.611456 82.832483 
3697.540272 82.799178 
3699.469088 82.697444 
3701.397904 82.573085 
3703.326720 82.914373 
3705.255536 82.969435 
3707.184352 82.482875 
3709.113168 81.614917 
3711.041984 80.976777 
3712.970800 81.875810 
3714.899616 82.589362 
3716.828432 82.682448 
3718.757248 82.463301 
3720.686064 82.184514 
3722.614880 82.086105 
3724.543696 82.139572 
3726.472512 82.322412 
3728.401328 82.610600 
3730.330144 82.243621 
3732.258960 81.233309 
3734.187776 80.400578 
3736.116592 80.726212 
3738.045408 81.669412 
3739.974224 82.045904 
3741.903040 81.956636 
3743.831856 81.169019 
3745.760672 80.823995 
3747.689488 80.737842 
3749.618304 79.999940 
3751.547120 80.131028 
3753.475936 81.268038 
3755.404752 81.771743 
3757.333568 81.675950 
3759.262384 81.623908 
3761.191200 82.098122 
3763.120016 82.146013 
3765.048832 81.775543 
3766.977648 81.876579 
3768.906464 81.869807 
3770.835280 82.135907 
3772.764096 82.552582 
3774.692912 82.668544 
3776.621728 82.536580 
3778.550544 82.041642 
3780.479360 82.044301 
3782.408176 82.228820 
3784.336992 82.075170 
3786.265808 82.346353 
3788.194624 82.705514 
3790.123440 82.795242 
3792.052256 82.849595 
3793.981072 82.596263 
3795.909888 82.000636 
3797.838704 81.767703 
3799.767520 81.230293 
3801.696336 80.615068 
3803.625152 81.508478 
3805.553968 81.741764 
3807.482784 81.928426 
3809.411600 82.434389 
3811.340416 82.641853 
3813.269232 82.398840 
3815.198048 81.579432 
3817.126864 81.429707 
3819.055680 81.160350 
3820.984496 80.655901 
3822.913312 81.822848 
3824.842128 82.168865 
3826.770944 82.120643 
3828.699760 82.245593 
3830.628576 82.085944 
3832.557392 81.872982 
3834.486208 81.685864 
3836.415024 81.030932 
3838.343840 80.474046 
3840.272656 80.948120 
3842.201472 81.663247 
3844.130288 82.111967 
3846.059104 82.369206 
3847.987920 82.205637 
3849.916736 81.599169 
3851.845552 80.303783 
3853.774368 80.068701 
3855.703184 81.415819 
3857.632000 81.868467 
3859.560816 82.072453 
3861.489632 81.724259 
3863.418448 81.204920 
3865.347264 81.374122 
3867.276080 81.602031 
3869.204896 80.968714 
3871.133712 81.254456 
3873.062528 81.643948 
3874.991344 82.041724 
3876.920160 82.421406 
3878.848976 81.933209 
3880.777792 81.539694 
3882.706608 81.727265 
3884.635424 81.473901 
3886.564240 81.799919 
3888.493056 82.211732 
3890.421872 81.817631 
3892.350688 81.809275 
3894.279504 82.223389 
3896.208320 82.223752 
3898.137136 81.614752 
3900.065952 81.003400 
3901.994768 80.772831 
3903.923584 80.737352 
3905.852400 81.535561 
3907.781216 82.258333 
3909.710032 82.462358 
3911.638848 82.470720 
3913.567664 82.426524 
3915.496480 82.076608 
3917.425296 81.788016 
3919.354112 81.931164 
3921.282928 82.139613 
3923.211744 82.035654 
3925.140560 81.978190 
3927.069376 82.203760 
3928.998192 82.004981 
3930.927008 81.774165 
3932.855824 81.908688 
3934.784640 82.274670 
3936.713456 82.392487 
3938.642272 82.408751 
3940.571088 82.269424 
3942.499904 82.004125 
3944.428720 82.129587 
3946.357536 82.136626 
3948.286352 81.904491 
3950.215168 82.082444 
3952.143984 82.302474 
3954.072800 82.349786 
3956.001616 82.309939 
3957.930432 82.372561 
3959.859248 82.386553 
3961.788064 82.340565 
3963.716880 82.493904 
3965.645696 82.673373 
3967.574512 82.628031 
3969.503328 82.563529 
3971.432144 82.510159 
3973.360960 82.401934 
3975.289776 82.382763 
3977.218592 82.531535 
3979.147408 82.603605 
3981.076224 82.595783 
3983.005040 82.640221 
3984.933856 82.680806 
3986.862672 82.652025 
3988.791488 82.587478 
3990.720304 82.551732 
3992.649120 82.618675 
3994.577936 82.640569 
3996.506752 82.627544 
3998.435568 82.622289 
4000.364384 82.653644 