##YUNITS=%T
399.264912 127.082290 
401.193728 109.812894 
403.122544 78.267363 
405.051360 69.237322 
406.980176 71.496720 
408.908992 60.084317 
410.837808 44.398939 
412.766624 153.699651 
414.695440 105.130350 
416.624256 68.831056 
418.553072 87.935306 
420.481888 212.554804 
422.410704 2014.396600 
424.339520 742.768570 
426.268336 210.659635 
428.197152 122.275839 
430.125968 195.306233 
432.054784 177.760911 
433.983600 108.361150 
435.912416 72.961059 
437.841232 53.750233 
439.770048 82.728594 
441.698864 120.179928 
443.627680 172.880264 
445.556496 139.823836 
447.485312 104.294602 
449.414128 89.379491 
451.342944 90.052221 
453.271760 97.028014 
455.200576 100.181980 
457.129392 162.645822 
459.058208 84.500695 
460.987024 45.058310 
462.915840 62.384610 
464.844656 72.709407 
466.773472 53.638989 
468.702288 76.855564 
470.631104 134.052318 
472.559920 175.736696 
474.488736 111.302210 
476.417552 48.000611 
478.346368 74.193673 
480.275184 80.395224 
482.204000 54.034617 
484.132816 78.476470 
486.061632 97.157747 
487.990448 78.675483 
489.919264 75.297495 
491.848080 74.441666 
493.776896 70.476506 
495.705712 59.373206 
497.634528 77.485191 
499.563344 119.803032 
501.492160 108.324986 
503.420976 103.512756 
505.349792 94.970987 
507.278608 113.453694 
509.207424 87.033067 
511.136240 77.883720 
513.065056 99.713771 
514.993872 94.267827 
516.922688 44.540320 
518.851504 73.398273 
520.780320 101.287077 
522.709136 109.677142 
524.637952 103.418842 
526.566768 153.142446 
528.495584 200.223817 
530.424400 96.782556 
532.353216 80.248114 
534.282032 104.408243 
536.210848 85.522549 
538.139664 87.025791 
540.068480 154.732458 
541.997296 194.269701 
543.926112 151.359339 
545.854928 139.905701 
547.783744 152.230493 
549.712560 115.793499 
551.641376 105.800310 
553.570192 103.899390 
555.499008 95.721383 
557.427824 95.986679 
559.356640 110.749466 
561.285456 111.875405 
563.214272 110.702271 
565.143088 105.070243 
567.071904 95.213057 
569.000720 97.202151 
570.929536 103.718866 
572.858352 108.868952 
574.787168 109.681057 
576.715984 103.614825 
578.644800 104.602896 
580.573616 109.029584 
582.502432 103.754930 
584.431248 98.845562 
586.360064 101.105826 
588.288880 102.174765 
590.217696 101.821431 
592.146512 102.756729 
594.075328 103.873749 
596.004144 106.080591 
597.932960 107.088970 
599.861776 109.161614 
601.790592 104.964446 
603.719408 100.824654 
605.648224 100.213920 
607.577040 99.906110 
609.505856 98.612345 
611.434672 97.337522 
613.363488 99.212768 
615.292304 99.776636 
617.221120 97.009989 
619.149936 96.879807 
621.078752 100.591387 
623.007568 100.726237 
624.936384 99.104253 
626.865200 97.480812 
628.794016 99.078028 
630.722832 97.862137 
632.651648 99.742970 
634.580464 100.478319 
636.509280 100.244506 
638.438096 100.557251 
640.366912 102.255561 
642.295728 104.405618 
644.224544 100.694553 
646.153360 98.485678 
648.082176 100.268495 
650.010992 102.279682 
651.939808 102.274519 
653.868624 101.744954 
655.797440 100.817358 
657.726256 100.896852 
659.655072 100.612319 
661.583888 100.635999 
663.512704 100.438910 
665.441520 100.718731 
667.370336 101.135474 
669.299152 101.111107 
671.227968 100.594601 
673.156784 100.116834 
675.085600 99.953244 
677.014416 99.829772 
678.943232 100.200916 
680.872048 100.577626 
682.800864 100.744482 
684.729680 100.472256 
686.658496 100.084930 
688.587312 99.941890 
690.516128 99.920182 
692.444944 99.605079 
694.373760 99.662399 
696.302576 99.714503 
698.231392 99.979363 
700.160208 100.389190 
702.089024 100.439434 
704.017840 100.516805 
705.946656 100.658002 
707.875472 100.697110 
709.804288 100.652200 
711.733104 100.837315 
713.661920 100.894853 
715.590736 101.133138 
717.519552 100.893885 
719.448368 100.838966 
721.377184 101.162076 
723.306000 101.031756 
725.234816 100.414183 
727.163632 100.270477 
729.092448 100.578382 
731.021264 100.675978 
732.950080 100.882894 
734.878896 101.176798 
736.807712 101.263610 
738.736528 101.289795 
740.665344 101.318070 
742.594160 101.244122 
744.522976 101.455408 
746.451792 102.083638 
748.380608 102.603889 
750.309424 102.272992 
752.238240 101.530423 
754.167056 100.851867 
756.095872 99.861026 
758.024688 98.674394 
759.953504 97.526117 
761.882320 96.808475 
763.811136 96.528617 
765.739952 96.326036 
767.668768 96.650750 
769.597584 97.179247 
771.526400 97.729380 
773.455216 98.411478 
775.384032 98.964150 
777.312848 99.285975 
779.241664 99.458657 
781.170480 99.437986 
783.099296 99.381614 
785.028112 99.431101 
786.956928 99.576619 
788.885744 99.544796 
790.814560 99.376317 
792.743376 99.287024 
794.672192 99.448710 
796.601008 99.485234 
798.529824 99.531836 
800.458640 99.605136 
802.387456 99.578121 
804.316272 99.606356 
806.245088 99.748488 
808.173904 99.862741 
810.102720 99.846173 
812.031536 99.824227 
813.960352 99.912356 
815.889168 99.973973 
817.817984 99.963822 
819.746800 99.726225 
821.675616 99.411163 
823.604432 99.266381 
825.533248 99.218660 
827.462064 99.207927 
829.390880 99.418442 
831.319696 99.649921 
833.248512 99.823193 
835.177328 99.874407 
837.106144 99.729052 
839.034960 99.771478 
840.963776 99.806940 
842.892592 99.713280 
844.821408 99.666968 
846.750224 99.481485 
848.679040 99.223629 
850.607856 99.262955 
852.536672 99.533681 
854.465488 99.781774 
856.394304 100.018475 
858.323120 99.959616 
860.251936 99.779721 
862.180752 99.736541 
864.109568 100.056858 
866.038384 100.027345 
867.967200 99.876047 
869.896016 99.868798 
871.824832 99.793294 
873.753648 99.840572 
875.682464 99.769117 
877.611280 99.737236 
879.540096 99.990924 
881.468912 100.134116 
883.397728 100.030480 
885.326544 100.033659 
887.255360 100.070260 
889.184176 100.129826 
891.112992 100.130124 
893.041808 100.017080 
894.970624 99.919698 
896.899440 99.953915 
898.828256 100.171682 
900.757072 100.172668 
902.685888 100.124211 
904.614704 100.167518 
906.543520 100.364179 
908.472336 100.614154 
910.401152 100.839555 
912.329968 101.458507 
914.258784 102.930569 
916.187600 105.026535 
918.116416 106.212193 
920.045232 105.234389 
921.974048 103.561677 
923.902864 102.315862 
925.831680 101.451850 
927.760496 100.912113 
929.689312 100.541361 
931.618128 100.172707 
933.546944 99.908587 
935.475760 99.755399 
937.404576 99.491383 
939.333392 99.287670 
941.262208 99.291314 
943.191024 99.186523 
945.119840 99.020638 
947.048656 99.047308 
948.977472 99.123596 
950.906288 99.186250 
952.835104 99.248219 
954.763920 99.239491 
956.692736 99.300439 
958.621552 99.432168 
960.550368 99.460321 
962.479184 99.389793 
964.408000 99.432581 
966.336816 99.531990 
968.265632 99.705320 
970.194448 99.845233 
972.123264 99.879954 
974.052080 99.958571 
975.980896 100.107198 
977.909712 100.181206 
979.838528 100.149024 
981.767344 100.137977 
983.696160 100.156539 
985.624976 100.136276 
987.553792 100.192395 
989.482608 100.226811 
991.411424 100.247227 
993.340240 100.257993 
995.269056 100.208787 
997.197872 100.204681 
999.126688 100.200724 
1001.055504 100.142335 
1002.984320 99.947655 
1004.913136 99.749274 
1006.841952 99.675513 
1008.770768 99.660624 
1010.699584 99.698365 
1012.628400 99.911403 
1014.557216 100.223730 
1016.486032 100.666875 
1018.414848 101.096626 
1020.343664 101.412944 
1022.272480 101.712050 
1024.201296 102.115108 
1026.130112 102.541187 
1028.058928 103.085477 
1029.987744 103.773561 
1031.916560 104.535528 
1033.845376 105.299808 
1035.774192 106.033181 
1037.703008 106.519858 
1039.631824 106.617253 
1041.560640 106.223434 
1043.489456 105.504101 
1045.418272 104.696380 
1047.347088 103.781776 
1049.275904 102.990406 
1051.204720 102.437561 
1053.133536 101.917381 
1055.062352 101.503159 
1056.991168 101.214181 
1058.919984 100.957452 
1060.848800 100.686462 
1062.777616 100.454268 
1064.706432 100.280826 
1066.635248 100.147799 
1068.564064 100.002817 
1070.492880 99.957249 
1072.421696 100.056252 
1074.350512 100.190130 
1076.279328 100.255886 
1078.208144 100.359346 
1080.136960 100.352411 
1082.065776 100.262071 
1083.994592 100.082956 
1085.923408 99.868313 
1087.852224 99.799155 
1089.781040 99.891759 
1091.709856 100.028238 
1093.638672 100.015990 
1095.567488 99.909464 
1097.496304 99.890837 
1099.425120 99.768470 
1101.353936 99.626828 
1103.282752 99.500744 
1105.211568 99.269337 
1107.140384 99.197382 
1109.069200 99.237299 
1110.998016 99.271113 
1112.926832 99.392174 
1114.855648 99.567078 
1116.784464 99.694596 
1118.713280 99.763746 
1120.642096 99.773769 
1122.570912 99.808866 
1124.499728 99.893682 
1126.428544 99.930918 
1128.357360 99.898730 
1130.286176 99.892335 
1132.214992 99.889363 
1134.143808 99.891134 
1136.072624 99.877601 
1138.001440 99.713455 
1139.930256 99.569383 
1141.859072 99.437374 
1143.787888 99.263555 
1145.716704 99.061259 
1147.645520 99.002297 
1149.574336 99.094149 
1151.503152 99.272137 
1153.431968 99.492035 
1155.360784 99.638525 
1157.289600 99.659508 
1159.218416 99.691782 
1161.147232 99.685650 
1163.076048 99.686170 
1165.004864 99.672449 
1166.933680 99.615667 
1168.862496 99.557008 
1170.791312 99.532352 
1172.720128 99.550005 
1174.648944 99.507357 
1176.577760 99.538065 
1178.506576 99.583555 
1180.435392 99.509707 
1182.364208 99.383871 
1184.293024 99.273225 
1186.221840 99.165031 
1188.150656 99.143866 
1190.079472 99.258486 
1192.008288 99.323069 
1193.937104 99.347739 
1195.865920 99.313421 
1197.794736 99.273768 
1199.723552 99.202620 
1201.652368 99.126107 
1203.581184 99.003367 
1205.510000 98.887311 
1207.438816 98.884909 
1209.367632 98.936205 
1211.296448 98.977301 
1213.225264 99.084370 
1215.154080 99.104568 
1217.082896 99.041028 
1219.011712 98.969476 
1220.940528 98.906994 
1222.869344 98.828897 
1224.798160 98.775443 
1226.726976 98.710780 
1228.655792 98.699765 
1230.584608 98.743610 
1232.513424 98.766842 
1234.442240 98.796454 
1236.371056 98.898384 
1238.299872 99.070884 
1240.228688 99.266631 
1242.157504 99.375825 
1244.086320 99.497954 
1246.015136 99.623749 
1247.943952 99.663820 
1249.872768 99.679385 
1251.801584 99.648919 
1253.730400 99.573869 
1255.659216 99.480248 
1257.588032 99.348649 
1259.516848 99.227925 
1261.445664 99.151809 
1263.374480 99.077456 
1265.303296 98.977066 
1267.232112 98.880217 
1269.160928 98.778963 
1271.089744 98.658398 
1273.018560 98.434659 
1274.947376 98.085427 
1276.876192 97.570026 
1278.805008 96.979713 
1280.733824 96.479865 
1282.662640 96.281832 
1284.591456 96.515838 
1286.520272 97.089084 
1288.449088 97.713649 
1290.377904 98.139971 
1292.306720 98.347482 
1294.235536 98.427401 
1296.164352 98.419900 
1298.093168 98.289270 
1300.021984 97.974484 
1301.950800 97.474698 
1303.879616 96.882136 
1305.808432 96.505946 
1307.737248 96.623892 
1309.666064 97.186623 
1311.594880 97.875178 
1313.523696 98.542845 
1315.452512 99.008603 
1317.381328 99.334140 
1319.310144 99.540307 
1321.238960 99.631882 
1323.167776 99.536625 
1325.096592 99.364431 
1327.025408 99.199438 
1328.954224 99.126582 
1330.883040 99.117338 
1332.811856 99.195143 
1334.740672 99.313987 
1336.669488 99.432586 
1338.598304 99.541343 
1340.527120 99.648735 
1342.455936 99.679976 
1344.384752 99.785773 
1346.313568 99.985781 
1348.242384 100.241327 
1350.171200 100.469568 
1352.100016 100.681090 
1354.028832 100.807209 
1355.957648 100.756283 
1357.886464 100.499214 
1359.815280 100.328519 
1361.744096 100.557335 
1363.672912 101.346988 
1365.601728 102.059329 
1367.530544 102.929035 
1369.459360 104.245780 
1371.388176 105.909846 
1373.316992 107.790853 
1375.245808 108.935864 
1377.174624 108.179934 
1379.103440 106.738906 
1381.032256 105.517904 
1382.961072 104.756961 
1384.889888 104.251796 
1386.818704 103.855896 
1388.747520 103.448988 
1390.676336 103.157356 
1392.605152 102.928101 
1394.533968 102.759667 
1396.462784 102.639186 
1398.391600 102.709109 
1400.320416 102.940403 
1402.249232 103.250675 
1404.178048 103.700166 
1406.106864 104.207217 
1408.035680 104.495325 
1409.964496 104.703243 
1411.893312 104.842220 
1413.822128 104.979156 
1415.750944 105.151858 
1417.679760 105.408539 
1419.608576 105.705287 
1421.537392 105.834596 
1423.466208 105.798756 
1425.395024 105.818983 
1427.323840 105.846693 
1429.252656 105.976203 
1431.181472 106.084749 
1433.110288 106.200113 
1435.039104 106.314567 
1436.967920 106.488327 
1438.896736 106.497916 
1440.825552 106.458126 
1442.754368 106.264083 
1444.683184 105.955045 
1446.612000 105.565183 
1448.540816 105.315197 
1450.469632 105.088831 
1452.398448 104.800450 
1454.327264 104.296893 
1456.256080 103.443542 
1458.184896 101.196031 
1460.113712 98.983423 
1462.042528 96.841692 
1463.971344 95.697892 
1465.900160 97.434238 
1467.828976 99.558929 
1469.757792 100.971867 
1471.686608 101.556521 
1473.615424 101.539658 
1475.544240 101.398228 
1477.473056 101.522258 
1479.401872 101.620779 
1481.330688 101.607170 
1483.259504 101.451223 
1485.188320 101.318608 
1487.117136 101.392346 
1489.045952 101.662725 
1490.974768 101.794673 
1492.903584 101.772226 
1494.832400 101.750374 
1496.761216 101.730780 
1498.690032 101.707813 
1500.618848 101.628730 
1502.547664 101.534704 
1504.476480 101.521466 
1506.405296 101.669982 
1508.334112 101.590632 
1510.262928 101.411322 
1512.191744 101.323246 
1514.120560 101.297734 
1516.049376 101.313891 
1517.978192 101.305025 
1519.907008 101.287788 
1521.835824 101.323083 
1523.764640 101.284890 
1525.693456 101.233271 
1527.622272 101.130490 
1529.551088 101.065454 
1531.479904 101.031488 
1533.408720 100.985416 
1535.337536 100.818197 
1537.266352 100.750531 
1539.195168 100.757795 
1541.123984 100.633066 
1543.052800 100.369843 
1544.981616 100.102087 
1546.910432 99.813750 
1548.839248 99.493320 
1550.768064 99.032983 
1552.696880 98.639023 
1554.625696 97.950950 
1556.554512 97.268823 
1558.483328 96.154650 
1560.412144 94.623278 
1562.340960 94.367634 
1564.269776 94.934398 
1566.198592 96.074519 
1568.127408 96.917302 
1570.056224 97.811275 
1571.985040 98.045938 
1573.913856 97.952749 
1575.842672 97.751343 
1577.771488 97.536453 
1579.700304 97.460310 
1581.629120 97.423354 
1583.557936 97.225363 
1585.486752 96.954864 
1587.415568 96.800765 
1589.344384 96.953780 
1591.273200 97.429560 
1593.202016 97.929750 
1595.130832 98.203061 
1597.059648 98.199424 
1598.988464 97.992082 
1600.917280 97.674864 
1602.846096 97.309241 
1604.774912 97.038829 
1606.703728 96.894248 
1608.632544 96.560395 
1610.561360 95.646155 
1612.490176 94.664515 
1614.418992 94.434290 
1616.347808 95.898488 
1618.276624 97.759493 
1620.205440 98.359527 
1622.134256 98.814002 
1624.063072 99.199833 
1625.991888 99.300323 
1627.920704 99.316408 
1629.849520 99.205382 
1631.778336 99.005854 
1633.707152 98.788613 
1635.635968 98.248955 
1637.564784 97.427616 
1639.493600 96.683345 
1641.422416 95.760240 
1643.351232 94.722260 
1645.280048 93.819828 
1647.208864 92.989568 
1649.137680 92.528272 
1651.066496 92.211106 
1652.995312 92.780755 
1654.924128 93.368697 
1656.852944 93.436864 
1658.781760 93.712571 
1660.710576 94.069725 
1662.639392 94.644752 
1664.568208 95.224620 
1666.497024 95.675278 
1668.425840 96.532678 
1670.354656 97.745084 
1672.283472 98.302733 
1674.212288 98.593966 
1676.141104 98.873133 
1678.069920 98.957589 
1679.998736 98.970908 
1681.927552 98.943596 
1683.856368 98.960729 
1685.785184 98.974892 
1687.714000 98.744353 
1689.642816 98.357371 
1691.571632 97.947421 
1693.500448 97.690929 
1695.429264 97.703038 
1697.358080 97.878601 
1699.286896 97.984524 
1701.215712 98.273024 
1703.144528 98.151779 
1705.073344 97.959377 
1707.002160 97.736660 
1708.930976 97.528689 
1710.859792 97.417349 
1712.788608 97.370715 
1714.717424 97.545979 
1716.646240 97.898907 
1718.575056 98.433588 
1720.503872 98.735102 
1722.432688 99.036048 
1724.361504 99.280984 
1726.290320 99.378454 
1728.219136 99.452139 
1730.147952 99.543517 
1732.076768 99.675611 
1734.005584 99.798474 
1735.934400 99.815241 
1737.863216 99.802643 
1739.792032 99.852406 
1741.720848 99.903201 
1743.649664 99.932775 
1745.578480 99.886355 
1747.507296 99.893381 
1749.436112 99.924364 
1751.364928 99.935355 
1753.293744 99.921993 
1755.222560 99.899346 
1757.151376 99.925970 
1759.080192 99.923131 
1761.009008 99.875974 
1762.937824 99.895791 
1764.866640 99.905838 
1766.795456 99.922707 
1768.724272 99.931829 
1770.653088 99.912913 
1772.581904 99.917190 
1774.510720 99.949508 
1776.439536 99.933296 
1778.368352 99.894161 
1780.297168 99.860867 
1782.225984 99.890269 
1784.154800 99.900987 
1786.083616 99.898588 
1788.012432 99.914925 
1789.941248 99.951102 
1791.870064 99.991594 
1793.798880 100.011598 
1795.727696 99.987378 
1797.656512 99.951657 
1799.585328 99.898950 
1801.514144 99.900536 
1803.442960 99.943877 
1805.371776 100.024635 
1807.300592 100.006510 
1809.229408 99.957885 
1811.158224 99.953140 
1813.087040 99.961038 
1815.015856 99.983789 
1816.944672 100.003257 
1818.873488 99.986044 
1820.802304 100.015833 
1822.731120 100.027927 
1824.659936 100.040280 
1826.588752 100.015753 
1828.517568 100.004283 
1830.446384 100.022178 
1832.375200 100.006935 
1834.304016 99.971867 
1836.232832 99.962635 
1838.161648 99.947315 
1840.090464 99.958989 
1842.019280 100.005318 
1843.948096 100.062563 
1845.876912 99.991879 
1847.805728 99.937462 
1849.734544 99.911956 
1851.663360 99.872839 
1853.592176 99.872915 
1855.520992 99.909545 
1857.449808 99.916281 
1859.378624 99.899877 
1861.307440 99.868441 
1863.236256 99.894093 
1865.165072 99.940408 
1867.093888 99.882040 
1869.022704 99.834946 
1870.951520 99.819540 
1872.880336 99.831307 
1874.809152 99.866826 
1876.737968 99.900028 
1878.666784 99.915230 
1880.595600 99.895167 
1882.524416 99.887848 
1884.453232 99.864402 
1886.382048 99.887404 
1888.310864 99.911397 
1890.239680 99.903951 
1892.168496 99.846080 
1894.097312 99.878396 
1896.026128 99.896846 
1897.954944 99.858334 
1899.883760 99.856520 
1901.812576 99.869077 
1903.741392 99.892106 
1905.670208 99.928699 
1907.599024 99.870043 
1909.527840 99.826169 
1911.456656 99.817835 
1913.385472 99.896872 
1915.314288 99.949960 
1917.243104 100.014768 
1919.171920 99.999617 
1921.100736 99.941960 
1923.029552 99.848787 
1924.958368 99.817626 
1926.887184 99.866306 
1928.816000 99.899710 
1930.744816 99.911550 
1932.673632 99.920164 
1934.602448 99.924707 
1936.531264 99.984143 
1938.460080 99.922800 
1940.388896 99.900589 
1942.317712 99.959022 
1944.246528 99.872637 
1946.175344 99.805429 
1948.104160 99.918467 
1950.032976 99.991564 
1951.961792 99.987881 
1953.890608 99.890859 
1955.819424 99.851040 
1957.748240 100.013424 
1959.677056 100.060976 
1961.605872 99.907249 
1963.534688 99.815886 
1965.463504 100.007135 
1967.392320 100.166477 
1969.321136 100.126992 
1971.249952 100.068104 
1973.178768 100.085497 
1975.107584 100.054337 
1977.036400 100.068353 
1978.965216 100.002599 
1980.894032 99.968358 
1982.822848 100.011042 
1984.751664 99.904327 
1986.680480 99.895907 
1988.609296 99.951648 
1990.538112 99.948818 
1992.466928 99.873144 
1994.395744 99.826242 
1996.324560 99.836977 
1998.253376 99.766206 
2000.182192 99.766372 
2002.111008 99.883078 
2004.039824 100.050264 
2005.968640 99.965280 
2007.897456 99.785741 
2009.826272 99.701718 
2011.755088 99.759183 
2013.683904 99.921015 
2015.612720 99.972125 
2017.541536 99.937991 
2019.470352 99.872784 
2021.399168 100.017973 
2023.327984 99.979947 
2025.256800 99.916391 
2027.185616 99.961128 
2029.114432 99.981355 
2031.043248 99.799070 
2032.972064 99.791401 
2034.900880 99.863819 
2036.829696 100.033114 
2038.758512 100.061828 
2040.687328 99.908147 
2042.616144 99.874190 
2044.544960 99.917533 
2046.473776 99.953767 
2048.402592 99.855991 
2050.331408 99.774503 
2052.260224 99.854989 
2054.189040 99.839124 
2056.117856 99.893666 
2058.046672 99.959603 
2059.975488 99.860742 
2061.904304 99.754588 
2063.833120 99.769392 
2065.761936 99.822917 
2067.690752 99.905451 
2069.619568 99.941219 
2071.548384 99.921555 
2073.477200 99.940454 
2075.406016 100.038344 
2077.334832 99.976849 
2079.263648 99.909937 
2081.192464 99.907535 
2083.121280 99.889777 
2085.050096 99.872870 
2086.978912 99.915663 
2088.907728 99.930539 
2090.836544 99.959334 
2092.765360 99.879254 
2094.694176 99.841894 
2096.622992 99.817280 
2098.551808 99.818538 
2100.480624 99.787569 
2102.409440 99.780649 
2104.338256 99.779264 
2106.267072 99.856303 
2108.195888 99.840630 
2110.124704 99.769755 
2112.053520 99.755480 
2113.982336 99.812924 
2115.911152 99.821803 
2117.839968 99.840524 
2119.768784 99.879491 
2121.697600 99.842810 
2123.626416 99.789260 
2125.555232 99.770131 
2127.484048 99.774534 
2129.412864 99.834086 
2131.341680 99.923299 
2133.270496 99.876704 
2135.199312 99.772311 
2137.128128 99.772906 
2139.056944 99.840174 
2140.985760 99.982435 
2142.914576 100.000223 
2144.843392 99.882382 
2146.772208 99.823796 
2148.701024 99.862491 
2150.629840 99.742443 
2152.558656 99.686618 
2154.487472 99.680127 
2156.416288 99.723780 
2158.345104 99.809386 
2160.273920 99.902959 
2162.202736 99.959471 
2164.131552 99.908178 
2166.060368 99.838719 
2167.989184 100.004586 
2169.918000 100.096746 
2171.846816 99.927576 
2173.775632 99.857446 
2175.704448 99.691476 
2177.633264 99.612485 
2179.562080 99.716383 
2181.490896 99.855196 
2183.419712 99.943822 
2185.348528 99.812415 
2187.277344 99.793243 
2189.206160 99.873981 
2191.134976 99.865965 
2193.063792 99.875455 
2194.992608 99.893792 
2196.921424 99.931059 
2198.850240 100.072685 
2200.779056 100.166887 
2202.707872 100.112413 
2204.636688 100.109343 
2206.565504 100.050695 
2208.494320 100.017947 
2210.423136 99.979698 
2212.351952 99.882146 
2214.280768 99.996161 
2216.209584 100.110864 
2218.138400 100.139051 
2220.067216 100.074008 
2221.996032 100.066693 
2223.924848 100.200003 
2225.853664 100.322892 
2227.782480 100.334963 
2229.711296 100.249639 
2231.640112 100.199842 
2233.568928 100.335414 
2235.497744 100.577785 
2237.426560 100.842132 
2239.355376 101.129082 
2241.284192 101.687806 
2243.213008 102.493178 
2245.141824 103.747754 
2247.070640 105.527384 
2248.999456 107.895122 
2250.928272 110.729438 
2252.857088 112.599534 
2254.785904 111.091427 
2256.714720 107.325620 
2258.643536 104.315964 
2260.572352 102.677896 
2262.501168 101.761830 
2264.429984 101.224335 
2266.358800 100.983941 
2268.287616 100.797450 
2270.216432 100.596613 
2272.145248 100.491839 
2274.074064 100.552876 
2276.002880 100.516797 
2277.931696 100.490526 
2279.860512 100.637619 
2281.789328 100.759598 
2283.718144 100.938184 
2285.646960 101.245147 
2287.575776 101.604022 
2289.504592 102.065557 
2291.433408 102.445186 
2293.362224 102.554903 
2295.291040 102.322316 
2297.219856 101.790115 
2299.148672 101.251320 
2301.077488 100.878783 
2303.006304 100.617086 
2304.935120 100.455857 
2306.863936 100.352211 
2308.792752 100.249185 
2310.721568 100.125208 
2312.650384 100.072893 
2314.579200 100.063782 
2316.508016 100.041134 
2318.436832 100.028808 
2320.365648 100.035141 
2322.294464 100.010033 
2324.223280 99.999732 
2326.152096 99.950603 
2328.080912 99.905578 
2330.009728 99.876611 
2331.938544 99.854549 
2333.867360 99.905636 
2335.796176 99.861891 
2337.724992 99.798704 
2339.653808 99.940052 
2341.582624 100.032353 
2343.511440 100.080869 
2345.440256 99.979591 
2347.369072 99.896671 
2349.297888 99.854130 
2351.226704 99.832764 
2353.155520 99.882542 
2355.084336 99.864715 
2357.013152 99.808207 
2358.941968 99.802457 
2360.870784 99.889013 
2362.799600 99.866875 
2364.728416 99.757209 
2366.657232 99.763738 
2368.586048 99.914620 
2370.514864 99.884052 
2372.443680 99.785990 
2374.372496 99.803478 
2376.301312 99.858156 
2378.230128 99.892282 
2380.158944 99.907060 
2382.087760 99.912020 
2384.016576 99.928166 
2385.945392 99.928987 
2387.874208 99.928641 
2389.803024 99.915207 
2391.731840 99.888820 
2393.660656 99.924836 
2395.589472 99.962859 
2397.518288 99.976702 
2399.447104 100.009358 
2401.375920 100.030620 
2403.304736 100.046553 
2405.233552 100.082657 
2407.162368 100.149121 
2409.091184 100.192462 
2411.020000 100.195667 
2412.948816 100.151798 
2414.877632 100.139283 
2416.806448 100.127854 
2418.735264 100.111841 
2420.664080 100.059045 
2422.592896 100.021692 
2424.521712 100.009389 
2426.450528 99.999475 
2428.379344 99.961786 
2430.308160 99.945829 
2432.236976 99.992430 
2434.165792 99.952512 
2436.094608 99.892587 
2438.023424 99.938206 
2439.952240 100.008811 
2441.881056 99.998532 
2443.809872 99.914661 
2445.738688 99.870689 
2447.667504 99.924882 
2449.596320 99.919909 
2451.525136 99.852042 
2453.453952 99.837583 
2455.382768 99.857349 
2457.311584 99.876855 
2459.240400 99.900052 
2461.169216 99.892893 
2463.098032 99.854812 
2465.026848 99.868274 
2466.955664 99.908644 
2468.884480 99.907216 
2470.813296 99.900494 
2472.742112 99.899911 
2474.670928 99.902507 
2476.599744 99.904451 
2478.528560 99.905161 
2480.457376 99.895090 
2482.386192 99.885693 
2484.315008 99.894506 
2486.243824 99.888179 
2488.172640 99.870636 
2490.101456 99.917116 
2492.030272 99.910958 
2493.959088 99.846728 
2495.887904 99.823565 
2497.816720 99.827292 
2499.745536 99.876856 
2501.674352 99.893353 
2503.603168 99.858430 
2505.531984 99.807661 
2507.460800 99.826020 
2509.389616 99.860014 
2511.318432 99.864259 
2513.247248 99.902988 
2515.176064 99.902464 
2517.104880 99.864791 
2519.033696 99.869691 
2520.962512 99.855765 
2522.891328 99.850191 
2524.820144 99.877959 
2526.748960 99.853910 
2528.677776 99.837111 
2530.606592 99.868717 
2532.535408 99.899547 
2534.464224 99.872868 
2536.393040 99.817485 
2538.321856 99.783832 
2540.250672 99.801682 
2542.179488 99.842536 
2544.108304 99.793006 
2546.037120 99.819893 
2547.965936 99.841425 
2549.894752 99.826881 
2551.823568 99.844515 
2553.752384 99.847150 
2555.681200 99.829812 
2557.610016 99.815721 
2559.538832 99.804843 
2561.467648 99.825115 
2563.396464 99.856563 
2565.325280 99.805562 
2567.254096 99.777632 
2569.182912 99.860427 
2571.111728 99.871487 
2573.040544 99.825976 
2574.969360 99.817087 
2576.898176 99.828985 
2578.826992 99.837774 
2580.755808 99.820302 
2582.684624 99.803006 
2584.613440 99.799409 
2586.542256 99.781534 
2588.471072 99.824198 
2590.399888 99.834432 
2592.328704 99.809732 
2594.257520 99.803074 
2596.186336 99.803913 
2598.115152 99.854716 
2600.043968 99.831331 
2601.972784 99.802030 
2603.901600 99.841987 
2605.830416 99.858010 
2607.759232 99.866620 
2609.688048 99.854049 
2611.616864 99.840415 
2613.545680 99.881229 
2615.474496 99.918656 
2617.403312 99.963821 
2619.332128 99.979282 
2621.260944 99.961465 
2623.189760 99.981231 
2625.118576 100.041921 
2627.047392 100.083228 
2628.976208 100.070987 
2630.905024 99.999370 
2632.833840 99.909123 
2634.762656 99.891114 
2636.691472 99.867659 
2638.620288 99.869250 
2640.549104 99.878843 
2642.477920 99.871102 
2644.406736 99.842212 
2646.335552 99.800973 
2648.264368 99.810941 
2650.193184 99.841210 
2652.122000 99.811783 
2654.050816 99.781462 
2655.979632 99.781876 
2657.908448 99.766247 
2659.837264 99.750051 
2661.766080 99.769503 
2663.694896 99.771898 
2665.623712 99.768047 
2667.552528 99.791248 
2669.481344 99.806066 
2671.410160 99.777627 
2673.338976 99.768236 
2675.267792 99.791502 
2677.196608 99.792239 
2679.125424 99.804641 
2681.054240 99.806183 
2682.983056 99.798563 
2684.911872 99.822142 
2686.840688 99.843573 
2688.769504 99.781167 
2690.698320 99.746176 
2692.627136 99.777328 
2694.555952 99.802959 
2696.484768 99.803100 
2698.413584 99.797774 
2700.342400 99.785727 
2702.271216 99.756106 
2704.200032 99.760042 
2706.128848 99.763785 
2708.057664 99.775383 
2709.986480 99.786958 
2711.915296 99.797410 
2713.844112 99.784532 
2715.772928 99.780639 
2717.701744 99.808779 
2719.630560 99.835247 
2721.559376 99.793162 
2723.488192 99.769351 
2725.417008 99.762346 
2727.345824 99.737005 
2729.274640 99.760728 
2731.203456 99.796617 
2733.132272 99.779184 
2735.061088 99.751959 
2736.989904 99.745607 
2738.918720 99.752601 
2740.847536 99.761312 
2742.776352 99.775028 
2744.705168 99.778922 
2746.633984 99.760263 
2748.562800 99.760357 
2750.491616 99.761408 
2752.420432 99.759238 
2754.349248 99.755973 
2756.278064 99.757910 
2758.206880 99.766375 
2760.135696 99.764448 
2762.064512 99.759483 
2763.993328 99.736451 
2765.922144 99.736710 
2767.850960 99.734895 
2769.779776 99.714790 
2771.708592 99.767594 
2773.637408 99.819331 
2775.566224 99.817923 
2777.495040 99.814967 
2779.423856 99.812740 
2781.352672 99.805044 
2783.281488 99.804688 
2785.210304 99.810258 
2787.139120 99.828201 
2789.067936 99.820804 
2790.996752 99.795379 
2792.925568 99.814041 
2794.854384 99.844359 
2796.783200 99.827098 
2798.712016 99.803806 
2800.640832 99.835577 
2802.569648 99.833424 
2804.498464 99.820272 
2806.427280 99.838039 
2808.356096 99.851967 
2810.284912 99.819948 
2812.213728 99.800538 
2814.142544 99.822033 
2816.071360 99.831366 
2818.000176 99.845105 
2819.928992 99.846827 
2821.857808 99.849810 
2823.786624 99.842718 
2825.715440 99.815462 
2827.644256 99.814549 
2829.573072 99.811093 
2831.501888 99.830513 
2833.430704 99.843488 
2835.359520 99.853358 
2837.288336 99.862594 
2839.217152 99.869533 
2841.145968 99.847304 
2843.074784 99.840426 
2845.003600 99.834986 
2846.932416 99.833112 
2848.861232 99.792369 
2850.790048 99.739919 
2852.718864 99.725123 
2854.647680 99.718977 
2856.576496 99.700148 
2858.505312 99.707411 
2860.434128 99.720532 
2862.362944 99.719728 
2864.291760 99.707341 
2866.220576 99.713063 
2868.149392 99.724846 
2870.078208 99.732810 
2872.007024 99.771092 
2873.935840 99.786663 
2875.864656 99.789017 
2877.793472 99.776298 
2879.722288 99.778494 
2881.651104 99.825245 
2883.579920 99.851761 
2885.508736 99.885394 
2887.437552 99.909816 
2889.366368 99.927438 
2891.295184 99.964760 
2893.224000 99.965985 
2895.152816 99.966882 
2897.081632 99.995922 
2899.010448 100.029632 
2900.939264 100.033122 
2902.868080 100.065538 
2904.796896 100.088587 
2906.725712 100.079374 
2908.654528 100.083863 
2910.583344 100.061636 
2912.512160 100.035793 
2914.440976 100.057992 
2916.369792 100.113266 
2918.298608 100.140517 
2920.227424 100.143504 
2922.156240 100.180349 
2924.085056 100.231246 
2926.013872 100.259541 
2927.942688 100.262273 
2929.871504 100.267718 
2931.800320 100.297499 
2933.729136 100.327181 
2935.657952 100.397362 
2937.586768 100.531276 
2939.515584 100.718814 
2941.444400 100.903891 
2943.373216 101.044396 
2945.302032 101.076848 
2947.230848 100.992299 
2949.159664 100.856516 
2951.088480 100.708063 
2953.017296 100.619664 
2954.946112 100.559450 
2956.874928 100.503236 
2958.803744 100.461953 
2960.732560 100.428959 
2962.661376 100.393391 
2964.590192 100.397549 
2966.519008 100.401259 
2968.447824 100.364146 
2970.376640 100.349092 
2972.305456 100.329710 
2974.234272 100.277326 
2976.163088 100.298051 
2978.091904 100.346972 
2980.020720 100.370286 
2981.949536 100.436614 
2983.878352 100.506674 
2985.807168 100.533887 
2987.735984 100.581027 
2989.664800 100.652961 
2991.593616 100.711645 
2993.522432 100.781809 
2995.451248 100.862358 
2997.380064 100.946502 
2999.308880 100.992924 
3001.237696 101.082805 
3003.166512 101.154374 
3005.095328 101.123841 
3007.024144 100.996936 
3008.952960 100.906107 
3010.881776 100.853246 
3012.810592 100.749789 
3014.739408 100.654087 
3016.668224 100.642658 
3018.597040 100.590630 
3020.525856 100.492517 
3022.454672 100.430780 
3024.383488 100.411599 
3026.312304 100.373776 
3028.241120 100.330622 
3030.169936 100.291388 
3032.098752 100.257846 
3034.027568 100.229439 
3035.956384 100.169126 
3037.885200 100.116306 
3039.814016 100.091572 
3041.742832 100.096443 
3043.671648 100.058854 
3045.600464 99.987242 
3047.529280 99.940464 
3049.458096 99.955482 
3051.386912 99.971627 
3053.315728 99.912011 
3055.244544 99.866687 
3057.173360 99.851704 
3059.102176 99.837584 
3061.030992 99.792438 
3062.959808 99.788112 
3064.888624 99.799002 
3066.817440 99.772664 
3068.746256 99.749825 
3070.675072 99.756377 
3072.603888 99.742661 
3074.532704 99.757640 
3076.461520 99.767826 
3078.390336 99.789275 
3080.319152 99.801894 
3082.247968 99.822630 
3084.176784 99.875560 
3086.105600 99.867500 
3088.034416 99.853748 
3089.963232 99.853627 
3091.892048 99.846640 
3093.820864 99.832676 
3095.749680 99.822560 
3097.678496 99.829889 
3099.607312 99.868249 
3101.536128 99.881949 
3103.464944 99.875353 
3105.393760 99.873454 
3107.322576 99.859875 
3109.251392 99.863393 
3111.180208 99.860247 
3113.109024 99.851707 
3115.037840 99.887732 
3116.966656 99.904441 
3118.895472 99.835416 
3120.824288 99.807895 
3122.753104 99.834853 
3124.681920 99.864106 
3126.610736 99.845682 
3128.539552 99.823865 
3130.468368 99.796303 
3132.397184 99.802248 
3134.326000 99.829265 
3136.254816 99.819935 
3138.183632 99.830268 
3140.112448 99.848308 
3142.041264 99.823426 
3143.970080 99.808246 
3145.898896 99.819919 
3147.827712 99.836437 
3149.756528 99.847205 
3151.685344 99.856183 
3153.614160 99.880973 
3155.542976 99.923051 
3157.471792 99.991613 
3159.400608 100.126857 
3161.329424 100.310580 
3163.258240 100.432478 
3165.187056 100.446547 
3167.115872 100.318662 
3169.044688 100.166628 
3170.973504 100.067135 
3172.902320 99.982778 
3174.831136 99.927005 
3176.759952 99.884036 
3178.688768 99.810613 
3180.617584 99.744627 
3182.546400 99.743515 
3184.475216 99.773198 
3186.404032 99.778643 
3188.332848 99.779032 
3190.261664 99.759298 
3192.190480 99.739359 
3194.119296 99.757145 
3196.048112 99.815114 
3197.976928 99.867266 
3199.905744 99.862412 
3201.834560 99.822996 
3203.763376 99.803734 
3205.692192 99.814335 
3207.621008 99.769721 
3209.549824 99.755624 
3211.478640 99.739616 
3213.407456 99.735188 
3215.336272 99.716222 
3217.265088 99.663021 
3219.193904 99.685793 
3221.122720 99.713524 
3223.051536 99.676545 
3224.980352 99.710306 
3226.909168 99.737830 
3228.837984 99.689445 
3230.766800 99.695726 
3232.695616 99.693355 
3234.624432 99.649910 
3236.553248 99.645405 
3238.482064 99.659549 
3240.410880 99.674148 
3242.339696 99.675712 
3244.268512 99.655660 
3246.197328 99.610404 
3248.126144 99.590021 
3250.054960 99.586911 
3251.983776 99.561323 
3253.912592 99.589832 
3255.841408 99.633195 
3257.770224 99.636183 
3259.699040 99.650370 
3261.627856 99.645142 
3263.556672 99.646486 
3265.485488 99.656597 
3267.414304 99.680875 
3269.343120 99.654380 
3271.271936 99.642144 
3273.200752 99.625776 
3275.129568 99.582856 
3277.058384 99.618552 
3278.987200 99.627680 
3280.916016 99.586975 
3282.844832 99.593942 
3284.773648 99.615486 
3286.702464 99.662208 
3288.631280 99.647157 
3290.560096 99.644947 
3292.488912 99.684575 
3294.417728 99.641668 
3296.346544 99.628817 
3298.275360 99.650102 
3300.204176 99.608458 
3302.132992 99.535646 
3304.061808 99.544807 
3305.990624 99.555412 
3307.919440 99.560577 
3309.848256 99.616148 
3311.777072 99.606541 
3313.705888 99.553565 
3315.634704 99.572512 
3317.563520 99.600296 
3319.492336 99.597755 
3321.421152 99.603008 
3323.349968 99.572127 
3325.278784 99.578000 
3327.207600 99.644560 
3329.136416 99.642256 
3331.065232 99.647233 
3332.994048 99.659508 
3334.922864 99.602427 
3336.851680 99.541906 
3338.780496 99.540813 
3340.709312 99.542431 
3342.638128 99.563083 
3344.566944 99.628901 
3346.495760 99.620823 
3348.424576 99.589003 
3350.353392 99.599767 
3352.282208 99.549424 
3354.211024 99.532121 
3356.139840 99.543636 
3358.068656 99.576875 
3359.997472 99.627650 
3361.926288 99.562413 
3363.855104 99.519856 
3365.783920 99.518916 
3367.712736 99.567575 
3369.641552 99.557414 
3371.570368 99.499021 
3373.499184 99.511788 
3375.428000 99.520998 
3377.356816 99.514668 
3379.285632 99.512549 
3381.214448 99.551716 
3383.143264 99.583086 
3385.072080 99.599141 
3387.000896 99.571586 
3388.929712 99.554282 
3390.858528 99.551299 
3392.787344 99.566667 
3394.716160 99.562021 
3396.644976 99.590541 
3398.573792 99.616412 
3400.502608 99.598072 
3402.431424 99.598796 
3404.360240 99.651229 
3406.289056 99.645658 
3408.217872 99.587740 
3410.146688 99.557781 
3412.075504 99.531708 
3414.004320 99.581203 
3415.933136 99.636998 
3417.861952 99.648334 
3419.790768 99.620185 
3421.719584 99.585923 
3423.648400 99.569293 
3425.577216 99.551039 
3427.506032 99.600655 
3429.434848 99.629355 
3431.363664 99.622165 
3433.292480 99.634581 
3435.221296 99.599824 
3437.150112 99.613191 
3439.078928 99.626279 
3441.007744 99.644843 
3442.936560 99.639005 
3444.865376 99.640280 
3446.794192 99.692167 
3448.723008 99.722396 
3450.651824 99.740747 
3452.580640 99.752011 
3454.509456 99.761381 
3456.438272 99.776173 
3458.367088 99.771853 
3460.295904 99.806773 
3462.224720 99.820200 
3464.153536 99.769360 
3466.082352 99.745685 
3468.011168 99.719421 
3469.939984 99.737233 
3471.868800 99.805998 
3473.797616 99.781009 
3475.726432 99.771853 
3477.655248 99.779097 
3479.584064 99.832457 
3481.512880 99.864501 
3483.441696 99.872285 
3485.370512 99.885237 
3487.299328 99.844377 
3489.228144 99.810387 
3491.156960 99.887546 
3493.085776 99.941866 
3495.014592 99.942920 
3496.943408 99.929094 
3498.872224 99.922409 
3500.801040 100.013967 
3502.729856 100.073660 
3504.658672 100.005559 
3506.587488 99.940145 
3508.516304 99.967532 
3510.445120 100.027760 
3512.373936 100.048869 
3514.302752 100.109256 
3516.231568 100.175994 
3518.160384 100.202478 
3520.089200 100.247555 
3522.018016 100.224674 
3523.946832 100.178154 
3525.875648 100.234027 
3527.804464 100.283693 
3529.733280 100.300738 
3531.662096 100.338670 
3533.590912 100.351995 
3535.519728 100.317643 
3537.448544 100.332415 
3539.377360 100.298638 
3541.306176 100.322530 
3543.234992 100.363997 
3545.163808 100.336421 
3547.092624 100.302839 
3549.021440 100.310991 
3550.950256 100.324193 
3552.879072 100.293039 
3554.807888 100.225650 
3556.736704 100.246815 
3558.665520 100.279455 
3560.594336 100.271219 
3562.523152 100.315177 
3564.451968 100.368295 
3566.380784 100.393257 
3568.309600 100.331257 
3570.238416 100.263414 
3572.167232 100.187448 
3574.096048 100.134443 
3576.024864 100.173588 
3577.953680 100.228740 
3579.882496 100.293957 
3581.811312 100.303575 
3583.740128 100.268388 
3585.668944 100.274785 
3587.597760 100.322735 
3589.526576 100.365583 
3591.455392 100.296890 
3593.384208 100.218269 
3595.313024 100.193863 
3597.241840 100.177172 
3599.170656 100.305185 
3601.099472 100.435837 
3603.028288 100.410775 
3604.957104 100.329849 
3606.885920 100.306987 
3608.814736 100.362738 
3610.743552 100.445338 
3612.672368 100.450597 
3614.601184 100.434669 
3616.530000 100.412607 
3618.458816 100.451903 
3620.387632 100.487831 
3622.316448 100.487175 
3624.245264 100.445686 
3626.174080 100.451513 
3628.102896 100.551416 
3630.031712 100.595455 
3631.960528 100.516595 
3633.889344 100.488461 
3635.818160 100.444738 
3637.746976 100.419221 
3639.675792 100.479582 
3641.604608 100.523446 
3643.533424 100.535449 
3645.462240 100.476707 
3647.391056 100.360922 
3649.319872 100.510150 
3651.248688 100.567603 
3653.177504 100.525691 
3655.106320 100.465430 
3657.035136 100.406955 
3658.963952 100.374281 
3660.892768 100.407498 
3662.821584 100.393430 
3664.750400 100.315419 
3666.679216 100.211283 
3668.608032 100.187756 
3670.536848 100.282701 
3672.465664 100.264927 
3674.394480 100.156472 
3676.323296 100.040992 
3678.252112 100.021778 
3680.180928 99.999667 
3682.109744 100.003371 
3684.038560 100.025035 
3685.967376 99.967515 
3687.896192 99.769470 
3689.825008 99.765858 
3691.753824 99.881531 
3693.682640 99.906568 
3695.611456 99.840508 
3697.540272 99.811360 
3699.469088 99.803155 
3701.397904 99.758337 
3703.326720 99.686775 
3705.255536 99.676233 
3707.184352 99.708834 
3709.113168 99.624229 
3711.041984 99.492726 
3712.970800 99.654870 
3714.899616 99.724701 
3716.828432 99.648392 
3718.757248 99.621499 
3720.686064 99.678154 
3722.614880 99.674506 
3724.543696 99.652551 
3726.472512 99.649424 
3728.401328 99.649776 
3730.330144 99.601479 
3732.258960 99.652842 
3734.187776 99.758554 
3736.116592 99.813173 
3738.045408 99.774485 
3739.974224 99.683059 
3741.903040 99.600171 
3743.831856 99.488036 
3745.760672 99.533562 
3747.689488 99.590698 
3749.618304 99.595937 
3751.547120 99.759947 
3753.475936 99.788963 
3755.404752 99.710829 
3757.333568 99.642102 
3759.262384 99.609164 
3761.191200 99.607516 
3763.120016 99.564697 
3765.048832 99.568133 
3766.977648 99.643249 
3768.906464 99.676993 
3770.835280 99.718957 
3772.764096 99.679159 
3774.692912 99.623267 
3776.621728 99.594895 
3778.550544 99.599825 
3780.479360 99.614529 
3782.408176 99.642987 
3784.336992 99.658210 
3786.265808 99.676318 
3788.194624 99.680818 
3790.123440 99.636659 
3792.052256 99.620348 
3793.981072 99.594459 
3795.909888 99.590334 
3797.838704 99.697726 
3799.767520 99.717951 
3801.696336 99.703032 
3803.625152 99.695986 
3805.553968 99.636930 
3807.482784 99.537166 
3809.411600 99.590707 
3811.340416 99.625869 
3813.269232 99.631756 
3815.198048 99.647612 
3817.126864 99.651276 
3819.055680 99.610413 
3820.984496 99.697621 
3822.913312 99.738516 
3824.842128 99.697428 
3826.770944 99.670502 
3828.699760 99.675242 
3830.628576 99.652935 
3832.557392 99.640832 
3834.486208 99.617157 
3836.415024 99.565462 
3838.343840 99.569987 
3840.272656 99.663162 
3842.201472 99.635120 
3844.130288 99.596007 
3846.059104 99.553464 
3847.987920 99.560496 
3849.916736 99.534147 
3851.845552 99.442545 
3853.774368 99.705876 
3855.703184 99.849417 
3857.632000 99.731701 
3859.560816 99.659020 
3861.489632 99.640165 
3863.418448 99.664047 
3865.347264 99.620807 
3867.276080 99.606807 
3869.204896 99.618846 
3871.133712 99.690872 
3873.062528 99.675697 
3874.991344 99.695627 
3876.920160 99.678519 
3878.848976 99.630655 
3880.777792 99.632356 
3882.706608 99.674071 
3884.635424 99.680478 
3886.564240 99.728728 
3888.493056 99.683413 
3890.421872 99.642174 
3892.350688 99.672563 
3894.279504 99.717441 
3896.208320 99.710058 
3898.137136 99.660982 
3900.065952 99.607746 
3901.994768 99.637237 
3903.923584 99.670482 
3905.852400 99.623373 
3907.781216 99.641424 
3909.710032 99.666673 
3911.638848 99.626301 
3913.567664 99.598586 
3915.496480 99.612289 
3917.425296 99.679375 
3919.354112 99.681024 
3921.282928 99.630543 
3923.211744 99.642329 
3925.140560 99.700427 
3927.069376 99.656595 
3928.998192 99.568685 
3930.927008 99.519326 
3932.855824 99.567525 
3934.784640 99.664590 
3936.713456 99.657558 
3938.642272 99.606812 
3940.571088 99.625439 
3942.499904 99.633153 
3944.428720 99.612418 
3946.357536 99.583907 
3948.286352 99.650411 
3950.215168 99.715627 
3952.143984 99.711824 
3954.072800 99.698617 
3956.001616 99.717826 
3957.930432 99.644884 
3959.859248 99.560725 
3961.788064 99.601134 
3963.716880 99.701349 
3965.645696 99.716320 
3967.574512 99.682841 
3969.503328 99.679084 
3971.432144 99.685904 
3973.360960 99.646039 
3975.289776 99.669831 
3977.218592 99.691960 
3979.147408 99.634352 
3981.076224 99.610221 
3983.005040 99.670107 
3984.933856 99.678471 
3986.862672 99.633508 
3988.791488 99.602871 
3990.720304 99.628502 
3992.649120 99.637004 
3994.577936 99.637542 
3996.506752 99.671886 
3998.435568 99.669078 
4000.364384 99.655655 