##YUNITS=%T
399.264912 78.314979 
401.193728 67.319188 
403.122544 70.263225 
405.051360 156.678798 
406.980176 101.161468 
408.908992 75.389476 
410.837808 158.082485 
412.766624 181.737746 
414.695440 120.627182 
416.624256 83.094749 
418.553072 56.235454 
420.481888 125.755685 
422.410704 119.655035 
424.339520 120.366734 
426.268336 162.200160 
428.197152 138.420794 
430.125968 130.932439 
432.054784 136.878802 
433.983600 110.158612 
435.912416 106.597057 
437.841232 93.480857 
439.770048 116.647721 
441.698864 149.600499 
443.627680 107.807343 
445.556496 59.800208 
447.485312 55.808370 
449.414128 91.218259 
451.342944 112.870773 
453.271760 100.210784 
455.200576 68.508033 
457.129392 57.250663 
459.058208 86.112782 
460.987024 116.612033 
462.915840 141.091568 
464.844656 164.705107 
466.773472 161.262899 
468.702288 136.499825 
470.631104 111.048528 
472.559920 95.027141 
474.488736 89.156411 
476.417552 121.486192 
478.346368 138.819284 
480.275184 104.911548 
482.204000 93.733869 
484.132816 98.513179 
486.061632 83.492229 
487.990448 92.368637 
489.919264 103.741230 
491.848080 130.476841 
493.776896 157.576049 
495.705712 138.386546 
497.634528 127.815292 
499.563344 90.603498 
501.492160 71.293753 
503.420976 90.455419 
505.349792 118.551072 
507.278608 102.649152 
509.207424 95.992960 
511.136240 93.125992 
513.065056 88.652701 
514.993872 110.537503 
516.922688 134.976238 
518.851504 102.611531 
520.780320 84.876006 
522.709136 86.718538 
524.637952 100.163037 
526.566768 108.710945 
528.495584 84.167114 
530.424400 83.154858 
532.353216 108.953099 
534.282032 115.305258 
536.210848 119.095858 
538.139664 118.160035 
540.068480 99.964862 
541.997296 90.492328 
543.926112 112.062439 
545.854928 137.934623 
547.783744 109.014809 
549.712560 111.519524 
551.641376 122.153845 
553.570192 126.824258 
555.499008 110.517884 
557.427824 92.782305 
559.356640 90.469054 
561.285456 81.083535 
563.214272 81.111372 
565.143088 85.500667 
567.071904 96.822279 
569.000720 103.510535 
570.929536 99.623322 
572.858352 101.555750 
574.787168 99.355675 
576.715984 90.251027 
578.644800 90.635002 
580.573616 90.018367 
582.502432 95.006218 
584.431248 99.781245 
586.360064 100.301849 
588.288880 98.919136 
590.217696 97.915662 
592.146512 98.666182 
594.075328 102.660845 
596.004144 98.148363 
597.932960 95.333329 
599.861776 95.034488 
601.790592 92.010692 
603.719408 92.886864 
605.648224 97.784230 
607.577040 97.903614 
609.505856 95.634310 
611.434672 96.773489 
613.363488 93.200995 
615.292304 89.991929 
617.221120 92.373804 
619.149936 96.558199 
621.078752 97.305635 
623.007568 93.879174 
624.936384 93.799972 
626.865200 95.224101 
628.794016 94.262517 
630.722832 95.789305 
632.651648 97.707382 
634.580464 95.263308 
636.509280 94.780629 
638.438096 97.654336 
640.366912 96.814807 
642.295728 95.203665 
644.224544 93.398600 
646.153360 95.336077 
648.082176 94.482539 
650.010992 92.955499 
651.939808 93.156988 
653.868624 93.219836 
655.797440 93.758081 
657.726256 94.173355 
659.655072 93.799150 
661.583888 93.815814 
663.512704 94.033280 
665.441520 93.941278 
667.370336 94.490745 
669.299152 93.899014 
671.227968 93.677481 
673.156784 94.070253 
675.085600 94.282290 
677.014416 94.498014 
678.943232 94.642623 
680.872048 94.335723 
682.800864 94.206284 
684.729680 94.417675 
686.658496 94.605453 
688.587312 94.654211 
690.516128 94.715108 
692.444944 94.783116 
694.373760 94.656250 
696.302576 94.721604 
698.231392 94.824472 
700.160208 94.905448 
702.089024 94.739349 
704.017840 94.701814 
705.946656 94.921032 
707.875472 94.784138 
709.804288 94.755080 
711.733104 95.277706 
713.661920 95.418798 
715.590736 95.166120 
717.519552 95.049913 
719.448368 95.307093 
721.377184 95.416235 
723.306000 95.378165 
725.234816 95.637149 
727.163632 95.753245 
729.092448 95.683019 
731.021264 95.825601 
732.950080 95.904907 
734.878896 95.855176 
736.807712 95.666662 
738.736528 95.776512 
740.665344 96.120678 
742.594160 96.178616 
744.522976 96.063157 
746.451792 96.161808 
748.380608 96.222161 
750.309424 96.327759 
752.238240 96.442163 
754.167056 96.473597 
756.095872 96.532802 
758.024688 96.522420 
759.953504 96.554104 
761.882320 96.537389 
763.811136 96.455106 
765.739952 96.662645 
767.668768 96.817495 
769.597584 96.804915 
771.526400 96.827126 
773.455216 96.904399 
775.384032 96.890090 
777.312848 96.974376 
779.241664 96.942893 
781.170480 96.847817 
783.099296 96.973363 
785.028112 97.233037 
786.956928 97.404424 
788.885744 97.286529 
790.814560 97.332492 
792.743376 97.504022 
794.672192 97.447523 
796.601008 97.392480 
798.529824 97.437339 
800.458640 97.584162 
802.387456 97.557497 
804.316272 97.644794 
806.245088 97.659618 
808.173904 97.445500 
810.102720 97.463010 
812.031536 97.715595 
813.960352 97.734625 
815.889168 97.827041 
817.817984 97.866020 
819.746800 97.919020 
821.675616 97.920881 
823.604432 98.006265 
825.533248 98.158348 
827.462064 98.111758 
829.390880 98.063882 
831.319696 98.039578 
833.248512 98.178166 
835.177328 98.277580 
837.106144 98.214536 
839.034960 98.158018 
840.963776 98.277370 
842.892592 98.409258 
844.821408 98.343304 
846.750224 98.357589 
848.679040 98.339152 
850.607856 98.358292 
852.536672 98.517022 
854.465488 98.609142 
856.394304 98.627965 
858.323120 98.538445 
860.251936 98.629050 
862.180752 98.643090 
864.109568 98.534942 
866.038384 98.780264 
867.967200 99.046356 
869.896016 98.905509 
871.824832 98.607788 
873.753648 98.512171 
875.682464 98.674088 
877.611280 98.701173 
879.540096 98.542988 
881.468912 98.540207 
883.397728 98.571934 
885.326544 98.619075 
887.255360 98.663661 
889.184176 98.646876 
891.112992 98.680589 
893.041808 98.810363 
894.970624 98.762902 
896.899440 98.670213 
898.828256 98.766708 
900.757072 98.710840 
902.685888 98.696036 
904.614704 98.737758 
906.543520 98.733966 
908.472336 98.692380 
910.401152 98.750664 
912.329968 98.856315 
914.258784 98.802523 
916.187600 98.724353 
918.116416 98.822801 
920.045232 98.848550 
921.974048 98.810191 
923.902864 98.746993 
925.831680 98.662488 
927.760496 98.650710 
929.689312 98.602466 
931.618128 98.578695 
933.546944 98.542580 
935.475760 98.639238 
937.404576 98.770178 
939.333392 98.776793 
941.262208 98.532942 
943.191024 98.433200 
945.119840 98.488097 
947.048656 98.379543 
948.977472 98.355291 
950.906288 98.376824 
952.835104 98.321020 
954.763920 98.279187 
956.692736 98.231554 
958.621552 98.108013 
960.550368 98.088412 
962.479184 98.047018 
964.408000 97.934460 
966.336816 97.855578 
968.265632 97.849556 
970.194448 97.775044 
972.123264 97.607177 
974.052080 97.537959 
975.980896 97.420260 
977.909712 97.307896 
979.838528 97.187118 
981.767344 96.965150 
983.696160 96.681064 
985.624976 96.390910 
987.553792 96.047212 
989.482608 95.641066 
991.411424 95.197543 
993.340240 94.629199 
995.269056 93.971617 
997.197872 93.061860 
999.126688 92.044821 
1001.055504 90.643148 
1002.984320 88.735479 
1004.913136 86.471051 
1006.841952 83.861780 
1008.770768 80.868711 
1010.699584 77.480298 
1012.628400 73.976926 
1014.557216 70.597652 
1016.486032 67.074151 
1018.414848 63.747888 
1020.343664 61.128582 
1022.272480 60.033389 
1024.201296 61.002403 
1026.130112 63.982406 
1028.058928 67.925620 
1029.987744 72.022668 
1031.916560 75.774148 
1033.845376 79.118252 
1035.774192 82.161187 
1037.703008 84.892679 
1039.631824 87.283334 
1041.560640 89.474414 
1043.489456 91.330684 
1045.418272 92.842739 
1047.347088 94.026414 
1049.275904 94.900578 
1051.204720 95.531071 
1053.133536 96.083207 
1055.062352 96.530026 
1056.991168 96.860989 
1058.919984 97.104047 
1060.848800 97.276734 
1062.777616 97.383816 
1064.706432 97.463810 
1066.635248 97.524763 
1068.564064 97.604127 
1070.492880 97.693341 
1072.421696 97.810783 
1074.350512 97.860788 
1076.279328 97.876407 
1078.208144 97.935264 
1080.136960 97.970648 
1082.065776 97.939287 
1083.994592 97.965170 
1085.923408 97.943316 
1087.852224 97.918501 
1089.781040 97.864061 
1091.709856 97.834768 
1093.638672 97.791609 
1095.567488 97.739398 
1097.496304 97.678156 
1099.425120 97.611065 
1101.353936 97.593455 
1103.282752 97.514160 
1105.211568 97.453364 
1107.140384 97.460899 
1109.069200 97.399449 
1110.998016 97.296909 
1112.926832 97.226375 
1114.855648 97.295683 
1116.784464 97.385261 
1118.713280 97.436574 
1120.642096 97.446142 
1122.570912 97.497845 
1124.499728 97.536379 
1126.428544 97.599645 
1128.357360 97.723802 
1130.286176 97.822481 
1132.214992 97.978217 
1134.143808 98.053464 
1136.072624 98.182174 
1138.001440 98.352152 
1139.930256 98.368337 
1141.859072 98.418798 
1143.787888 98.443564 
1145.716704 98.457028 
1147.645520 98.505083 
1149.574336 98.531629 
1151.503152 98.504388 
1153.431968 98.609924 
1155.360784 98.701681 
1157.289600 98.686316 
1159.218416 98.640452 
1161.147232 98.655153 
1163.076048 98.676536 
1165.004864 98.678947 
1166.933680 98.681353 
1168.862496 98.657008 
1170.791312 98.651159 
1172.720128 98.683166 
1174.648944 98.691950 
1176.577760 98.648299 
1178.506576 98.647080 
1180.435392 98.697539 
1182.364208 98.712413 
1184.293024 98.685636 
1186.221840 98.640762 
1188.150656 98.629763 
1190.079472 98.653166 
1192.008288 98.671755 
1193.937104 98.728158 
1195.865920 98.736261 
1197.794736 98.721422 
1199.723552 98.724789 
1201.652368 98.698225 
1203.581184 98.717136 
1205.510000 98.744199 
1207.438816 98.729010 
1209.367632 98.695670 
1211.296448 98.684344 
1213.225264 98.691405 
1215.154080 98.694960 
1217.082896 98.708762 
1219.011712 98.691723 
1220.940528 98.691878 
1222.869344 98.735728 
1224.798160 98.749907 
1226.726976 98.728595 
1228.655792 98.696377 
1230.584608 98.673556 
1232.513424 98.670343 
1234.442240 98.709057 
1236.371056 98.720314 
1238.299872 98.651937 
1240.228688 98.641143 
1242.157504 98.670804 
1244.086320 98.698872 
1246.015136 98.684591 
1247.943952 98.651736 
1249.872768 98.663918 
1251.801584 98.688093 
1253.730400 98.705863 
1255.659216 98.699838 
1257.588032 98.701451 
1259.516848 98.689537 
1261.445664 98.680618 
1263.374480 98.677453 
1265.303296 98.658938 
1267.232112 98.656314 
1269.160928 98.646773 
1271.089744 98.628700 
1273.018560 98.619785 
1274.947376 98.614082 
1276.876192 98.576968 
1278.805008 98.545820 
1280.733824 98.525214 
1282.662640 98.515104 
1284.591456 98.507919 
1286.520272 98.510306 
1288.449088 98.526188 
1290.377904 98.535144 
1292.306720 98.537346 
1294.235536 98.531581 
1296.164352 98.523745 
1298.093168 98.497873 
1300.021984 98.482324 
1301.950800 98.457702 
1303.879616 98.449620 
1305.808432 98.480688 
1307.737248 98.501303 
1309.666064 98.456221 
1311.594880 98.448589 
1313.523696 98.440756 
1315.452512 98.448368 
1317.381328 98.437810 
1319.310144 98.441330 
1321.238960 98.423108 
1323.167776 98.396956 
1325.096592 98.359628 
1327.025408 98.318199 
1328.954224 98.306022 
1330.883040 98.335371 
1332.811856 98.347593 
1334.740672 98.315090 
1336.669488 98.310685 
1338.598304 98.333754 
1340.527120 98.265478 
1342.455936 98.205424 
1344.384752 98.200770 
1346.313568 98.207345 
1348.242384 98.202767 
1350.171200 98.171682 
1352.100016 98.158255 
1354.028832 98.130692 
1355.957648 98.067042 
1357.886464 98.023102 
1359.815280 98.029308 
1361.744096 98.034519 
1363.672912 97.937978 
1365.601728 97.891920 
1367.530544 97.880267 
1369.459360 97.807970 
1371.388176 97.787120 
1373.316992 97.816514 
1375.245808 97.737514 
1377.174624 97.617696 
1379.103440 97.545452 
1381.032256 97.480032 
1382.961072 97.406844 
1384.889888 97.349591 
1386.818704 97.248165 
1388.747520 97.133144 
1390.676336 97.077489 
1392.605152 97.074610 
1394.533968 97.039382 
1396.462784 96.994758 
1398.391600 96.880136 
1400.320416 96.701059 
1402.249232 96.673658 
1404.178048 96.644172 
1406.106864 96.563750 
1408.035680 96.545925 
1409.964496 96.531097 
1411.893312 96.501551 
1413.822128 96.492537 
1415.750944 96.522840 
1417.679760 96.555400 
1419.608576 96.518657 
1421.537392 96.509025 
1423.466208 96.471616 
1425.395024 96.423985 
1427.323840 96.489851 
1429.252656 96.528607 
1431.181472 96.541620 
1433.110288 96.586092 
1435.039104 96.629914 
1436.967920 96.525559 
1438.896736 96.437916 
1440.825552 96.364988 
1442.754368 96.255510 
1444.683184 96.144264 
1446.612000 96.050440 
1448.540816 96.014657 
1450.469632 96.139534 
1452.398448 96.222015 
1454.327264 96.327198 
1456.256080 96.455893 
1458.184896 96.489738 
1460.113712 96.496227 
1462.042528 96.588821 
1463.971344 96.666474 
1465.900160 96.733170 
1467.828976 96.861344 
1469.757792 97.033072 
1471.686608 97.153133 
1473.615424 97.102237 
1475.544240 97.142717 
1477.473056 97.215751 
1479.401872 97.287924 
1481.330688 97.356273 
1483.259504 97.453673 
1485.188320 97.562305 
1487.117136 97.730402 
1489.045952 97.918454 
1490.974768 97.926702 
1492.903584 97.937125 
1494.832400 98.008358 
1496.761216 98.098528 
1498.690032 98.130734 
1500.618848 98.191708 
1502.547664 98.287946 
1504.476480 98.437432 
1506.405296 98.650214 
1508.334112 98.633103 
1510.262928 98.496247 
1512.191744 98.445547 
1514.120560 98.529885 
1516.049376 98.668673 
1517.978192 98.731188 
1519.907008 98.854731 
1521.835824 98.943143 
1523.764640 98.851474 
1525.693456 98.788950 
1527.622272 98.736763 
1529.551088 98.703912 
1531.479904 98.767960 
1533.408720 98.811560 
1535.337536 98.777704 
1537.266352 98.862278 
1539.195168 99.085287 
1541.123984 99.173372 
1543.052800 99.055937 
1544.981616 98.892221 
1546.910432 98.810101 
1548.839248 98.844900 
1550.768064 98.899469 
1552.696880 98.968410 
1554.625696 99.062110 
1556.554512 99.197166 
1558.483328 99.443033 
1560.412144 99.057248 
1562.340960 98.929661 
1564.269776 98.958646 
1566.198592 98.989787 
1568.127408 99.020881 
1570.056224 99.011574 
1571.985040 98.985242 
1573.913856 99.038237 
1575.842672 99.107746 
1577.771488 99.029969 
1579.700304 98.972957 
1581.629120 98.961482 
1583.557936 98.967656 
1585.486752 98.988551 
1587.415568 98.990759 
1589.344384 99.005956 
1591.273200 99.067431 
1593.202016 99.113211 
1595.130832 99.110485 
1597.059648 99.103442 
1598.988464 99.094231 
1600.917280 99.107690 
1602.846096 99.122836 
1604.774912 99.135284 
1606.703728 99.163903 
1608.632544 99.188960 
1610.561360 99.209594 
1612.490176 99.227114 
1614.418992 99.261334 
1616.347808 99.291312 
1618.276624 99.254462 
1620.205440 99.253959 
1622.134256 99.328062 
1624.063072 99.400567 
1625.991888 99.396960 
1627.920704 99.431340 
1629.849520 99.423229 
1631.778336 99.451498 
1633.707152 99.547708 
1635.635968 99.632563 
1637.564784 99.510593 
1639.493600 99.433511 
1641.422416 99.429722 
1643.351232 99.457245 
1645.280048 99.540884 
1647.208864 99.592927 
1649.137680 99.551635 
1651.066496 99.591208 
1652.995312 99.629203 
1654.924128 99.664789 
1656.852944 99.603896 
1658.781760 99.586672 
1660.710576 99.631367 
1662.639392 99.624637 
1664.568208 99.532621 
1666.497024 99.577582 
1668.425840 99.687485 
1670.354656 99.703161 
1672.283472 99.645789 
1674.212288 99.622743 
1676.141104 99.599221 
1678.069920 99.640739 
1679.998736 99.664197 
1681.927552 99.685885 
1683.856368 99.815754 
1685.785184 99.682178 
1687.714000 99.587190 
1689.642816 99.550000 
1691.571632 99.519508 
1693.500448 99.576148 
1695.429264 99.689093 
1697.358080 99.644169 
1699.286896 99.590922 
1701.215712 99.537845 
1703.144528 99.489463 
1705.073344 99.468336 
1707.002160 99.407052 
1708.930976 99.375697 
1710.859792 99.368877 
1712.788608 99.413546 
1714.717424 99.534310 
1716.646240 99.617255 
1718.575056 99.484834 
1720.503872 99.392302 
1722.432688 99.387543 
1724.361504 99.331726 
1726.290320 99.311985 
1728.219136 99.387382 
1730.147952 99.477818 
1732.076768 99.572999 
1734.005584 99.585503 
1735.934400 99.417260 
1737.863216 99.386227 
1739.792032 99.388918 
1741.720848 99.375636 
1743.649664 99.393940 
1745.578480 99.425701 
1747.507296 99.535903 
1749.436112 99.586234 
1751.364928 99.506944 
1753.293744 99.383610 
1755.222560 99.371266 
1757.151376 99.381631 
1759.080192 99.351172 
1761.009008 99.346560 
1762.937824 99.356770 
1764.866640 99.349631 
1766.795456 99.399018 
1768.724272 99.445037 
1770.653088 99.493883 
1772.581904 99.503478 
1774.510720 99.394574 
1776.439536 99.355380 
1778.368352 99.377346 
1780.297168 99.404574 
1782.225984 99.371532 
1784.154800 99.390887 
1786.083616 99.354399 
1788.012432 99.335973 
1789.941248 99.415267 
1791.870064 99.502365 
1793.798880 99.461741 
1795.727696 99.428904 
1797.656512 99.399891 
1799.585328 99.410238 
1801.514144 99.403844 
1803.442960 99.387025 
1805.371776 99.369345 
1807.300592 99.364791 
1809.229408 99.403066 
1811.158224 99.437651 
1813.087040 99.411527 
1815.015856 99.395623 
1816.944672 99.437429 
1818.873488 99.430133 
1820.802304 99.385566 
1822.731120 99.412636 
1824.659936 99.464804 
1826.588752 99.498556 
1828.517568 99.535598 
1830.446384 99.509618 
1832.375200 99.436556 
1834.304016 99.393997 
1836.232832 99.416558 
1838.161648 99.436619 
1840.090464 99.421118 
1842.019280 99.442298 
1843.948096 99.525692 
1845.876912 99.511565 
1847.805728 99.473312 
1849.734544 99.453437 
1851.663360 99.433705 
1853.592176 99.406021 
1855.520992 99.414852 
1857.449808 99.430818 
1859.378624 99.416904 
1861.307440 99.385330 
1863.236256 99.404953 
1865.165072 99.452051 
1867.093888 99.516521 
1869.022704 99.551634 
1870.951520 99.452858 
1872.880336 99.431428 
1874.809152 99.447823 
1876.737968 99.497609 
1878.666784 99.553464 
1880.595600 99.528598 
1882.524416 99.447710 
1884.453232 99.416500 
1886.382048 99.420845 
1888.310864 99.466541 
1890.239680 99.526537 
1892.168496 99.505463 
1894.097312 99.543761 
1896.026128 99.478149 
1897.954944 99.456652 
1899.883760 99.494774 
1901.812576 99.463303 
1903.741392 99.407778 
1905.670208 99.447257 
1907.599024 99.529739 
1909.527840 99.501030 
1911.456656 99.462027 
1913.385472 99.498365 
1915.314288 99.475949 
1917.243104 99.478139 
1919.171920 99.532142 
1921.100736 99.520063 
1923.029552 99.485079 
1924.958368 99.427255 
1926.887184 99.394793 
1928.816000 99.471336 
1930.744816 99.437276 
1932.673632 99.416988 
1934.602448 99.499876 
1936.531264 99.576237 
1938.460080 99.531755 
1940.388896 99.451845 
1942.317712 99.447369 
1944.246528 99.493850 
1946.175344 99.442992 
1948.104160 99.464770 
1950.032976 99.637118 
1951.961792 99.675552 
1953.890608 99.659791 
1955.819424 99.618379 
1957.748240 99.558036 
1959.677056 99.552178 
1961.605872 99.482420 
1963.534688 99.541139 
1965.463504 99.521876 
1967.392320 99.389336 
1969.321136 99.452765 
1971.249952 99.561540 
1973.178768 99.547090 
1975.107584 99.644079 
1977.036400 99.619595 
1978.965216 99.555101 
1980.894032 99.382607 
1982.822848 99.312844 
1984.751664 99.337289 
1986.680480 99.386794 
1988.609296 99.572789 
1990.538112 99.647673 
1992.466928 99.536820 
1994.395744 99.494232 
1996.324560 99.655258 
1998.253376 99.599149 
2000.182192 99.484893 
2002.111008 99.511747 
2004.039824 99.513209 
2005.968640 99.413433 
2007.897456 99.449220 
2009.826272 99.531750 
2011.755088 99.614054 
2013.683904 99.529643 
2015.612720 99.565089 
2017.541536 99.551081 
2019.470352 99.304956 
2021.399168 99.337350 
2023.327984 99.462053 
2025.256800 99.434766 
2027.185616 99.345344 
2029.114432 99.347849 
2031.043248 99.423999 
2032.972064 99.374802 
2034.900880 99.396864 
2036.829696 99.328955 
2038.758512 99.183071 
2040.687328 99.218590 
2042.616144 99.168839 
2044.544960 99.117957 
2046.473776 99.142585 
2048.402592 99.263115 
2050.331408 99.263475 
2052.260224 99.176340 
2054.189040 99.264404 
2056.117856 99.384646 
2058.046672 99.377609 
2059.975488 99.404256 
2061.904304 99.322323 
2063.833120 99.243183 
2065.761936 99.246958 
2067.690752 99.317330 
2069.619568 99.353031 
2071.548384 99.292724 
2073.477200 99.251871 
2075.406016 99.245527 
2077.334832 99.282587 
2079.263648 99.353702 
2081.192464 99.403630 
2083.121280 99.437496 
2085.050096 99.428383 
2086.978912 99.392681 
2088.907728 99.401101 
2090.836544 99.449071 
2092.765360 99.437232 
2094.694176 99.377700 
2096.622992 99.312531 
2098.551808 99.385248 
2100.480624 99.386425 
2102.409440 99.285336 
2104.338256 99.295187 
2106.267072 99.416837 
2108.195888 99.468547 
2110.124704 99.411923 
2112.053520 99.408618 
2113.982336 99.407977 
2115.911152 99.428597 
2117.839968 99.538635 
2119.768784 99.569464 
2121.697600 99.512951 
2123.626416 99.437852 
2125.555232 99.441255 
2127.484048 99.466976 
2129.412864 99.457710 
2131.341680 99.492509 
2133.270496 99.540464 
2135.199312 99.627204 
2137.128128 99.678564 
2139.056944 99.646583 
2140.985760 99.651118 
2142.914576 99.620378 
2144.843392 99.658843 
2146.772208 99.740654 
2148.701024 99.690599 
2150.629840 99.620565 
2152.558656 99.695480 
2154.487472 99.712919 
2156.416288 99.690599 
2158.345104 99.579098 
2160.273920 99.371384 
2162.202736 99.348082 
2164.131552 99.431144 
2166.060368 99.415896 
2167.989184 99.434920 
2169.918000 99.472295 
2171.846816 99.556530 
2173.775632 99.539832 
2175.704448 99.552607 
2177.633264 99.551968 
2179.562080 99.480244 
2181.490896 99.573259 
2183.419712 99.558819 
2185.348528 99.452924 
2187.277344 99.433210 
2189.206160 99.383188 
2191.134976 99.266611 
2193.063792 99.262784 
2194.992608 99.422433 
2196.921424 99.463171 
2198.850240 99.432080 
2200.779056 99.519766 
2202.707872 99.597450 
2204.636688 99.492565 
2206.565504 99.531009 
2208.494320 99.624821 
2210.423136 99.628111 
2212.351952 99.577552 
2214.280768 99.570307 
2216.209584 99.613488 
2218.138400 99.526049 
2220.067216 99.484902 
2221.996032 99.421779 
2223.924848 99.323548 
2225.853664 99.387540 
2227.782480 99.491186 
2229.711296 99.465868 
2231.640112 99.334249 
2233.568928 99.315762 
2235.497744 99.428709 
2237.426560 99.458906 
2239.355376 99.440872 
2241.284192 99.459393 
2243.213008 99.446002 
2245.141824 99.399775 
2247.070640 99.354664 
2248.999456 99.359010 
2250.928272 99.383440 
2252.857088 99.358565 
2254.785904 99.413379 
2256.714720 99.487870 
2258.643536 99.488907 
2260.572352 99.472691 
2262.501168 99.397539 
2264.429984 99.411281 
2266.358800 99.426609 
2268.287616 99.382486 
2270.216432 99.377894 
2272.145248 99.329791 
2274.074064 99.374884 
2276.002880 99.461462 
2277.931696 99.385296 
2279.860512 99.311085 
2281.789328 99.291697 
2283.718144 99.314261 
2285.646960 99.309235 
2287.575776 99.281871 
2289.504592 99.300108 
2291.433408 99.291116 
2293.362224 99.291458 
2295.291040 99.326198 
2297.219856 99.322414 
2299.148672 99.311653 
2301.077488 99.351291 
2303.006304 99.353533 
2304.935120 99.322619 
2306.863936 99.304809 
2308.792752 99.289754 
2310.721568 99.271314 
2312.650384 99.295157 
2314.579200 99.334562 
2316.508016 99.323745 
2318.436832 99.253359 
2320.365648 99.166459 
2322.294464 99.170589 
2324.223280 99.208717 
2326.152096 99.240366 
2328.080912 99.249510 
2330.009728 99.216666 
2331.938544 99.269544 
2333.867360 99.219510 
2335.796176 99.147803 
2337.724992 99.167810 
2339.653808 99.171933 
2341.582624 99.178220 
2343.511440 99.158993 
2345.440256 99.173087 
2347.369072 99.202885 
2349.297888 99.302826 
2351.226704 99.322767 
2353.155520 99.258872 
2355.084336 99.313936 
2357.013152 99.407402 
2358.941968 99.357924 
2360.870784 99.311663 
2362.799600 99.395840 
2364.728416 99.372735 
2366.657232 99.301335 
2368.586048 99.262945 
2370.514864 99.284615 
2372.443680 99.308644 
2374.372496 99.398172 
2376.301312 99.448091 
2378.230128 99.428003 
2380.158944 99.358438 
2382.087760 99.309152 
2384.016576 99.306279 
2385.945392 99.318101 
2387.874208 99.275115 
2389.803024 99.261411 
2391.731840 99.273004 
2393.660656 99.288038 
2395.589472 99.309909 
2397.518288 99.313542 
2399.447104 99.329137 
2401.375920 99.358537 
2403.304736 99.367391 
2405.233552 99.357208 
2407.162368 99.336867 
2409.091184 99.323586 
2411.020000 99.357439 
2412.948816 99.340419 
2414.877632 99.290141 
2416.806448 99.300270 
2418.735264 99.333055 
2420.664080 99.338904 
2422.592896 99.299680 
2424.521712 99.255780 
2426.450528 99.269104 
2428.379344 99.263272 
2430.308160 99.231763 
2432.236976 99.242653 
2434.165792 99.261419 
2436.094608 99.274327 
2438.023424 99.275156 
2439.952240 99.283159 
2441.881056 99.246992 
2443.809872 99.242952 
2445.738688 99.276160 
2447.667504 99.281322 
2449.596320 99.228664 
2451.525136 99.211147 
2453.453952 99.205818 
2455.382768 99.189874 
2457.311584 99.208984 
2459.240400 99.182311 
2461.169216 99.166267 
2463.098032 99.198569 
2465.026848 99.201118 
2466.955664 99.169429 
2468.884480 99.179321 
2470.813296 99.188152 
2472.742112 99.180045 
2474.670928 99.155120 
2476.599744 99.125085 
2478.528560 99.125335 
2480.457376 99.146478 
2482.386192 99.131904 
2484.315008 99.105019 
2486.243824 99.087272 
2488.172640 99.073421 
2490.101456 99.026443 
2492.030272 99.049091 
2493.959088 99.053515 
2495.887904 99.026673 
2497.816720 99.033417 
2499.745536 99.031344 
2501.674352 99.015109 
2503.603168 99.003096 
2505.531984 98.985138 
2507.460800 99.003644 
2509.389616 99.047848 
2511.318432 99.058057 
2513.247248 99.025646 
2515.176064 98.982326 
2517.104880 98.956838 
2519.033696 98.990219 
2520.962512 99.010070 
2522.891328 98.959096 
2524.820144 98.906212 
2526.748960 98.918039 
2528.677776 98.952391 
2530.606592 98.971482 
2532.535408 99.015482 
2534.464224 99.037452 
2536.393040 99.003804 
2538.321856 98.981088 
2540.250672 99.011053 
2542.179488 99.001146 
2544.108304 98.993444 
2546.037120 99.039428 
2547.965936 99.062510 
2549.894752 99.051746 
2551.823568 99.003427 
2553.752384 98.996201 
2555.681200 98.976985 
2557.610016 98.963945 
2559.538832 98.955402 
2561.467648 99.000158 
2563.396464 99.026212 
2565.325280 99.015309 
2567.254096 99.007673 
2569.182912 99.006222 
2571.111728 98.990940 
2573.040544 98.994294 
2574.969360 99.014539 
2576.898176 99.016084 
2578.826992 99.068028 
2580.755808 99.061535 
2582.684624 99.011246 
2584.613440 98.988044 
2586.542256 99.015986 
2588.471072 99.010797 
2590.399888 98.995935 
2592.328704 99.037249 
2594.257520 99.044596 
2596.186336 99.034961 
2598.115152 99.038336 
2600.043968 99.006822 
2601.972784 98.998572 
2603.901600 99.008661 
2605.830416 99.017951 
2607.759232 99.022722 
2609.688048 98.990477 
2611.616864 99.000027 
2613.545680 99.042281 
2615.474496 99.085354 
2617.403312 99.085206 
2619.332128 99.092977 
2621.260944 99.078371 
2623.189760 99.057127 
2625.118576 99.061825 
2627.047392 99.056692 
2628.976208 99.052969 
2630.905024 99.077584 
2632.833840 99.095793 
2634.762656 99.108114 
2636.691472 99.093477 
2638.620288 99.098783 
2640.549104 99.098993 
2642.477920 99.093339 
2644.406736 99.077651 
2646.335552 99.084933 
2648.264368 99.109673 
2650.193184 99.105102 
2652.122000 99.084301 
2654.050816 99.087995 
2655.979632 99.098905 
2657.908448 99.112932 
2659.837264 99.123153 
2661.766080 99.111365 
2663.694896 99.128806 
2665.623712 99.137501 
2667.552528 99.113898 
2669.481344 99.109149 
2671.410160 99.115813 
2673.338976 99.127133 
2675.267792 99.128665 
2677.196608 99.141542 
2679.125424 99.125448 
2681.054240 99.115684 
2682.983056 99.114465 
2684.911872 99.083518 
2686.840688 99.073600 
2688.769504 99.076642 
2690.698320 99.077545 
2692.627136 99.086111 
2694.555952 99.092017 
2696.484768 99.086520 
2698.413584 99.095830 
2700.342400 99.099450 
2702.271216 99.070789 
2704.200032 99.043530 
2706.128848 99.041561 
2708.057664 99.061100 
2709.986480 99.072668 
2711.915296 99.052229 
2713.844112 99.045410 
2715.772928 99.060535 
2717.701744 99.069177 
2719.630560 99.058534 
2721.559376 99.030983 
2723.488192 99.003315 
2725.417008 98.983583 
2727.345824 98.962825 
2729.274640 98.979964 
2731.203456 98.979982 
2733.132272 98.974064 
2735.061088 98.969534 
2736.989904 98.956484 
2738.918720 98.947590 
2740.847536 98.912180 
2742.776352 98.891667 
2744.705168 98.858264 
2746.633984 98.819957 
2748.562800 98.797832 
2750.491616 98.793636 
2752.420432 98.777243 
2754.349248 98.711587 
2756.278064 98.680500 
2758.206880 98.666930 
2760.135696 98.603962 
2762.064512 98.555373 
2763.993328 98.558088 
2765.922144 98.534379 
2767.850960 98.465180 
2769.779776 98.410669 
2771.708592 98.378636 
2773.637408 98.325429 
2775.566224 98.262483 
2777.495040 98.226150 
2779.423856 98.206806 
2781.352672 98.151624 
2783.281488 98.061494 
2785.210304 98.004004 
2787.139120 97.963372 
2789.067936 97.880159 
2790.996752 97.799675 
2792.925568 97.732984 
2794.854384 97.682287 
2796.783200 97.617638 
2798.712016 97.534743 
2800.640832 97.442951 
2802.569648 97.351307 
2804.498464 97.259282 
2806.427280 97.145323 
2808.356096 97.023433 
2810.284912 96.873513 
2812.213728 96.697009 
2814.142544 96.535681 
2816.071360 96.329248 
2818.000176 96.093987 
2819.928992 95.824138 
2821.857808 95.556319 
2823.786624 95.285555 
2825.715440 95.030210 
2827.644256 94.766248 
2829.573072 94.584062 
2831.501888 94.598428 
2833.430704 94.784834 
2835.359520 95.100668 
2837.288336 95.505323 
2839.217152 95.904741 
2841.145968 96.266593 
2843.074784 96.542642 
2845.003600 96.737666 
2846.932416 96.918816 
2848.861232 97.076138 
2850.790048 97.142050 
2852.718864 97.181761 
2854.647680 97.207812 
2856.576496 97.245870 
2858.505312 97.279372 
2860.434128 97.284321 
2862.362944 97.273652 
2864.291760 97.249579 
2866.220576 97.261291 
2868.149392 97.242704 
2870.078208 97.205864 
2872.007024 97.179111 
2873.935840 97.145601 
2875.864656 97.089075 
2877.793472 97.027520 
2879.722288 96.980018 
2881.651104 96.938813 
2883.579920 96.905338 
2885.508736 96.859270 
2887.437552 96.800724 
2889.366368 96.732214 
2891.295184 96.641173 
2893.224000 96.540328 
2895.152816 96.477271 
2897.081632 96.383536 
2899.010448 96.267863 
2900.939264 96.162977 
2902.868080 96.042358 
2904.796896 95.910385 
2906.725712 95.766610 
2908.654528 95.656625 
2910.583344 95.616754 
2912.512160 95.557478 
2914.440976 95.450872 
2916.369792 95.406616 
2918.298608 95.408472 
2920.227424 95.373122 
2922.156240 95.339827 
2924.085056 95.339985 
2926.013872 95.272302 
2927.942688 95.171686 
2929.871504 95.108212 
2931.800320 95.007902 
2933.729136 94.883626 
2935.657952 94.762366 
2937.586768 94.642697 
2939.515584 94.534430 
2941.444400 94.467573 
2943.373216 94.507393 
2945.302032 94.625534 
2947.230848 94.768224 
2949.159664 94.926971 
2951.088480 95.128602 
2953.017296 95.320300 
2954.946112 95.496319 
2956.874928 95.672268 
2958.803744 95.831932 
2960.732560 95.935893 
2962.661376 96.021841 
2964.590192 96.127729 
2966.519008 96.215944 
2968.447824 96.277817 
2970.376640 96.335485 
2972.305456 96.376627 
2974.234272 96.432276 
2976.163088 96.499466 
2978.091904 96.537102 
2980.020720 96.540984 
2981.949536 96.582854 
2983.878352 96.680044 
2985.807168 96.788277 
2987.735984 96.861012 
2989.664800 96.963927 
2991.593616 97.088603 
2993.522432 97.208572 
2995.451248 97.327975 
2997.380064 97.418332 
2999.308880 97.468085 
3001.237696 97.520247 
3003.166512 97.609365 
3005.095328 97.693220 
3007.024144 97.753768 
3008.952960 97.834646 
3010.881776 97.920684 
3012.810592 97.958078 
3014.739408 97.971694 
3016.668224 97.983778 
3018.597040 98.008421 
3020.525856 98.041146 
3022.454672 98.090940 
3024.383488 98.126066 
3026.312304 98.135158 
3028.241120 98.130837 
3030.169936 98.131720 
3032.098752 98.168218 
3034.027568 98.199339 
3035.956384 98.182939 
3037.885200 98.196595 
3039.814016 98.215379 
3041.742832 98.208330 
3043.671648 98.220327 
3045.600464 98.227181 
3047.529280 98.232394 
3049.458096 98.237327 
3051.386912 98.202149 
3053.315728 98.170767 
3055.244544 98.207712 
3057.173360 98.239636 
3059.102176 98.216194 
3061.030992 98.241109 
3062.959808 98.283758 
3064.888624 98.246395 
3066.817440 98.217372 
3068.746256 98.236987 
3070.675072 98.198382 
3072.603888 98.202950 
3074.532704 98.247899 
3076.461520 98.262160 
3078.390336 98.268517 
3080.319152 98.259945 
3082.247968 98.260396 
3084.176784 98.276607 
3086.105600 98.245420 
3088.034416 98.227578 
3089.963232 98.227584 
3091.892048 98.208167 
3093.820864 98.153317 
3095.749680 98.151483 
3097.678496 98.151622 
3099.607312 98.145304 
3101.536128 98.123151 
3103.464944 98.100948 
3105.393760 98.083171 
3107.322576 98.037375 
3109.251392 98.021456 
3111.180208 97.996919 
3113.109024 97.990354 
3115.037840 97.992451 
3116.966656 97.962649 
3118.895472 97.920175 
3120.824288 97.851886 
3122.753104 97.797020 
3124.681920 97.811720 
3126.610736 97.803031 
3128.539552 97.768994 
3130.468368 97.720438 
3132.397184 97.693459 
3134.326000 97.679557 
3136.254816 97.639536 
3138.183632 97.601506 
3140.112448 97.570024 
3142.041264 97.523881 
3143.970080 97.496971 
3145.898896 97.454182 
3147.827712 97.401874 
3149.756528 97.379134 
3151.685344 97.350892 
3153.614160 97.359491 
3155.542976 97.287734 
3157.471792 97.225425 
3159.400608 97.167230 
3161.329424 97.112350 
3163.258240 97.091593 
3165.187056 97.033523 
3167.115872 96.973216 
3169.044688 96.939542 
3170.973504 96.920861 
3172.902320 96.870975 
3174.831136 96.829020 
3176.759952 96.738096 
3178.688768 96.654121 
3180.617584 96.650182 
3182.546400 96.568387 
3184.475216 96.434013 
3186.404032 96.397411 
3188.332848 96.350643 
3190.261664 96.265281 
3192.190480 96.211193 
3194.119296 96.168720 
3196.048112 96.108844 
3197.976928 96.049737 
3199.905744 95.974730 
3201.834560 95.916080 
3203.763376 95.821425 
3205.692192 95.735754 
3207.621008 95.646849 
3209.549824 95.565379 
3211.478640 95.535725 
3213.407456 95.427189 
3215.336272 95.330626 
3217.265088 95.288138 
3219.193904 95.213789 
3221.122720 95.106403 
3223.051536 95.047252 
3224.980352 94.948780 
3226.909168 94.905957 
3228.837984 94.870655 
3230.766800 94.823849 
3232.695616 94.721319 
3234.624432 94.630000 
3236.553248 94.564073 
3238.482064 94.494035 
3240.410880 94.409208 
3242.339696 94.277820 
3244.268512 94.175423 
3246.197328 94.091749 
3248.126144 94.066059 
3250.054960 93.964474 
3251.983776 93.859489 
3253.912592 93.856969 
3255.841408 93.830654 
3257.770224 93.751246 
3259.699040 93.650486 
3261.627856 93.572344 
3263.556672 93.497276 
3265.485488 93.416474 
3267.414304 93.450304 
3269.343120 93.467486 
3271.271936 93.357660 
3273.200752 93.223333 
3275.129568 93.169964 
3277.058384 93.160833 
3278.987200 93.162778 
3280.916016 93.057415 
3282.844832 92.957826 
3284.773648 92.902001 
3286.702464 92.870539 
3288.631280 92.873256 
3290.560096 92.896676 
3292.488912 92.881111 
3294.417728 92.859205 
3296.346544 92.832975 
3298.275360 92.797402 
3300.204176 92.759971 
3302.132992 92.714999 
3304.061808 92.742920 
3305.990624 92.760532 
3307.919440 92.745372 
3309.848256 92.717048 
3311.777072 92.809051 
3313.705888 92.854473 
3315.634704 92.785667 
3317.563520 92.756671 
3319.492336 92.726002 
3321.421152 92.670228 
3323.349968 92.686878 
3325.278784 92.728587 
3327.207600 92.756357 
3329.136416 92.759122 
3331.065232 92.798117 
3332.994048 92.908821 
3334.922864 92.914536 
3336.851680 92.925022 
3338.780496 92.985688 
3340.709312 93.009615 
3342.638128 93.009566 
3344.566944 93.017131 
3346.495760 93.071347 
3348.424576 93.196803 
3350.353392 93.269627 
3352.282208 93.284092 
3354.211024 93.315036 
3356.139840 93.329592 
3358.068656 93.364451 
3359.997472 93.411466 
3361.926288 93.425488 
3363.855104 93.512622 
3365.783920 93.610093 
3367.712736 93.708058 
3369.641552 93.825653 
3371.570368 93.957269 
3373.499184 94.022121 
3375.428000 94.112491 
3377.356816 94.161208 
3379.285632 94.159720 
3381.214448 94.233757 
3383.143264 94.327330 
3385.072080 94.414284 
3387.000896 94.477298 
3388.929712 94.529877 
3390.858528 94.659977 
3392.787344 94.720820 
3394.716160 94.713874 
3396.644976 94.775041 
3398.573792 94.895763 
3400.502608 95.011658 
3402.431424 95.041326 
3404.360240 95.057695 
3406.289056 95.137359 
3408.217872 95.253429 
3410.146688 95.365000 
3412.075504 95.469156 
3414.004320 95.552420 
3415.933136 95.587986 
3417.861952 95.634856 
3419.790768 95.695996 
3421.719584 95.762547 
3423.648400 95.883190 
3425.577216 96.019602 
3427.506032 96.032054 
3429.434848 95.988998 
3431.363664 95.973435 
3433.292480 96.066330 
3435.221296 96.225053 
3437.150112 96.285197 
3439.078928 96.330844 
3441.007744 96.444319 
3442.936560 96.458856 
3444.865376 96.431962 
3446.794192 96.476903 
3448.723008 96.594052 
3450.651824 96.631460 
3452.580640 96.697124 
3454.509456 96.823137 
3456.438272 96.917576 
3458.367088 96.987775 
3460.295904 97.048045 
3462.224720 97.032133 
3464.153536 97.026184 
3466.082352 97.094293 
3468.011168 97.154955 
3469.939984 97.208352 
3471.868800 97.274474 
3473.797616 97.319336 
3475.726432 97.344643 
3477.655248 97.460476 
3479.584064 97.513407 
3481.512880 97.520478 
3483.441696 97.558362 
3485.370512 97.635719 
3487.299328 97.722782 
3489.228144 97.796644 
3491.156960 97.829497 
3493.085776 97.841101 
3495.014592 97.862400 
3496.943408 97.869864 
3498.872224 98.011668 
3500.801040 98.135986 
3502.729856 98.118388 
3504.658672 98.142079 
3506.587488 98.263066 
3508.516304 98.279936 
3510.445120 98.260822 
3512.373936 98.250268 
3514.302752 98.307531 
3516.231568 98.396716 
3518.160384 98.440501 
3520.089200 98.433229 
3522.018016 98.527762 
3523.946832 98.596267 
3525.875648 98.601215 
3527.804464 98.656223 
3529.733280 98.697967 
3531.662096 98.704919 
3533.590912 98.672153 
3535.519728 98.590044 
3537.448544 98.604083 
3539.377360 98.673636 
3541.306176 98.730938 
3543.234992 98.826738 
3545.163808 98.864197 
3547.092624 98.854080 
3549.021440 98.886590 
3550.950256 98.958911 
3552.879072 98.938582 
3554.807888 98.931744 
3556.736704 98.960048 
3558.665520 99.000960 
3560.594336 99.045794 
3562.523152 99.053439 
3564.451968 99.177176 
3566.380784 99.236884 
3568.309600 99.087196 
3570.238416 99.080080 
3572.167232 99.147232 
3574.096048 99.120472 
3576.024864 99.086790 
3577.953680 99.138239 
3579.882496 99.188912 
3581.811312 99.148628 
3583.740128 99.115552 
3585.668944 99.124884 
3587.597760 99.089669 
3589.526576 99.141175 
3591.455392 99.214654 
3593.384208 99.248496 
3595.313024 99.212806 
3597.241840 99.215021 
3599.170656 99.288867 
3601.099472 99.348596 
3603.028288 99.341139 
3604.957104 99.347925 
3606.885920 99.442653 
3608.814736 99.425827 
3610.743552 99.325693 
3612.672368 99.245795 
3614.601184 99.187696 
3616.530000 99.218368 
3618.458816 99.294032 
3620.387632 99.337049 
3622.316448 99.283982 
3624.245264 99.314845 
3626.174080 99.408293 
3628.102896 99.503270 
3630.031712 99.353023 
3631.960528 99.331491 
3633.889344 99.326140 
3635.818160 99.314195 
3637.746976 99.264868 
3639.675792 99.195975 
3641.604608 99.225465 
3643.533424 99.265458 
3645.462240 99.352046 
3647.391056 99.504925 
3649.319872 99.605112 
3651.248688 99.541116 
3653.177504 99.424303 
3655.106320 99.329904 
3657.035136 99.302390 
3658.963952 99.333048 
3660.892768 99.379698 
3662.821584 99.372219 
3664.750400 99.322367 
3666.679216 99.343581 
3668.608032 99.514930 
3670.536848 99.578631 
3672.465664 99.448876 
3674.394480 99.407502 
3676.323296 99.338702 
3678.252112 99.360025 
3680.180928 99.278109 
3682.109744 99.274510 
3684.038560 99.279603 
3685.967376 99.357018 
3687.896192 99.557033 
3689.825008 99.464202 
3691.753824 99.313427 
3693.682640 99.239494 
3695.611456 99.218854 
3697.540272 99.174878 
3699.469088 99.170014 
3701.397904 99.175080 
3703.326720 99.154236 
3705.255536 99.206151 
3707.184352 99.259633 
3709.113168 99.285785 
3711.041984 99.250112 
3712.970800 99.182137 
3714.899616 99.197573 
3716.828432 99.194576 
3718.757248 99.131254 
3720.686064 99.106114 
3722.614880 99.231036 
3724.543696 99.387127 
3726.472512 99.367707 
3728.401328 99.290419 
3730.330144 99.251667 
3732.258960 99.229876 
3734.187776 99.285202 
3736.116592 99.275558 
3738.045408 99.201462 
3739.974224 99.156945 
3741.903040 99.193795 
3743.831856 99.499049 
3745.760672 99.675836 
3747.689488 99.499884 
3749.618304 99.345771 
3751.547120 99.385269 
3753.475936 99.305588 
3755.404752 99.231499 
3757.333568 99.280619 
3759.262384 99.302487 
3761.191200 99.168223 
3763.120016 99.149850 
3765.048832 99.248768 
3766.977648 99.279905 
3768.906464 99.265501 
3770.835280 99.202127 
3772.764096 99.143757 
3774.692912 99.087880 
3776.621728 99.109295 
3778.550544 99.195771 
3780.479360 99.185432 
3782.408176 99.178723 
3784.336992 99.172163 
3786.265808 99.154859 
3788.194624 99.159570 
3790.123440 99.099786 
3792.052256 99.091066 
3793.981072 99.120381 
3795.909888 99.185918 
3797.838704 99.259433 
3799.767520 99.277836 
3801.696336 99.298727 
3803.625152 99.284210 
3805.553968 99.238141 
3807.482784 99.200121 
3809.411600 99.192349 
3811.340416 99.186672 
3813.269232 99.240794 
3815.198048 99.347395 
3817.126864 99.270977 
3819.055680 99.257468 
3820.984496 99.277671 
3822.913312 99.195880 
3824.842128 99.165926 
3826.770944 99.197676 
3828.699760 99.216068 
3830.628576 99.199305 
3832.557392 99.224334 
3834.486208 99.247166 
3836.415024 99.270568 
3838.343840 99.413104 
3840.272656 99.389172 
3842.201472 99.262360 
3844.130288 99.158787 
3846.059104 99.145138 
3847.987920 99.236310 
3849.916736 99.296845 
3851.845552 99.393609 
3853.774368 99.395125 
3855.703184 99.339467 
3857.632000 99.227361 
3859.560816 99.139502 
3861.489632 99.179748 
3863.418448 99.300294 
3865.347264 99.251719 
3867.276080 99.224875 
3869.204896 99.248570 
3871.133712 99.146416 
3873.062528 99.156643 
3874.991344 99.206005 
3876.920160 99.199398 
3878.848976 99.241213 
3880.777792 99.217683 
3882.706608 99.215344 
3884.635424 99.308836 
3886.564240 99.339763 
3888.493056 99.291833 
3890.421872 99.241437 
3892.350688 99.209736 
3894.279504 99.172085 
3896.208320 99.162225 
3898.137136 99.168521 
3900.065952 99.246721 
3901.994768 99.330898 
3903.923584 99.325305 
3905.852400 99.274139 
3907.781216 99.164127 
3909.710032 99.115448 
3911.638848 99.137900 
3913.567664 99.167420 
3915.496480 99.177745 
3917.425296 99.218066 
3919.354112 99.273886 
3921.282928 99.239499 
3923.211744 99.179179 
3925.140560 99.200508 
3927.069376 99.234280 
3928.998192 99.208839 
3930.927008 99.186835 
3932.855824 99.177456 
3934.784640 99.208637 
3936.713456 99.197104 
3938.642272 99.162330 
3940.571088 99.193455 
3942.499904 99.147980 
3944.428720 99.112631 
3946.357536 99.172937 
3948.286352 99.222942 
3950.215168 99.201448 
3952.143984 99.130101 
3954.072800 99.122880 
3956.001616 99.147642 
3957.930432 99.149090 
3959.859248 99.144727 
3961.788064 99.161716 
3963.716880 99.146765 
3965.645696 99.112513 
3967.574512 99.129807 
3969.503328 99.180730 
3971.432144 99.156121 
3973.360960 99.114164 
3975.289776 99.119786 
3977.218592 99.135358 
3979.147408 99.117701 
3981.076224 99.111495 
3983.005040 99.148376 
3984.933856 99.156953 
3986.862672 99.153906 
3988.791488 99.170390 
3990.720304 99.197023 
3992.649120 99.170590 
3994.577936 99.183686 
3996.506752 99.200264 
3998.435568 99.156486 
4000.364384 99.119993 