##YUNITS=%T
399.264912 228.169937 
401.193728 108.324139 
403.122544 79.762268 
405.051360 66.063827 
406.980176 72.821100 
408.908992 66.766738 
410.837808 50.180500 
412.766624 57.909478 
414.695440 88.930568 
416.624256 51.043243 
418.553072 45.148624 
420.481888 45.711917 
422.410704 157.022670 
424.339520 205.738234 
426.268336 106.764793 
428.197152 66.540834 
430.125968 159.903913 
432.054784 204.960404 
433.983600 199.822500 
435.912416 151.573910 
437.841232 46.983495 
439.770048 103.180553 
441.698864 153.002784 
443.627680 130.226410 
445.556496 83.046086 
447.485312 24.298600 
449.414128 124.708834 
451.342944 236.820880 
453.271760 191.929722 
455.200576 211.173291 
457.129392 115.266213 
459.058208 118.732894 
460.987024 170.574002 
462.915840 91.790719 
464.844656 122.250360 
466.773472 206.769934 
468.702288 160.672524 
470.631104 13.229351 
472.559920 123.195541 
474.488736 140.176412 
476.417552 121.287043 
478.346368 61.712976 
480.275184 68.264123 
482.204000 92.473728 
484.132816 83.595446 
486.061632 90.987883 
487.990448 164.313887 
489.919264 118.744111 
491.848080 143.956094 
493.776896 225.298909 
495.705712 241.269467 
497.634528 136.699552 
499.563344 157.079740 
501.492160 116.807091 
503.420976 126.758892 
505.349792 182.464784 
507.278608 143.612861 
509.207424 62.680321 
511.136240 71.809228 
513.065056 102.988210 
514.993872 58.328168 
516.922688 36.052197 
518.851504 61.669684 
520.780320 82.455640 
522.709136 65.804322 
524.637952 38.582734 
526.566768 84.304753 
528.495584 84.879526 
530.424400 75.833550 
532.353216 80.630220 
534.282032 95.612539 
536.210848 56.067686 
538.139664 33.448080 
540.068480 70.538848 
541.997296 126.729505 
543.926112 144.790739 
545.854928 79.067124 
547.783744 61.113608 
549.712560 49.416884 
551.641376 43.441398 
553.570192 93.724783 
555.499008 98.523419 
557.427824 76.441249 
559.356640 71.072160 
561.285456 68.842963 
563.214272 74.657202 
565.143088 81.221189 
567.071904 80.988578 
569.000720 87.359557 
570.929536 94.887131 
572.858352 87.821420 
574.787168 84.469112 
576.715984 82.735298 
578.644800 73.679336 
580.573616 69.477802 
582.502432 69.683523 
584.431248 70.181373 
586.360064 73.864133 
588.288880 74.857578 
590.217696 73.932349 
592.146512 72.805515 
594.075328 70.345818 
596.004144 72.167388 
597.932960 72.301808 
599.861776 66.310019 
601.790592 64.302713 
603.719408 69.143698 
605.648224 71.448839 
607.577040 69.576170 
609.505856 70.793621 
611.434672 72.913471 
613.363488 71.524992 
615.292304 63.290191 
617.221120 61.593033 
619.149936 62.768202 
621.078752 64.857308 
623.007568 61.599843 
624.936384 62.831781 
626.865200 63.125370 
628.794016 60.276962 
630.722832 62.752813 
632.651648 61.941642 
634.580464 60.095374 
636.509280 62.667318 
638.438096 61.089356 
640.366912 53.831695 
642.295728 53.162443 
644.224544 56.390562 
646.153360 58.008661 
648.082176 58.209290 
650.010992 61.594909 
651.939808 64.508285 
653.868624 63.764455 
655.797440 62.341213 
657.726256 61.745110 
659.655072 60.519304 
661.583888 59.823646 
663.512704 60.540252 
665.441520 59.230665 
667.370336 58.151837 
669.299152 59.162910 
671.227968 58.542454 
673.156784 58.333769 
675.085600 58.625017 
677.014416 58.379995 
678.943232 57.218326 
680.872048 55.894924 
682.800864 54.253517 
684.729680 51.989256 
686.658496 49.303715 
688.587312 46.047187 
690.516128 43.899652 
692.444944 43.887277 
694.373760 44.603755 
696.302576 45.862869 
698.231392 46.447074 
700.160208 46.034106 
702.089024 46.541429 
704.017840 47.680615 
705.946656 50.425908 
707.875472 54.955615 
709.804288 57.776656 
711.733104 58.055903 
713.661920 57.539495 
715.590736 56.854515 
717.519552 55.951828 
719.448368 55.331113 
721.377184 54.570839 
723.306000 53.230449 
725.234816 51.815595 
727.163632 50.401332 
729.092448 48.634738 
731.021264 46.513284 
732.950080 44.215239 
734.878896 41.333096 
736.807712 37.863765 
738.736528 34.001780 
740.665344 29.665309 
742.594160 25.534795 
744.522976 23.440498 
746.451792 24.002111 
748.380608 25.778358 
750.309424 25.635819 
752.238240 23.275981 
754.167056 23.092087 
756.095872 24.202534 
758.024688 24.049251 
759.953504 24.644481 
761.882320 27.901531 
763.811136 31.908697 
765.739952 35.570504 
767.668768 40.742418 
769.597584 45.982486 
771.526400 49.128553 
773.455216 50.280185 
775.384032 50.338013 
777.312848 49.419449 
779.241664 48.195389 
781.170480 46.104657 
783.099296 42.563656 
785.028112 38.936695 
786.956928 38.383794 
788.885744 41.280911 
790.814560 44.374831 
792.743376 46.163867 
794.672192 47.084953 
796.601008 49.557201 
798.529824 55.061355 
800.458640 58.840760 
802.387456 59.169392 
804.316272 57.857442 
806.245088 56.312284 
808.173904 54.774161 
810.102720 53.231964 
812.031536 51.017798 
813.960352 47.915403 
815.889168 44.959470 
817.817984 43.026570 
819.746800 42.063540 
821.675616 41.049945 
823.604432 40.549546 
825.533248 44.689039 
827.462064 55.051850 
829.390880 64.351686 
831.319696 68.011332 
833.248512 68.416443 
835.177328 67.566907 
837.106144 66.030529 
839.034960 63.924011 
840.963776 61.327442 
842.892592 58.170940 
844.821408 55.077045 
846.750224 52.542619 
848.679040 51.929699 
850.607856 54.242682 
852.536672 58.549996 
854.465488 62.905118 
856.394304 65.952741 
858.323120 67.600874 
860.251936 67.903483 
862.180752 66.656882 
864.109568 64.166242 
866.038384 60.915494 
867.967200 59.821092 
869.896016 61.257070 
871.824832 61.562758 
873.753648 60.701631 
875.682464 61.684100 
877.611280 64.200300 
879.540096 65.869720 
881.468912 65.841587 
883.397728 64.305996 
885.326544 62.509271 
887.255360 61.793822 
889.184176 62.054018 
891.112992 62.703404 
893.041808 63.716524 
894.970624 64.192465 
896.899440 63.327619 
898.828256 61.622374 
900.757072 59.473252 
902.685888 57.262364 
904.614704 56.172735 
906.543520 57.198423 
908.472336 59.049138 
910.401152 60.322147 
912.329968 60.855922 
914.258784 60.678658 
916.187600 60.021273 
918.116416 59.071926 
920.045232 57.844692 
921.974048 56.469581 
923.902864 55.225286 
925.831680 54.102593 
927.760496 53.319002 
929.689312 52.701066 
931.618128 51.690094 
933.546944 50.304083 
935.475760 48.243138 
937.404576 45.668024 
939.333392 44.132093 
941.262208 44.398083 
943.191024 45.876595 
945.119840 46.836619 
947.048656 46.111471 
948.977472 44.012560 
950.906288 42.351433 
952.835104 41.835509 
954.763920 41.522389 
956.692736 42.081922 
958.621552 44.593535 
960.550368 47.573579 
962.479184 49.565726 
964.408000 50.861042 
966.336816 53.148248 
968.265632 56.849428 
970.194448 59.909705 
972.123264 60.906996 
974.052080 60.229446 
975.980896 59.509668 
977.909712 59.462771 
979.838528 59.413282 
981.767344 59.120269 
983.696160 59.023832 
985.624976 59.168974 
987.553792 58.772235 
989.482608 57.593582 
991.411424 55.873051 
993.340240 53.589176 
995.269056 50.620478 
997.197872 46.976032 
999.126688 42.819992 
1001.055504 38.188570 
1002.984320 33.357469 
1004.913136 29.844366 
1006.841952 28.692801 
1008.770768 29.369658 
1010.699584 31.823075 
1012.628400 36.838953 
1014.557216 43.793679 
1016.486032 50.510415 
1018.414848 54.420508 
1020.343664 54.823333 
1022.272480 52.900026 
1024.201296 51.406595 
1026.130112 50.958395 
1028.058928 50.269557 
1029.987744 50.169510 
1031.916560 50.953110 
1033.845376 51.678221 
1035.774192 51.509885 
1037.703008 50.834257 
1039.631824 50.952444 
1041.560640 52.418313 
1043.489456 53.912820 
1045.418272 53.673400 
1047.347088 51.416352 
1049.275904 47.844409 
1051.204720 44.805810 
1053.133536 43.592350 
1055.062352 43.403618 
1056.991168 44.578613 
1058.919984 47.629055 
1060.848800 50.774283 
1062.777616 52.493478 
1064.706432 52.757848 
1066.635248 52.161826 
1068.564064 51.327872 
1070.492880 50.906025 
1072.421696 51.498671 
1074.350512 53.246488 
1076.279328 54.927176 
1078.208144 55.337526 
1080.136960 54.035079 
1082.065776 51.094889 
1083.994592 48.323698 
1085.923408 48.606561 
1087.852224 51.867610 
1089.781040 55.791612 
1091.709856 58.175384 
1093.638672 58.180490 
1095.567488 55.929811 
1097.496304 51.837684 
1099.425120 46.783254 
1101.353936 43.259005 
1103.282752 43.045910 
1105.211568 44.573521 
1107.140384 45.832540 
1109.069200 46.832516 
1110.998016 47.510206 
1112.926832 48.135951 
1114.855648 50.461107 
1116.784464 54.483985 
1118.713280 57.829418 
1120.642096 59.640432 
1122.570912 60.938293 
1124.499728 62.595039 
1126.428544 64.133402 
1128.357360 65.037097 
1130.286176 65.372848 
1132.214992 65.335792 
1134.143808 64.906205 
1136.072624 64.413120 
1138.001440 63.537495 
1139.930256 62.005288 
1141.859072 59.183624 
1143.787888 54.782195 
1145.716704 49.782218 
1147.645520 47.317465 
1149.574336 48.877230 
1151.503152 52.460420 
1153.431968 57.181728 
1155.360784 61.988924 
1157.289600 64.617223 
1159.218416 65.389567 
1161.147232 65.460055 
1163.076048 65.233873 
1165.004864 64.390643 
1166.933680 63.145435 
1168.862496 62.121729 
1170.791312 61.367613 
1172.720128 60.191621 
1174.648944 59.093018 
1176.577760 58.015135 
1178.506576 57.052085 
1180.435392 56.705579 
1182.364208 56.921075 
1184.293024 56.739826 
1186.221840 55.662291 
1188.150656 53.710925 
1190.079472 51.201587 
1192.008288 48.340160 
1193.937104 45.839679 
1195.865920 44.512013 
1197.794736 44.612524 
1199.723552 45.352614 
1201.652368 44.889366 
1203.581184 42.701166 
1205.510000 40.791917 
1207.438816 40.608922 
1209.367632 41.937369 
1211.296448 43.864608 
1213.225264 45.125933 
1215.154080 44.611466 
1217.082896 42.670778 
1219.011712 40.506858 
1220.940528 38.990506 
1222.869344 37.598588 
1224.798160 36.594005 
1226.726976 37.665400 
1228.655792 41.193120 
1230.584608 45.393621 
1232.513424 48.971573 
1234.442240 51.867193 
1236.371056 54.360263 
1238.299872 56.401523 
1240.228688 57.806309 
1242.157504 58.340182 
1244.086320 58.287460 
1246.015136 57.701978 
1247.943952 56.597952 
1249.872768 54.800374 
1251.801584 52.268368 
1253.730400 48.875088 
1255.659216 44.630920 
1257.588032 40.301913 
1259.516848 37.880170 
1261.445664 38.459250 
1263.374480 40.310407 
1265.303296 40.808057 
1267.232112 39.162759 
1269.160928 36.070079 
1271.089744 32.843356 
1273.018560 30.200324 
1274.947376 27.523064 
1276.876192 24.736072 
1278.805008 22.772991 
1280.733824 21.974884 
1282.662640 22.530788 
1284.591456 24.306320 
1286.520272 26.876792 
1288.449088 29.793976 
1290.377904 33.214463 
1292.306720 37.229029 
1294.235536 41.536624 
1296.164352 45.908473 
1298.093168 49.807676 
1300.021984 52.477164 
1301.950800 54.563476 
1303.879616 56.227356 
1305.808432 56.850113 
1307.737248 56.479057 
1309.666064 55.973281 
1311.594880 55.908965 
1313.523696 55.992883 
1315.452512 55.854852 
1317.381328 56.402392 
1319.310144 58.532558 
1321.238960 60.623659 
1323.167776 61.140931 
1325.096592 60.456591 
1327.025408 59.405005 
1328.954224 58.422794 
1330.883040 57.210366 
1332.811856 56.265188 
1334.740672 56.468586 
1336.669488 57.634239 
1338.598304 59.236189 
1340.527120 61.283385 
1342.455936 62.212061 
1344.384752 61.580667 
1346.313568 59.977743 
1348.242384 58.110289 
1350.171200 56.223004 
1352.100016 53.664191 
1354.028832 50.468875 
1355.957648 47.941357 
1357.886464 46.897816 
1359.815280 46.634112 
1361.744096 46.211159 
1363.672912 45.382079 
1365.601728 44.631290 
1367.530544 43.377225 
1369.459360 41.057007 
1371.388176 38.628772 
1373.316992 36.579545 
1375.245808 36.082517 
1377.174624 39.395641 
1379.103440 46.262284 
1381.032256 52.924311 
1382.961072 56.511700 
1384.889888 57.083593 
1386.818704 55.610631 
1388.747520 52.980890 
1390.676336 50.331036 
1392.605152 47.216491 
1394.533968 43.069522 
1396.462784 39.242085 
1398.391600 37.874961 
1400.320416 38.603836 
1402.249232 41.300212 
1404.178048 45.773526 
1406.106864 51.277550 
1408.035680 54.766315 
1409.964496 56.404676 
1411.893312 56.577170 
1413.822128 56.039523 
1415.750944 55.174823 
1417.679760 54.330048 
1419.608576 53.810096 
1421.537392 53.285418 
1423.466208 52.339418 
1425.395024 51.820479 
1427.323840 52.009579 
1429.252656 52.172311 
1431.181472 51.426891 
1433.110288 49.500155 
1435.039104 46.975766 
1436.967920 43.368042 
1438.896736 40.479904 
1440.825552 38.282942 
1442.754368 36.615381 
1444.683184 36.777401 
1446.612000 39.288588 
1448.540816 44.066024 
1450.469632 46.834833 
1452.398448 46.581687 
1454.327264 43.917409 
1456.256080 38.134142 
1458.184896 28.593511 
1460.113712 24.017124 
1462.042528 23.839336 
1463.971344 28.563339 
1465.900160 40.106748 
1467.828976 49.819740 
1469.757792 55.583696 
1471.686608 55.051303 
1473.615424 49.038838 
1475.544240 48.119804 
1477.473056 51.194910 
1479.401872 52.934820 
1481.330688 51.556208 
1483.259504 48.956242 
1485.188320 48.674995 
1487.117136 53.102117 
1489.045952 59.809112 
1490.974768 64.650834 
1492.903584 65.799310 
1494.832400 64.798293 
1496.761216 62.097455 
1498.690032 58.830489 
1500.618848 55.246006 
1502.547664 51.568478 
1504.476480 48.426974 
1506.405296 46.744565 
1508.334112 48.237007 
1510.262928 49.704488 
1512.191744 51.076514 
1514.120560 52.432305 
1516.049376 54.406916 
1517.978192 58.378119 
1519.907008 59.827281 
1521.835824 60.965538 
1523.764640 60.956102 
1525.693456 59.564067 
1527.622272 56.843553 
1529.551088 54.123179 
1531.479904 51.206533 
1533.408720 46.848635 
1535.337536 44.407090 
1537.266352 43.974785 
1539.195168 43.939334 
1541.123984 45.162870 
1543.052800 45.647841 
1544.981616 45.195191 
1546.910432 44.203946 
1548.839248 42.652180 
1550.768064 40.922105 
1552.696880 39.540088 
1554.625696 37.953799 
1556.554512 36.731407 
1558.483328 38.499250 
1560.412144 41.215147 
1562.340960 42.378522 
1564.269776 44.767673 
1566.198592 47.633101 
1568.127408 48.588383 
1570.056224 47.404775 
1571.985040 44.813877 
1573.913856 41.709725 
1575.842672 38.350443 
1577.771488 36.883106 
1579.700304 37.102770 
1581.629120 36.863267 
1583.557936 36.517725 
1585.486752 37.561881 
1587.415568 40.590280 
1589.344384 44.180008 
1591.273200 46.954119 
1593.202016 48.802115 
1595.130832 49.624082 
1597.059648 48.056849 
1598.988464 43.790139 
1600.917280 39.172644 
1602.846096 37.277155 
1604.774912 38.863347 
1606.703728 42.118937 
1608.632544 45.717306 
1610.561360 48.934183 
1612.490176 51.422030 
1614.418992 53.112916 
1616.347808 54.761267 
1618.276624 56.039426 
1620.205440 56.271383 
1622.134256 56.298757 
1624.063072 56.157050 
1625.991888 55.060349 
1627.920704 51.745867 
1629.849520 47.150601 
1631.778336 42.332660 
1633.707152 37.425465 
1635.635968 30.666116 
1637.564784 26.528825 
1639.493600 25.895308 
1641.422416 27.240507 
1643.351232 29.811824 
1645.280048 33.349678 
1647.208864 40.644266 
1649.137680 45.815339 
1651.066496 48.181058 
1652.995312 56.199585 
1654.924128 66.154403 
1656.852944 70.381438 
1658.781760 75.218055 
1660.710576 78.735033 
1662.639392 81.712607 
1664.568208 84.045696 
1666.497024 85.051819 
1668.425840 85.242298 
1670.354656 86.210415 
1672.283472 86.969753 
1674.212288 87.216367 
1676.141104 87.210899 
1678.069920 87.071649 
1679.998736 86.065766 
1681.927552 85.147877 
1683.856368 84.054221 
1685.785184 84.913123 
1687.714000 84.733340 
1689.642816 84.229452 
1691.571632 83.883913 
1693.500448 83.588097 
1695.429264 83.355050 
1697.358080 84.229504 
1699.286896 84.663077 
1701.215712 85.872790 
1703.144528 86.056203 
1705.073344 85.987570 
1707.002160 86.327449 
1708.930976 86.724204 
1710.859792 86.621029 
1712.788608 86.279520 
1714.717424 85.462752 
1716.646240 85.507587 
1718.575056 87.280491 
1720.503872 88.550645 
1722.432688 88.802212 
1724.361504 89.079204 
1726.290320 89.155443 
1728.219136 88.812869 
1730.147952 88.089973 
1732.076768 87.558508 
1734.005584 87.377433 
1735.934400 88.388555 
1737.863216 88.326368 
1739.792032 88.168775 
1741.720848 87.934471 
1743.649664 87.544249 
1745.578480 87.193343 
1747.507296 86.704240 
1749.436112 86.584983 
1751.364928 87.338005 
1753.293744 87.840397 
1755.222560 87.697656 
1757.151376 87.342461 
1759.080192 87.333952 
1761.009008 87.046153 
1762.937824 87.250468 
1764.866640 87.410867 
1766.795456 87.147703 
1768.724272 86.777862 
1770.653088 86.342640 
1772.581904 86.071969 
1774.510720 86.478825 
1776.439536 86.536492 
1778.368352 86.447552 
1780.297168 86.256513 
1782.225984 86.537501 
1784.154800 86.588581 
1786.083616 86.782371 
1788.012432 86.689970 
1789.941248 86.093806 
1791.870064 85.661499 
1793.798880 86.183647 
1795.727696 86.299613 
1797.656512 86.388563 
1799.585328 86.168662 
1801.514144 86.138417 
1803.442960 86.412007 
1805.371776 86.522660 
1807.300592 86.262286 
1809.229408 85.941912 
1811.158224 85.763370 
1813.087040 86.096105 
1815.015856 86.198082 
1816.944672 86.045665 
1818.873488 85.869713 
1820.802304 85.691577 
1822.731120 85.231867 
1824.659936 84.995158 
1826.588752 84.978716 
1828.517568 84.628973 
1830.446384 84.612241 
1832.375200 85.063449 
1834.304016 85.004875 
1836.232832 84.817695 
1838.161648 84.635069 
1840.090464 84.537771 
1842.019280 84.034421 
1843.948096 83.796674 
1845.876912 84.085402 
1847.805728 84.414990 
1849.734544 84.780481 
1851.663360 85.116439 
1853.592176 85.202979 
1855.520992 85.321707 
1857.449808 85.325354 
1859.378624 85.429044 
1861.307440 85.525025 
1863.236256 85.643866 
1865.165072 85.268680 
1867.093888 84.567782 
1869.022704 84.298529 
1870.951520 84.678024 
1872.880336 84.711591 
1874.809152 84.628929 
1876.737968 84.443298 
1878.666784 84.446681 
1880.595600 84.461772 
1882.524416 84.478589 
1884.453232 84.380607 
1886.382048 84.327555 
1888.310864 84.053522 
1890.239680 84.182206 
1892.168496 84.250519 
1894.097312 84.017492 
1896.026128 83.854691 
1897.954944 83.889801 
1899.883760 83.796656 
1901.812576 83.793597 
1903.741392 83.593022 
1905.670208 83.394771 
1907.599024 83.072425 
1909.527840 83.039769 
1911.456656 83.189430 
1913.385472 83.173166 
1915.314288 82.748213 
1917.243104 82.393485 
1919.171920 82.288851 
1921.100736 82.116851 
1923.029552 81.994330 
1924.958368 82.366298 
1926.887184 82.522802 
1928.816000 82.658740 
1930.744816 82.556066 
1932.673632 82.567048 
1934.602448 82.554333 
1936.531264 82.643320 
1938.460080 82.572063 
1940.388896 82.388097 
1942.317712 82.199751 
1944.246528 82.332404 
1946.175344 82.105624 
1948.104160 81.954569 
1950.032976 81.912981 
1951.961792 82.044400 
1953.890608 82.120613 
1955.819424 82.393521 
1957.748240 82.513258 
1959.677056 82.526785 
1961.605872 82.178211 
1963.534688 82.109742 
1965.463504 81.984989 
1967.392320 82.347442 
1969.321136 82.606602 
1971.249952 82.751518 
1973.178768 82.628890 
1975.107584 82.685352 
1977.036400 82.696427 
1978.965216 82.749313 
1980.894032 82.676363 
1982.822848 82.788445 
1984.751664 82.641007 
1986.680480 82.584096 
1988.609296 82.445720 
1990.538112 82.348257 
1992.466928 82.100482 
1994.395744 82.188373 
1996.324560 82.116041 
1998.253376 82.305185 
2000.182192 82.384851 
2002.111008 82.511460 
2004.039824 82.486393 
2005.968640 82.550023 
2007.897456 82.411902 
2009.826272 82.480673 
2011.755088 82.387477 
2013.683904 82.308027 
2015.612720 82.203587 
2017.541536 82.512843 
2019.470352 82.628262 
2021.399168 82.783513 
2023.327984 82.664690 
2025.256800 82.803162 
2027.185616 82.730709 
2029.114432 82.756208 
2031.043248 82.741644 
2032.972064 82.753401 
2034.900880 82.439827 
2036.829696 82.344582 
2038.758512 82.206720 
2040.687328 82.297384 
2042.616144 82.428497 
2044.544960 82.530429 
2046.473776 82.415576 
2048.402592 82.422338 
2050.331408 82.364362 
2052.260224 82.535287 
2054.189040 82.613564 
2056.117856 82.570256 
2058.046672 82.457916 
2059.975488 82.506900 
2061.904304 82.453992 
2063.833120 82.325140 
2065.761936 82.214299 
2067.690752 82.249330 
2069.619568 82.252058 
2071.548384 82.307553 
2073.477200 82.229572 
2075.406016 82.246122 
2077.334832 82.161584 
2079.263648 82.140484 
2081.192464 82.181076 
2083.121280 82.308081 
2085.050096 82.355003 
2086.978912 82.442293 
2088.907728 82.421511 
2090.836544 82.505196 
2092.765360 82.661274 
2094.694176 82.803721 
2096.622992 82.775258 
2098.551808 82.732985 
2100.480624 82.656123 
2102.409440 82.731228 
2104.338256 82.725496 
2106.267072 82.742515 
2108.195888 82.694227 
2110.124704 82.679219 
2112.053520 82.561004 
2113.982336 82.601249 
2115.911152 82.631874 
2117.839968 82.725699 
2119.768784 82.797258 
2121.697600 82.862064 
2123.626416 82.819960 
2125.555232 82.899688 
2127.484048 82.877221 
2129.412864 82.868669 
2131.341680 82.817665 
2133.270496 82.623007 
2135.199312 82.473610 
2137.128128 82.682124 
2139.056944 82.672426 
2140.985760 82.736347 
2142.914576 82.749232 
2144.843392 82.555705 
2146.772208 82.463410 
2148.701024 82.554044 
2150.629840 82.596287 
2152.558656 82.879766 
2154.487472 82.918331 
2156.416288 82.907506 
2158.345104 82.561449 
2160.273920 82.193579 
2162.202736 81.912807 
2164.131552 81.888142 
2166.060368 81.807161 
2167.989184 81.826103 
2169.918000 81.664017 
2171.846816 81.531501 
2173.775632 81.355045 
2175.704448 81.335428 
2177.633264 81.371419 
2179.562080 81.384740 
2181.490896 81.295666 
2183.419712 81.488049 
2185.348528 81.480622 
2187.277344 81.489460 
2189.206160 81.411645 
2191.134976 81.446777 
2193.063792 81.365668 
2194.992608 81.455258 
2196.921424 81.432691 
2198.850240 81.493569 
2200.779056 81.530248 
2202.707872 81.424578 
2204.636688 81.305654 
2206.565504 81.241887 
2208.494320 81.126742 
2210.423136 81.211978 
2212.351952 81.331093 
2214.280768 81.529976 
2216.209584 81.661299 
2218.138400 81.798216 
2220.067216 81.819064 
2221.996032 81.822770 
2223.924848 81.692466 
2225.853664 81.809139 
2227.782480 81.838280 
2229.711296 81.883426 
2231.640112 81.949974 
2233.568928 82.015185 
2235.497744 82.002244 
2237.426560 82.024426 
2239.355376 82.032671 
2241.284192 82.020430 
2243.213008 81.921802 
2245.141824 81.856554 
2247.070640 81.776931 
2248.999456 81.782945 
2250.928272 81.751987 
2252.857088 81.828433 
2254.785904 81.722944 
2256.714720 81.612718 
2258.643536 81.517041 
2260.572352 81.449756 
2262.501168 81.386091 
2264.429984 81.454080 
2266.358800 81.509157 
2268.287616 81.664579 
2270.216432 81.828894 
2272.145248 81.916625 
2274.074064 81.908057 
2276.002880 81.966601 
2277.931696 81.974552 
2279.860512 82.046661 
2281.789328 82.130454 
2283.718144 82.242927 
2285.646960 82.384252 
2287.575776 82.531712 
2289.504592 82.539188 
2291.433408 82.644722 
2293.362224 82.725137 
2295.291040 82.760003 
2297.219856 82.705692 
2299.148672 82.642989 
2301.077488 82.727184 
2303.006304 82.927765 
2304.935120 83.033010 
2306.863936 83.161846 
2308.792752 83.296447 
2310.721568 83.574515 
2312.650384 83.801263 
2314.579200 84.001595 
2316.508016 84.175122 
2318.436832 84.387689 
2320.365648 84.558626 
2322.294464 84.820701 
2324.223280 85.207993 
2326.152096 85.714832 
2328.080912 86.078363 
2330.009728 86.324096 
2331.938544 86.402401 
2333.867360 86.546060 
2335.796176 86.604867 
2337.724992 86.665924 
2339.653808 86.656199 
2341.582624 86.594076 
2343.511440 86.323467 
2345.440256 85.958878 
2347.369072 85.361912 
2349.297888 85.194704 
2351.226704 85.610003 
2353.155520 86.350262 
2355.084336 86.945432 
2357.013152 87.383729 
2358.941968 87.696438 
2360.870784 87.831863 
2362.799600 87.436007 
2364.728416 87.085891 
2366.657232 86.611294 
2368.586048 86.006952 
2370.514864 85.350981 
2372.443680 84.773134 
2374.372496 84.204081 
2376.301312 83.731984 
2378.230128 83.286292 
2380.158944 82.912491 
2382.087760 82.537190 
2384.016576 82.300253 
2385.945392 82.195603 
2387.874208 82.197849 
2389.803024 82.191308 
2391.731840 82.213768 
2393.660656 82.206307 
2395.589472 82.183705 
2397.518288 82.112085 
2399.447104 82.033610 
2401.375920 81.873867 
2403.304736 81.758881 
2405.233552 81.702206 
2407.162368 81.683864 
2409.091184 81.684530 
2411.020000 81.692511 
2412.948816 81.647092 
2414.877632 81.595060 
2416.806448 81.522088 
2418.735264 81.458597 
2420.664080 81.446455 
2422.592896 81.511252 
2424.521712 81.598637 
2426.450528 81.692319 
2428.379344 81.770527 
2430.308160 81.822578 
2432.236976 81.778400 
2434.165792 81.799499 
2436.094608 81.816003 
2438.023424 81.832197 
2439.952240 81.853818 
2441.881056 81.915875 
2443.809872 81.917697 
2445.738688 81.874684 
2447.667504 81.781753 
2449.596320 81.709442 
2451.525136 81.668493 
2453.453952 81.641014 
2455.382768 81.556241 
2457.311584 81.483005 
2459.240400 81.383044 
2461.169216 81.296258 
2463.098032 81.247255 
2465.026848 81.343474 
2466.955664 81.453812 
2468.884480 81.536682 
2470.813296 81.600017 
2472.742112 81.636396 
2474.670928 81.671176 
2476.599744 81.755641 
2478.528560 81.786134 
2480.457376 81.757548 
2482.386192 81.721375 
2484.315008 81.762762 
2486.243824 81.775516 
2488.172640 81.774939 
2490.101456 81.684607 
2492.030272 81.646334 
2493.959088 81.592051 
2495.887904 81.537805 
2497.816720 81.495017 
2499.745536 81.473086 
2501.674352 81.432888 
2503.603168 81.430996 
2505.531984 81.367900 
2507.460800 81.382745 
2509.389616 81.409822 
2511.318432 81.444843 
2513.247248 81.455170 
2515.176064 81.491775 
2517.104880 81.446451 
2519.033696 81.413295 
2520.962512 81.316650 
2522.891328 81.289052 
2524.820144 81.228384 
2526.748960 81.159666 
2528.677776 81.133791 
2530.606592 81.146971 
2532.535408 81.146592 
2534.464224 81.184379 
2536.393040 81.189760 
2538.321856 81.231211 
2540.250672 81.224345 
2542.179488 81.201578 
2544.108304 81.217127 
2546.037120 81.262907 
2547.965936 81.289388 
2549.894752 81.328693 
2551.823568 81.297272 
2553.752384 81.316451 
2555.681200 81.291308 
2557.610016 81.269973 
2559.538832 81.204252 
2561.467648 81.159825 
2563.396464 81.097217 
2565.325280 81.090548 
2567.254096 81.076445 
2569.182912 81.052248 
2571.111728 81.006772 
2573.040544 80.968798 
2574.969360 80.908950 
2576.898176 80.851502 
2578.826992 80.779624 
2580.755808 80.793182 
2582.684624 80.803538 
2584.613440 80.860233 
2586.542256 80.913781 
2588.471072 80.954658 
2590.399888 80.933196 
2592.328704 80.951450 
2594.257520 80.998202 
2596.186336 81.066427 
2598.115152 81.036532 
2600.043968 81.033301 
2601.972784 81.032377 
2603.901600 81.066225 
2605.830416 81.066432 
2607.759232 81.060756 
2609.688048 81.069294 
2611.616864 81.108543 
2613.545680 81.072553 
2615.474496 81.042411 
2617.403312 81.064526 
2619.332128 81.121189 
2621.260944 81.145369 
2623.189760 81.181860 
2625.118576 81.204277 
2627.047392 81.252052 
2628.976208 81.268830 
2630.905024 81.316940 
2632.833840 81.346607 
2634.762656 81.382366 
2636.691472 81.432842 
2638.620288 81.531003 
2640.549104 81.580332 
2642.477920 81.613182 
2644.406736 81.619070 
2646.335552 81.613198 
2648.264368 81.581487 
2650.193184 81.564540 
2652.122000 81.567575 
2654.050816 81.615075 
2655.979632 81.645271 
2657.908448 81.687251 
2659.837264 81.715103 
2661.766080 81.762972 
2663.694896 81.786669 
2665.623712 81.787182 
2667.552528 81.739495 
2669.481344 81.684740 
2671.410160 81.601263 
2673.338976 81.550700 
2675.267792 81.551460 
2677.196608 81.558502 
2679.125424 81.535617 
2681.054240 81.534047 
2682.983056 81.554822 
2684.911872 81.571009 
2686.840688 81.613904 
2688.769504 81.640771 
2690.698320 81.661612 
2692.627136 81.708092 
2694.555952 81.719749 
2696.484768 81.735543 
2698.413584 81.748795 
2700.342400 81.761295 
2702.271216 81.773488 
2704.200032 81.797981 
2706.128848 81.782111 
2708.057664 81.754545 
2709.986480 81.747972 
2711.915296 81.770677 
2713.844112 81.777500 
2715.772928 81.775793 
2717.701744 81.714422 
2719.630560 81.674299 
2721.559376 81.641751 
2723.488192 81.573810 
2725.417008 81.533419 
2727.345824 81.550885 
2729.274640 81.540994 
2731.203456 81.585611 
2733.132272 81.616117 
2735.061088 81.605405 
2736.989904 81.636188 
2738.918720 81.681310 
2740.847536 81.672927 
2742.776352 81.635800 
2744.705168 81.572445 
2746.633984 81.528884 
2748.562800 81.525972 
2750.491616 81.566490 
2752.420432 81.596684 
2754.349248 81.585341 
2756.278064 81.533674 
2758.206880 81.507875 
2760.135696 81.413788 
2762.064512 81.283979 
2763.993328 81.147886 
2765.922144 81.051307 
2767.850960 80.985163 
2769.779776 80.941170 
2771.708592 80.951331 
2773.637408 81.061180 
2775.566224 81.152721 
2777.495040 81.201603 
2779.423856 81.248663 
2781.352672 81.303842 
2783.281488 81.299201 
2785.210304 81.244887 
2787.139120 81.175403 
2789.067936 81.124280 
2790.996752 81.085440 
2792.925568 81.044496 
2794.854384 80.989815 
2796.783200 80.950858 
2798.712016 80.916098 
2800.640832 80.882348 
2802.569648 80.806027 
2804.498464 80.733950 
2806.427280 80.647110 
2808.356096 80.536544 
2810.284912 80.421426 
2812.213728 80.369305 
2814.142544 80.328197 
2816.071360 80.264156 
2818.000176 80.175440 
2819.928992 80.113285 
2821.857808 80.029090 
2823.786624 79.975442 
2825.715440 79.947032 
2827.644256 79.915563 
2829.573072 79.873148 
2831.501888 79.876542 
2833.430704 79.867958 
2835.359520 79.817983 
2837.288336 79.727257 
2839.217152 79.661741 
2841.145968 79.600570 
2843.074784 79.518015 
2845.003600 79.429584 
2846.932416 79.346474 
2848.861232 79.252167 
2850.790048 79.179921 
2852.718864 79.076318 
2854.647680 78.939479 
2856.576496 78.771723 
2858.505312 78.516961 
2860.434128 78.156320 
2862.362944 77.784088 
2864.291760 77.348622 
2866.220576 76.895717 
2868.149392 76.495363 
2870.078208 76.275691 
2872.007024 76.374546 
2873.935840 76.736874 
2875.864656 77.219786 
2877.793472 77.657447 
2879.722288 77.966601 
2881.651104 78.178420 
2883.579920 78.279544 
2885.508736 78.307972 
2887.437552 78.253403 
2889.366368 78.140192 
2891.295184 77.984398 
2893.224000 77.814478 
2895.152816 77.570428 
2897.081632 77.338959 
2899.010448 77.072518 
2900.939264 76.808482 
2902.868080 76.724790 
2904.796896 76.844738 
2906.725712 77.063447 
2908.654528 77.336665 
2910.583344 77.599244 
2912.512160 77.816912 
2914.440976 78.003341 
2916.369792 78.165501 
2918.298608 78.213451 
2920.227424 78.258692 
2922.156240 78.259547 
2924.085056 78.199948 
2926.013872 78.057826 
2927.942688 77.913213 
2929.871504 77.888951 
2931.800320 77.957055 
2933.729136 77.985579 
2935.657952 77.985591 
2937.586768 77.962959 
2939.515584 77.925712 
2941.444400 77.959453 
2943.373216 78.071263 
2945.302032 78.090560 
2947.230848 78.063960 
2949.159664 78.006528 
2951.088480 77.911521 
2953.017296 77.766881 
2954.946112 77.639518 
2956.874928 77.442410 
2958.803744 77.188017 
2960.732560 76.883085 
2962.661376 76.564006 
2964.590192 76.266810 
2966.519008 76.056117 
2968.447824 75.954375 
2970.376640 75.930464 
2972.305456 75.822346 
2974.234272 75.619499 
2976.163088 75.387790 
2978.091904 75.249008 
2980.020720 75.509993 
2981.949536 76.157929 
2983.878352 76.715897 
2985.807168 77.043977 
2987.735984 77.227635 
2989.664800 77.416626 
2991.593616 77.650226 
2993.522432 77.828672 
2995.451248 77.963140 
2997.380064 78.015421 
2999.308880 77.952384 
3001.237696 77.824514 
3003.166512 77.667142 
3005.095328 77.595877 
3007.024144 77.559845 
3008.952960 77.475787 
3010.881776 77.378640 
3012.810592 77.349217 
3014.739408 77.319070 
3016.668224 77.279729 
3018.597040 77.206780 
3020.525856 77.074138 
3022.454672 76.920056 
3024.383488 76.772252 
3026.312304 76.572611 
3028.241120 76.331994 
3030.169936 76.010371 
3032.098752 75.693844 
3034.027568 75.369593 
3035.956384 74.943324 
3037.885200 74.513876 
3039.814016 74.168796 
3041.742832 74.016805 
3043.671648 74.068526 
3045.600464 74.177884 
3047.529280 74.298757 
3049.458096 74.401520 
3051.386912 74.412917 
3053.315728 74.269648 
3055.244544 73.991985 
3057.173360 73.665145 
3059.102176 73.356704 
3061.030992 73.062231 
3062.959808 73.049825 
3064.888624 73.416417 
3066.817440 74.007688 
3068.746256 74.567965 
3070.675072 75.031542 
3072.603888 75.419496 
3074.532704 75.720733 
3076.461520 75.938005 
3078.390336 76.162688 
3080.319152 76.372091 
3082.247968 76.564071 
3084.176784 76.790750 
3086.105600 77.034706 
3088.034416 77.223956 
3089.963232 77.388655 
3091.892048 77.486387 
3093.820864 77.551864 
3095.749680 77.617320 
3097.678496 77.665093 
3099.607312 77.625435 
3101.536128 77.654958 
3103.464944 77.756291 
3105.393760 77.751141 
3107.322576 77.727980 
3109.251392 77.798177 
3111.180208 77.884468 
3113.109024 77.894612 
3115.037840 77.806799 
3116.966656 77.722701 
3118.895472 77.689391 
3120.824288 77.702224 
3122.753104 77.713892 
3124.681920 77.746637 
3126.610736 77.703509 
3128.539552 77.683191 
3130.468368 77.658485 
3132.397184 77.630031 
3134.326000 77.598620 
3136.254816 77.489752 
3138.183632 77.371966 
3140.112448 77.348287 
3142.041264 77.302630 
3143.970080 77.233111 
3145.898896 77.154392 
3147.827712 77.095511 
3149.756528 77.023118 
3151.685344 76.963190 
3153.614160 76.955030 
3155.542976 76.948552 
3157.471792 76.881143 
3159.400608 76.852688 
3161.329424 76.784979 
3163.258240 76.736188 
3165.187056 76.696164 
3167.115872 76.674440 
3169.044688 76.689227 
3170.973504 76.698333 
3172.902320 76.681815 
3174.831136 76.631698 
3176.759952 76.528107 
3178.688768 76.445957 
3180.617584 76.315372 
3182.546400 76.164698 
3184.475216 76.068058 
3186.404032 76.088216 
3188.332848 76.103349 
3190.261664 76.078845 
3192.190480 76.090103 
3194.119296 76.095918 
3196.048112 76.029606 
3197.976928 76.002143 
3199.905744 76.011133 
3201.834560 75.997020 
3203.763376 75.961522 
3205.692192 75.946071 
3207.621008 75.926802 
3209.549824 75.953588 
3211.478640 75.967921 
3213.407456 75.908826 
3215.336272 75.892262 
3217.265088 75.901597 
3219.193904 75.808106 
3221.122720 75.784010 
3223.051536 75.820199 
3224.980352 75.851013 
3226.909168 75.877285 
3228.837984 75.905527 
3230.766800 75.912372 
3232.695616 75.968395 
3234.624432 76.001320 
3236.553248 76.039339 
3238.482064 76.064753 
3240.410880 76.082414 
3242.339696 76.041088 
3244.268512 76.041621 
3246.197328 76.090231 
3248.126144 76.224741 
3250.054960 76.348911 
3251.983776 76.418271 
3253.912592 76.413171 
3255.841408 76.443698 
3257.770224 76.484976 
3259.699040 76.538930 
3261.627856 76.577433 
3263.556672 76.588644 
3265.485488 76.584154 
3267.414304 76.664435 
3269.343120 76.757964 
3271.271936 76.797404 
3273.200752 76.793073 
3275.129568 76.856123 
3277.058384 76.904614 
3278.987200 76.980382 
3280.916016 77.018255 
3282.844832 77.050565 
3284.773648 77.123170 
3286.702464 77.206780 
3288.631280 77.204003 
3290.560096 77.201234 
3292.488912 77.231020 
3294.417728 77.312892 
3296.346544 77.373044 
3298.275360 77.455087 
3300.204176 77.491924 
3302.132992 77.438437 
3304.061808 77.441548 
3305.990624 77.528917 
3307.919440 77.533188 
3309.848256 77.544334 
3311.777072 77.655007 
3313.705888 77.728693 
3315.634704 77.734655 
3317.563520 77.781121 
3319.492336 77.814597 
3321.421152 77.835055 
3323.349968 77.813948 
3325.278784 77.837213 
3327.207600 77.898303 
3329.136416 77.997780 
3331.065232 78.031544 
3332.994048 78.017026 
3334.922864 77.945805 
3336.851680 77.943263 
3338.780496 77.990282 
3340.709312 77.988973 
3342.638128 77.971982 
3344.566944 78.001516 
3346.495760 78.042172 
3348.424576 78.050994 
3350.353392 78.061974 
3352.282208 78.108387 
3354.211024 78.051301 
3356.139840 77.973392 
3358.068656 77.939017 
3359.997472 77.781100 
3361.926288 77.477998 
3363.855104 77.050914 
3365.783920 76.490530 
3367.712736 76.189651 
3369.641552 76.539821 
3371.570368 77.282035 
3373.499184 77.806390 
3375.428000 78.047383 
3377.356816 78.221256 
3379.285632 78.391208 
3381.214448 78.423123 
3383.143264 78.386708 
3385.072080 78.297527 
3387.000896 78.192235 
3388.929712 77.950617 
3390.858528 77.590548 
3392.787344 77.438795 
3394.716160 77.637904 
3396.644976 77.948492 
3398.573792 78.523895 
3400.502608 79.094484 
3402.431424 79.480779 
3404.360240 79.756886 
3406.289056 79.962802 
3408.217872 80.112264 
3410.146688 80.324640 
3412.075504 80.500321 
3414.004320 80.607524 
3415.933136 80.654217 
3417.861952 80.637668 
3419.790768 80.516356 
3421.719584 80.508464 
3423.648400 80.608197 
3425.577216 80.675175 
3427.506032 80.718412 
3429.434848 80.793534 
3431.363664 80.848930 
3433.292480 80.925444 
3435.221296 80.980260 
3437.150112 80.973583 
3439.078928 80.964971 
3441.007744 80.834248 
3442.936560 80.711893 
3444.865376 80.676192 
3446.794192 80.510519 
3448.723008 80.668685 
3450.651824 80.855252 
3452.580640 80.943998 
3454.509456 80.922098 
3456.438272 80.919843 
3458.367088 80.966160 
3460.295904 80.854523 
3462.224720 80.773504 
3464.153536 80.904269 
3466.082352 80.915700 
3468.011168 80.932370 
3469.939984 81.042376 
3471.868800 81.124515 
3473.797616 81.104429 
3475.726432 81.142004 
3477.655248 81.168632 
3479.584064 81.033327 
3481.512880 80.933937 
3483.441696 81.118957 
3485.370512 81.303137 
3487.299328 81.380290 
3489.228144 81.555947 
3491.156960 81.773429 
3493.085776 81.907101 
3495.014592 81.961604 
3496.943408 82.021313 
3498.872224 82.053529 
3500.801040 81.816884 
3502.729856 81.569909 
3504.658672 81.861707 
3506.587488 82.156122 
3508.516304 81.929784 
3510.445120 81.963873 
3512.373936 82.327649 
3514.302752 82.580841 
3516.231568 82.678632 
3518.160384 82.666968 
3520.089200 82.503063 
3522.018016 82.090845 
3523.946832 81.847944 
3525.875648 81.927045 
3527.804464 81.973229 
3529.733280 82.227506 
3531.662096 82.454115 
3533.590912 82.613405 
3535.519728 82.616021 
3537.448544 82.838188 
3539.377360 82.947690 
3541.306176 82.664723 
3543.234992 82.177538 
3545.163808 81.686685 
3547.092624 81.831845 
3549.021440 82.349316 
3550.950256 82.322127 
3552.879072 82.284179 
3554.807888 82.753650 
3556.736704 83.107770 
3558.665520 83.040503 
3560.594336 82.741301 
3562.523152 82.333423 
3564.451968 81.383883 
3566.380784 80.354300 
3568.309600 81.416786 
3570.238416 82.585865 
3572.167232 82.829100 
3574.096048 82.668422 
3576.024864 82.641665 
3577.953680 82.805372 
3579.882496 82.916678 
3581.811312 82.844932 
3583.740128 82.542578 
3585.668944 81.822761 
3587.597760 81.549405 
3589.526576 82.540573 
3591.455392 82.775767 
3593.384208 82.158153 
3595.313024 81.727258 
3597.241840 82.041701 
3599.170656 82.434204 
3601.099472 82.670970 
3603.028288 82.931368 
3604.957104 82.816904 
3606.885920 82.177960 
3608.814736 81.998605 
3610.743552 82.091292 
3612.672368 81.583078 
3614.601184 81.454882 
3616.530000 81.540062 
3618.458816 81.631729 
3620.387632 82.511575 
3622.316448 83.034718 
3624.245264 82.906937 
3626.174080 82.071628 
3628.102896 80.468548 
3630.031712 81.048899 
3631.960528 82.096033 
3633.889344 82.342641 
3635.818160 82.586664 
3637.746976 82.747314 
3639.675792 82.932167 
3641.604608 82.851565 
3643.533424 82.542443 
3645.462240 81.819961 
3647.391056 80.201606 
3649.319872 79.480524 
3651.248688 81.107373 
3653.177504 82.112267 
3655.106320 81.813656 
3657.035136 82.015080 
3658.963952 82.782522 
3660.892768 83.232850 
3662.821584 83.406768 
3664.750400 83.405621 
3666.679216 83.122950 
3668.608032 82.115073 
3670.536848 81.707595 
3672.465664 82.192953 
3674.394480 81.008915 
3676.323296 80.692979 
3678.252112 82.078349 
3680.180928 83.014782 
3682.109744 83.492816 
3684.038560 83.326861 
3685.967376 82.698215 
3687.896192 81.483397 
3689.825008 81.247357 
3691.753824 82.621926 
3693.682640 83.521385 
3695.611456 83.581463 
3697.540272 83.410011 
3699.469088 83.158857 
3701.397904 83.006397 
3703.326720 83.400970 
3705.255536 83.407500 
3707.184352 82.967253 
3709.113168 82.157892 
3711.041984 81.558567 
3712.970800 82.550930 
3714.899616 83.279252 
3716.828432 83.329851 
3718.757248 83.006709 
3720.686064 82.696459 
3722.614880 82.621838 
3724.543696 82.748739 
3726.472512 83.070492 
3728.401328 83.506825 
3730.330144 83.161951 
3732.258960 82.019676 
3734.187776 80.918846 
3736.116592 81.245729 
3738.045408 82.264190 
3739.974224 82.663235 
3741.903040 82.510638 
3743.831856 81.635334 
3745.760672 81.419194 
3747.689488 81.357818 
3749.618304 80.531684 
3751.547120 80.664281 
3753.475936 81.897507 
3755.404752 82.464185 
3757.333568 82.375142 
3759.262384 82.345305 
3761.191200 82.887072 
3763.120016 82.914766 
3765.048832 82.396127 
3766.977648 82.386380 
3768.906464 82.395596 
3770.835280 82.900184 
3772.764096 83.467056 
3774.692912 83.556732 
3776.621728 83.368430 
3778.550544 82.779621 
3780.479360 82.641896 
3782.408176 82.780873 
3784.336992 82.623292 
3786.265808 82.999862 
3788.194624 83.496835 
3790.123440 83.724767 
3792.052256 83.757113 
3793.981072 83.453084 
3795.909888 82.809220 
3797.838704 82.430862 
3799.767520 81.717789 
3801.696336 81.105156 
3803.625152 82.250705 
3805.553968 82.540719 
3807.482784 82.822714 
3809.411600 83.394804 
3811.340416 83.590459 
3813.269232 83.277242 
3815.198048 82.286250 
3817.126864 81.908041 
3819.055680 81.620766 
3820.984496 81.394016 
3822.913312 82.781352 
3824.842128 83.097914 
3826.770944 82.912294 
3828.699760 82.885315 
3830.628576 82.630927 
3832.557392 82.318652 
3834.486208 82.133642 
3836.415024 81.480415 
3838.343840 81.016347 
3840.272656 81.607723 
3842.201472 82.473622 
3844.130288 82.861034 
3846.059104 82.979195 
3847.987920 82.706966 
3849.916736 81.941931 
3851.845552 80.366708 
3853.774368 80.414254 
3855.703184 82.083896 
3857.632000 82.592025 
3859.560816 82.848382 
3861.489632 82.402276 
3863.418448 81.617238 
3865.347264 81.654065 
3867.276080 81.827886 
3869.204896 81.092017 
3871.133712 81.609343 
3873.062528 82.295316 
3874.991344 82.881243 
3876.920160 83.186378 
3878.848976 82.449438 
3880.777792 81.678381 
3882.706608 81.773657 
3884.635424 81.601356 
3886.564240 82.261292 
3888.493056 82.916799 
3890.421872 82.515739 
3892.350688 82.367267 
3894.279504 82.707797 
3896.208320 82.674442 
3898.137136 81.940668 
3900.065952 81.198312 
3901.994768 80.938241 
3903.923584 81.105067 
3905.852400 82.127176 
3907.781216 82.917241 
3909.710032 83.087589 
3911.638848 82.996130 
3913.567664 82.863635 
3915.496480 82.469402 
3917.425296 82.256758 
3919.354112 82.525751 
3921.282928 82.678179 
3923.211744 82.474691 
3925.140560 82.393839 
3927.069376 82.699558 
3928.998192 82.363588 
3930.927008 81.898226 
3932.855824 82.086435 
3934.784640 82.756883 
3936.713456 83.051198 
3938.642272 83.115343 
3940.571088 82.959586 
3942.499904 82.621368 
3944.428720 82.715315 
3946.357536 82.667977 
3948.286352 82.382408 
3950.215168 82.613909 
3952.143984 82.951251 
3954.072800 83.084954 
3956.001616 83.060121 
3957.930432 83.025143 
3959.859248 82.951385 
3961.788064 82.854910 
3963.716880 83.011695 
3965.645696 83.262416 
3967.574512 83.261083 
3969.503328 83.189152 
3971.432144 83.160363 
3973.360960 83.041268 
3975.289776 82.981370 
3977.218592 83.104832 
3979.147408 83.169445 
3981.076224 83.171812 
3983.005040 83.237097 
3984.933856 83.252508 
3986.862672 83.219855 
3988.791488 83.151190 
3990.720304 83.040073 
3992.649120 83.080525 
3994.577936 83.094685 
3996.506752 83.134521 
3998.435568 83.193535 
4000.364384 83.142299 